"1",12,3,0,2,18,1,22,21,5,5,0,21,23,4,4,0,4,1,17,16,7,20,16,17,0,0,12,7,50,2,0,4,1,14,18,1,21,29,4,7,5,6,6,14,12,6,3,4,36,0,22,1,3,16,2,3,1,29,4,9,0,13,6,1,5,7,23,24,25,27,1,39,1,1,3,2,1,9,5,21,4,4,8,0,5,19,2,4,3,7,2,21,9,6,35,0,6,3,15,16,6,9,5,0,3,23,1,0,9,1,1,26,13,6,1,0,2,11,4,0,2,4,10,2,2,14,3,10,3,3,0,0,1,7,0,8,3,16,0,14,0,3,3,3,2,1,23,6,4,8,4,3,0,23,7,20,2,4,3,4,10,0,5,3,1,3,2,6,4,7,1,3,3,0,2,27,15,0,15,0,1,2,2,3,19,63,1,3,20,8,5,2,3,5,7,21,1,1,20,6,1,6,2,0,5,5,0,8,17,13,31,17,3,1,31,1,1,5,7,0,8,4,0,23,16,0,18,3,1,14,16,3,3,1,1,3,19,10,0,3,3,0,3,7,24,2,0,19,17,6,3,11,9,8,5,1,30,9,2,11,2,0,21,5,13,0,7,2,5,0,31,30,24,29,11,1,13,1,5,6,3,3,8,6,29,11,32,0,6,6,0,4,2,12,16,18,2,6,2,1,3,24,12,0,1,0,17,14,1,14,24,1,1,2,5,9,9,12,12
"1",15,8,0,4,29,3,20,16,4,1,0,21,19,6,10,6,6,0,15,31,5,24,7,10,2,0,7,5,73,4,2,9,1,4,9,3,26,24,3,15,3,5,0,14,8,10,0,8,25,2,20,0,0,10,2,2,2,33,9,9,0,17,2,0,4,7,19,37,16,26,3,31,1,3,2,0,2,14,9,15,3,7,11,0,6,13,1,2,4,3,1,11,15,6,40,0,4,6,14,8,8,5,4,0,1,29,2,0,9,1,0,23,23,5,2,3,4,10,5,0,2,3,11,1,0,12,0,7,3,3,1,0,3,10,0,8,1,24,2,19,2,1,3,5,2,2,24,2,7,16,17,3,1,31,7,32,2,7,1,6,14,1,9,18,0,6,4,6,6,2,0,8,0,6,1,29,18,4,27,1,0,1,1,1,34,59,3,7,11,10,4,3,8,6,14,16,1,5,23,5,2,2,2,2,10,3,0,1,23,12,34,14,0,4,49,0,3,5,5,4,8,3,0,19,22,2,20,1,0,13,17,3,2,1,4,14,12,9,3,7,1,2,3,11,21,3,0,12,11,3,4,3,9,7,5,0,40,12,7,3,7,1,31,14,12,2,8,1,3,0,33,23,17,25,8,0,28,8,6,3,3,2,9,6,36,11,43,3,2,8,1,8,2,14,15,20,4,3,9,1,1,22,13,5,0,0,17,23,0,21,13,0,2,0,4,8,3,6,15
"1",12,5,0,3,21,1,14,10,12,1,0,20,18,5,5,4,4,0,18,20,1,27,12,8,1,1,5,10,34,1,5,8,4,7,28,1,23,18,4,12,1,9,2,30,11,10,2,2,23,0,21,0,3,4,6,3,0,22,2,18,0,15,3,1,1,4,13,29,39,28,1,34,0,3,10,0,2,8,8,11,4,5,5,1,4,17,1,6,5,7,2,10,26,8,41,0,6,1,19,20,5,8,8,1,2,19,4,0,10,3,1,29,18,11,0,2,0,7,6,2,0,5,12,0,0,19,7,5,11,8,1,1,6,9,1,14,1,15,2,23,5,5,6,12,2,2,24,5,12,18,12,3,4,21,8,34,15,10,1,6,4,0,8,14,2,4,3,5,8,9,0,6,0,4,0,22,15,4,20,0,2,0,1,1,25,65,2,9,15,11,6,8,2,2,9,12,0,1,14,7,2,4,7,0,7,2,1,5,24,4,27,22,5,3,44,3,2,5,2,1,11,4,0,22,18,0,17,2,1,4,19,6,6,0,2,13,7,12,0,8,4,1,3,8,18,7,1,10,9,2,5,8,5,7,2,2,29,11,1,11,2,0,50,4,18,3,7,1,9,0,32,35,24,22,11,2,13,6,10,2,5,2,3,5,14,19,25,2,5,4,0,8,4,5,12,23,3,4,5,4,0,20,13,0,0,4,12,11,2,17,15,3,0,2,18,2,4,13,19
"1",12,3,5,2,22,0,24,23,6,2,1,27,19,6,6,2,8,0,9,21,7,29,17,15,1,2,9,13,45,7,2,7,2,9,28,0,19,35,8,14,1,10,3,14,10,10,1,4,32,1,20,0,2,7,1,3,2,25,3,7,4,18,5,0,1,1,24,31,18,26,0,28,0,2,10,1,2,15,4,22,1,3,13,0,11,20,0,3,2,9,3,12,17,3,30,1,9,3,13,13,10,5,8,1,1,29,1,0,15,6,0,25,18,7,1,2,1,8,4,0,1,1,6,0,2,16,9,8,6,5,2,1,2,10,2,5,3,23,2,26,2,0,7,6,2,0,28,6,7,12,12,1,6,18,8,34,6,4,0,3,10,1,8,19,4,9,3,7,4,4,0,5,0,8,1,18,23,3,19,0,1,0,0,2,28,57,2,6,14,9,7,6,4,6,16,10,1,1,21,4,5,1,9,1,11,2,2,4,18,9,34,18,4,1,44,3,4,6,4,2,7,3,1,21,24,2,13,0,1,7,27,3,3,4,2,14,14,5,1,2,1,3,3,9,30,10,2,16,11,5,6,6,4,3,7,2,27,12,3,11,3,5,44,7,14,0,8,2,7,0,30,30,19,16,14,1,33,5,6,1,3,3,8,8,29,13,29,4,1,5,3,5,3,8,17,21,1,4,9,3,4,22,18,2,3,4,18,18,3,16,15,2,0,2,3,10,12,8,17
"1",12,1,2,9,18,2,17,15,8,2,0,23,16,3,16,3,4,0,9,16,2,22,14,19,2,1,6,4,50,4,0,5,3,4,24,0,16,25,3,9,0,2,4,18,14,5,2,10,40,0,16,0,1,5,0,3,4,23,2,6,0,17,7,0,5,8,18,28,17,23,0,23,0,3,6,1,0,12,7,30,5,4,5,0,12,19,4,5,4,7,1,7,19,13,47,0,7,2,14,7,12,7,7,1,4,27,1,1,9,0,1,29,26,3,0,5,0,4,4,0,4,3,12,2,8,21,9,8,11,5,2,0,1,16,0,20,0,18,1,15,0,7,7,7,3,1,32,10,12,7,7,1,0,33,5,26,4,5,1,7,7,0,4,3,1,2,7,11,2,8,0,11,0,5,0,44,13,2,14,2,1,0,2,0,16,49,4,12,13,11,6,3,4,2,14,14,0,1,17,3,1,2,3,0,10,1,0,3,16,8,33,12,1,4,30,2,4,7,1,2,10,3,0,13,15,3,20,1,3,8,14,2,7,2,0,10,16,8,3,6,1,2,2,13,20,3,0,19,12,8,3,8,3,5,4,0,17,5,0,8,2,1,41,3,13,1,4,1,11,1,29,16,19,16,14,2,13,7,11,2,2,12,13,14,27,18,29,0,3,8,0,7,3,8,10,23,3,3,1,1,2,19,14,2,3,0,14,13,2,24,12,0,0,0,6,6,15,10,14
"1",16,2,0,6,21,0,18,14,7,4,0,23,20,12,22,1,5,0,15,23,2,30,24,17,0,0,9,7,62,3,2,4,2,7,16,1,17,35,4,13,2,2,4,21,19,1,2,15,33,0,29,2,2,5,1,4,3,24,3,9,1,16,5,3,0,3,27,27,25,27,1,28,0,2,5,2,2,11,6,7,7,4,10,4,12,17,1,4,1,9,2,18,8,9,46,1,7,2,20,17,9,6,10,2,2,26,0,2,10,0,0,27,21,10,0,1,0,4,0,1,1,2,9,0,1,14,4,8,11,5,0,1,3,6,1,10,1,21,0,31,0,4,1,9,2,0,20,7,8,10,11,1,4,28,24,19,1,4,0,2,9,1,5,13,2,4,1,9,2,2,0,4,1,1,0,23,20,2,26,0,0,0,3,1,25,64,3,2,16,11,3,1,8,3,14,15,1,0,23,5,1,5,4,1,17,0,1,4,22,17,31,11,1,1,37,0,2,0,3,3,5,5,0,19,21,2,16,0,1,16,19,4,5,0,2,13,12,3,2,7,1,3,7,13,23,2,1,13,11,8,4,8,2,5,5,4,21,9,0,6,2,2,28,5,24,2,6,1,10,2,37,30,20,19,5,0,16,5,4,3,10,12,3,3,28,22,40,1,4,4,1,2,0,8,12,25,4,1,4,4,0,29,20,2,0,3,13,19,2,16,19,0,1,1,9,5,13,2,11
"1",25,3,2,8,22,0,21,17,3,4,1,24,23,3,16,4,6,2,12,26,7,29,14,24,1,1,14,7,33,2,2,2,2,5,20,1,23,26,1,17,0,3,2,20,11,4,3,9,24,0,19,1,2,5,6,2,0,22,3,9,1,10,3,5,2,4,13,31,16,29,2,24,0,3,7,1,2,10,11,23,11,7,4,2,8,16,3,5,5,8,1,6,12,6,25,0,10,0,12,13,10,6,5,2,5,19,2,0,15,0,0,36,19,5,0,1,2,6,6,2,1,7,6,2,1,13,3,9,7,7,5,4,3,9,1,10,1,42,0,32,0,4,4,13,2,1,24,6,12,7,12,5,3,36,2,11,4,3,0,3,4,1,5,9,3,3,2,12,4,5,1,7,4,5,0,27,20,5,14,1,1,0,4,3,24,45,2,6,16,8,5,5,4,3,22,13,1,2,19,7,1,6,6,1,9,2,0,6,21,7,22,15,5,2,40,1,10,6,1,7,9,0,0,21,35,1,25,0,2,13,23,9,3,0,3,9,11,7,0,2,0,1,7,5,26,3,0,15,12,14,0,17,1,1,13,2,23,11,0,7,4,1,35,5,17,2,1,3,13,1,23,28,21,26,16,1,20,1,7,3,7,13,3,8,20,20,30,5,3,6,4,2,2,10,14,23,2,5,6,4,0,14,32,2,0,2,16,17,3,12,14,1,2,6,4,2,6,10,17
"1",13,1,2,1,13,0,13,8,10,0,1,17,25,4,21,4,2,0,17,17,5,35,12,8,1,1,7,7,50,5,1,3,4,8,18,1,27,26,4,13,2,4,0,22,6,5,1,6,26,0,24,1,1,6,5,5,0,28,3,10,0,12,2,1,1,0,23,26,25,18,1,31,3,3,8,1,3,11,11,19,4,4,14,0,10,12,3,2,1,6,3,18,14,10,37,1,8,5,11,12,15,4,7,3,3,40,3,0,14,1,1,33,25,7,4,1,1,9,7,1,0,5,7,1,3,18,8,4,3,8,1,2,4,14,1,15,4,28,1,18,3,4,2,15,3,1,20,7,14,20,8,1,0,31,3,32,1,9,1,4,5,1,9,6,2,3,2,2,1,5,0,5,2,3,0,23,14,4,22,2,1,3,1,2,22,62,2,4,19,10,9,1,4,2,15,16,1,0,20,7,2,3,4,1,12,2,0,5,15,10,27,16,1,1,36,0,1,6,3,2,13,3,0,18,20,0,15,1,1,7,12,6,4,1,1,7,9,13,1,1,2,2,8,6,20,4,3,8,11,9,4,6,2,3,3,0,18,8,2,8,1,0,34,12,12,3,7,0,4,0,31,43,19,26,10,1,11,3,7,1,5,7,5,6,21,13,32,1,0,9,6,8,1,10,16,28,2,3,5,4,3,27,14,0,1,0,9,10,0,18,15,2,1,2,6,14,15,9,14
"1",14,1,1,1,16,1,14,23,8,2,2,29,17,1,15,5,3,1,12,28,3,25,14,16,1,0,13,6,55,4,1,5,3,5,22,0,18,23,2,8,3,12,2,29,17,9,1,4,23,1,14,1,4,5,3,1,3,15,2,13,1,10,3,1,1,4,19,21,26,17,2,48,1,2,7,1,2,14,8,15,8,12,7,0,7,29,2,2,2,7,1,18,15,10,46,1,9,2,12,10,14,6,9,0,0,25,3,1,10,1,1,31,22,6,0,5,2,9,2,0,0,5,5,2,1,15,8,11,8,3,2,1,5,6,0,14,2,18,0,21,0,0,2,12,5,1,21,4,12,9,4,0,1,12,10,21,6,3,2,6,13,0,6,10,1,4,4,6,2,7,0,10,1,2,1,14,21,5,26,2,1,1,3,2,21,63,4,2,16,11,3,4,5,4,19,21,3,1,13,0,1,2,3,0,14,2,0,4,19,5,36,12,1,2,35,0,1,1,8,2,7,1,0,14,16,2,24,4,4,13,22,6,1,2,3,15,10,12,1,2,1,1,1,7,17,4,0,15,17,8,0,10,9,5,3,1,25,4,3,3,3,3,45,6,12,2,4,3,7,0,27,27,24,20,15,2,23,5,7,5,8,6,2,5,27,22,26,0,3,5,4,4,1,10,18,18,7,6,6,4,4,25,9,3,1,1,15,18,2,29,20,3,0,0,10,7,11,12,18
"1",13,3,2,4,16,0,17,8,9,3,1,17,13,3,8,3,3,0,13,30,4,28,12,9,0,1,6,7,47,3,0,1,3,5,16,0,21,26,3,13,1,1,3,26,19,11,0,9,16,1,14,5,1,3,5,3,5,23,7,5,3,11,2,0,3,4,10,36,10,26,3,34,2,3,8,0,2,3,4,16,9,1,4,1,9,14,0,3,3,3,0,19,12,17,40,0,11,8,15,13,7,6,6,1,3,29,10,0,19,2,1,33,19,5,1,3,0,5,2,1,0,7,14,2,0,15,8,2,5,6,3,1,3,5,2,12,4,19,0,31,2,2,1,7,3,0,13,5,8,10,5,3,2,27,11,34,2,6,2,2,10,0,5,21,1,3,1,11,1,9,0,2,1,2,0,34,26,1,23,2,0,0,7,6,32,69,4,9,19,15,8,1,7,0,13,13,1,3,15,0,1,4,9,0,8,1,0,6,23,9,31,13,1,1,46,0,2,5,3,4,9,2,1,11,13,2,18,2,5,8,28,7,5,1,1,19,10,9,0,3,1,0,3,5,21,14,0,17,16,9,3,10,2,1,7,4,11,15,2,8,1,1,42,8,11,2,9,1,10,1,30,43,12,20,6,3,20,9,6,0,1,6,7,8,26,12,39,0,1,13,4,6,1,4,16,24,4,5,4,3,2,22,12,1,2,1,12,9,1,13,14,2,1,1,8,10,6,9,21
"1",12,3,1,11,21,1,13,15,7,3,2,20,15,4,22,0,7,2,9,33,1,27,16,19,3,1,9,4,38,1,3,2,1,6,34,4,28,36,4,10,3,6,1,22,9,6,0,6,13,0,25,0,1,4,1,3,0,14,3,9,3,8,2,1,0,3,9,20,16,32,2,25,4,5,6,1,7,13,13,24,3,6,17,1,11,22,3,2,2,8,2,15,9,9,35,2,11,6,21,12,5,9,13,2,2,29,1,1,13,4,0,29,20,5,3,3,1,5,2,0,0,1,16,0,1,12,11,11,9,3,1,5,3,12,2,8,1,20,2,23,0,2,2,5,3,1,16,4,6,17,14,2,1,29,7,18,7,3,2,3,10,0,13,10,3,3,2,15,5,4,0,9,1,6,2,23,23,4,23,2,0,0,1,1,22,79,1,2,16,9,4,1,14,5,14,16,2,2,14,3,2,4,4,1,9,4,0,2,13,7,22,15,3,5,47,1,5,12,1,5,14,4,1,16,24,0,18,1,4,4,14,8,0,2,4,5,11,8,1,4,2,0,3,6,28,3,1,17,13,1,5,12,6,6,7,1,26,10,2,5,2,0,34,2,16,5,11,10,6,1,36,38,21,35,11,0,10,2,12,2,8,10,5,13,20,21,48,3,4,10,2,3,1,4,15,33,4,6,4,2,0,19,8,2,3,1,16,20,0,17,14,0,1,4,28,12,7,13,20
"1",11,4,1,6,22,0,20,14,4,8,2,36,18,8,15,4,7,0,7,27,5,22,20,15,2,1,5,8,52,3,0,9,4,5,35,1,27,24,6,7,3,1,2,17,21,11,1,8,23,1,18,0,3,7,3,3,4,29,7,6,1,9,2,2,0,2,9,12,24,29,1,31,1,4,0,1,2,9,10,32,6,7,15,2,7,7,2,5,1,8,4,21,12,12,37,1,5,6,12,19,11,8,12,3,1,31,2,0,13,0,0,33,20,12,2,3,1,3,3,2,1,4,5,0,4,18,8,5,5,4,1,0,1,10,1,21,0,16,0,28,1,5,4,8,3,0,22,2,8,7,5,3,1,29,6,32,6,3,1,4,10,2,7,9,1,4,5,3,1,4,0,10,2,4,0,25,39,1,25,2,2,0,2,1,20,57,6,1,9,12,5,2,5,8,19,19,1,0,15,3,1,3,3,0,11,3,0,2,21,4,41,17,2,3,38,2,5,9,2,5,2,4,0,14,11,2,16,3,6,5,21,0,3,1,2,17,22,10,0,3,2,3,5,10,15,7,1,11,10,5,3,6,5,2,7,2,33,9,2,4,1,0,33,6,33,0,6,3,6,1,42,38,24,16,5,3,18,2,7,2,10,15,9,8,15,15,40,0,2,8,4,6,0,5,12,27,1,3,7,4,3,20,13,2,1,2,9,15,3,28,13,3,0,3,6,6,10,7,11
"1",23,3,2,9,19,2,10,13,8,1,0,21,22,3,10,0,4,0,10,22,4,33,18,13,1,1,9,9,49,5,1,6,2,5,16,1,21,28,5,9,2,3,2,20,15,5,0,5,21,3,21,0,4,11,1,1,0,18,3,6,1,11,6,4,1,3,13,32,21,21,1,35,1,3,2,0,1,11,10,23,4,9,19,4,11,19,4,1,0,13,2,16,7,8,45,2,6,6,8,8,14,3,17,1,2,18,0,2,14,1,0,22,23,7,0,1,0,2,2,0,0,4,13,1,3,19,5,9,10,4,4,1,1,3,1,13,1,15,1,19,0,1,4,12,1,1,16,6,21,7,10,2,4,30,5,26,1,5,1,7,6,0,13,9,2,6,0,12,2,10,0,9,1,3,1,39,20,6,18,1,0,0,2,1,29,71,3,4,12,5,11,0,6,2,14,13,2,2,28,12,1,2,3,0,4,2,2,6,16,3,26,8,8,0,41,7,3,10,3,3,12,2,4,21,28,2,17,1,7,13,29,3,5,3,0,16,25,7,0,5,2,0,2,6,13,10,0,22,8,3,4,8,11,6,7,0,19,11,0,12,2,2,31,5,24,4,12,3,16,0,31,42,22,15,5,3,32,9,9,2,5,7,6,8,32,10,41,1,4,3,4,5,1,10,17,19,3,7,4,10,2,25,6,1,1,0,11,18,1,17,19,1,0,4,3,8,20,7,22
"1",15,5,2,4,22,2,12,19,5,1,4,25,19,1,19,0,8,1,9,13,0,27,13,17,1,0,10,14,56,6,3,8,2,11,21,3,29,19,3,19,2,6,3,20,13,7,0,3,31,0,28,4,1,5,3,3,1,32,5,12,0,19,3,3,1,5,19,32,17,26,1,37,1,0,11,0,4,12,6,16,5,8,8,1,6,19,4,2,3,7,3,14,13,3,50,2,6,1,18,23,15,7,9,4,1,30,4,1,15,3,0,39,26,5,1,0,2,1,3,0,2,5,8,0,1,14,4,12,10,3,1,1,3,7,0,3,1,17,1,19,0,4,8,10,1,2,26,5,8,13,3,3,1,19,8,30,3,4,5,5,7,1,2,13,2,6,4,13,2,6,1,5,2,4,0,32,20,7,14,0,1,0,1,3,23,52,3,2,14,8,8,4,8,2,13,20,0,3,20,2,0,3,1,3,10,2,0,1,28,6,31,13,0,6,41,2,1,2,4,1,11,1,1,27,24,1,8,1,3,11,32,1,6,1,0,13,21,12,0,3,2,1,7,12,15,8,0,18,12,5,2,3,4,8,10,0,21,7,0,12,5,1,39,7,23,4,8,3,14,0,21,36,27,15,9,0,24,11,9,0,5,10,7,6,28,16,23,6,3,8,2,5,0,6,17,19,2,4,4,5,4,32,15,4,1,2,13,23,0,16,16,1,0,9,4,8,10,7,15
"1",11,0,2,1,25,0,17,10,6,3,1,11,14,5,11,2,6,0,7,32,2,33,17,19,2,5,7,8,57,1,0,7,1,9,29,2,20,30,0,22,6,10,1,13,21,7,0,7,35,1,30,1,2,6,2,1,1,26,2,5,2,21,6,0,1,1,14,27,20,17,1,32,2,5,14,0,3,16,7,24,5,6,18,0,7,32,2,7,2,7,0,15,10,6,38,0,6,2,19,18,10,2,3,2,1,19,1,0,13,0,0,21,18,8,0,3,5,3,3,1,0,3,14,0,1,16,4,9,8,5,1,0,2,10,0,17,2,22,1,26,1,2,3,16,1,1,19,7,8,17,6,2,1,19,9,24,1,2,4,4,7,0,3,13,1,8,1,7,3,9,0,11,1,2,0,31,17,4,12,1,1,0,3,3,29,58,6,2,15,5,5,3,6,8,18,14,0,1,18,5,2,2,10,2,15,0,1,1,19,4,28,12,3,1,21,1,5,7,2,1,5,2,0,23,23,1,16,3,6,13,11,3,5,2,3,26,21,4,1,5,1,4,0,7,29,4,0,14,17,2,4,6,7,2,5,1,31,6,0,6,1,0,29,5,15,5,11,2,7,0,19,24,19,20,15,3,14,3,7,1,5,14,10,5,29,24,31,1,5,3,3,3,2,8,17,14,4,9,2,5,3,33,19,2,0,3,14,8,1,23,22,1,2,3,17,15,9,9,13
"1",12,1,0,5,22,0,18,18,5,1,1,25,19,5,17,6,5,0,8,21,3,37,19,12,1,1,15,7,47,2,1,4,1,5,28,5,18,23,1,13,1,8,2,18,10,9,1,11,32,1,33,2,3,6,2,1,0,19,4,9,1,15,5,3,1,3,12,18,28,25,2,19,2,3,10,1,6,15,10,13,6,8,11,0,9,22,7,9,2,11,1,19,14,16,50,1,5,3,16,18,11,2,9,1,1,24,1,0,14,1,1,49,22,8,1,6,2,5,3,3,2,2,12,1,0,24,8,4,5,6,1,1,2,6,0,15,1,21,0,34,3,3,6,17,4,1,22,3,12,13,11,0,0,31,7,18,7,7,2,3,16,1,5,15,5,0,3,12,3,3,1,8,0,9,0,24,18,1,23,0,2,0,2,0,30,66,4,2,13,5,8,2,3,1,12,26,1,2,17,2,2,3,3,0,10,2,0,4,19,3,36,10,3,2,34,1,2,8,7,4,13,7,0,25,16,6,22,4,5,10,20,5,2,0,2,7,21,7,2,4,0,0,5,6,28,3,0,23,16,2,4,10,4,1,5,0,25,9,3,8,6,1,35,6,16,3,7,0,4,0,36,36,21,20,10,4,12,2,8,2,12,6,7,7,14,15,26,2,5,4,0,7,0,11,16,15,2,4,0,9,5,27,9,1,3,4,18,11,0,19,16,1,0,1,8,11,4,10,14
"1",17,5,1,5,23,0,32,12,9,5,1,11,21,5,12,0,4,1,15,29,5,33,17,14,1,1,13,3,60,3,3,8,4,12,14,1,28,35,1,13,2,6,3,16,13,15,3,7,26,0,15,3,3,3,5,4,0,23,2,11,1,12,2,0,2,6,15,41,34,22,1,24,7,3,11,0,1,15,11,15,7,12,10,0,10,31,2,2,4,5,3,9,10,6,48,1,13,6,14,15,8,2,2,2,2,32,1,0,8,1,0,22,16,7,2,4,2,3,1,1,1,1,13,0,4,19,5,6,5,3,1,3,3,8,0,7,1,24,1,35,0,1,3,6,1,2,13,7,19,2,10,2,0,32,10,29,4,8,1,6,19,0,7,10,1,3,3,5,1,9,0,3,2,2,4,24,18,1,26,2,2,0,3,6,25,87,1,3,12,12,6,2,2,5,17,14,0,3,22,6,4,6,9,0,18,2,1,5,27,8,25,16,0,3,46,0,6,6,5,2,5,7,0,22,17,1,27,0,4,10,30,3,2,2,1,10,14,13,1,2,0,1,6,3,20,9,0,20,6,5,2,9,6,6,6,0,27,7,0,5,3,0,27,4,22,3,10,2,7,0,32,30,22,22,6,0,9,5,9,2,4,9,5,11,31,26,37,2,0,6,1,3,2,7,16,28,8,10,8,5,5,20,5,1,1,1,16,13,0,19,11,2,0,0,7,5,5,8,11
"1",15,3,1,3,14,0,17,16,5,6,1,23,16,1,7,1,7,1,12,22,2,27,11,16,1,0,10,5,61,5,0,5,9,10,20,2,23,41,3,13,5,6,2,24,14,9,1,6,17,0,24,3,4,5,0,0,1,25,3,8,0,12,4,5,1,2,13,35,37,14,0,33,7,0,8,1,5,14,10,18,5,13,10,1,8,11,2,3,1,8,1,11,14,8,40,2,6,1,21,14,17,5,2,2,0,20,6,0,14,0,1,28,12,7,3,3,0,3,1,2,2,5,8,0,1,15,6,9,15,5,1,1,2,6,0,4,0,18,1,15,1,2,5,10,0,0,31,4,10,16,6,4,0,23,4,12,4,10,1,3,12,0,3,10,3,0,4,13,0,4,0,4,5,1,0,23,18,2,31,1,1,0,3,3,28,49,1,4,7,8,5,4,6,4,14,12,0,0,20,6,2,2,7,0,14,2,0,5,20,7,33,13,1,3,36,2,7,3,0,2,10,5,1,17,18,1,9,0,5,9,16,4,3,1,1,6,17,7,2,3,1,1,1,8,21,1,3,9,8,8,5,6,6,5,8,1,19,13,2,11,0,2,27,4,20,2,4,2,6,0,34,37,13,10,15,2,13,4,8,2,14,3,5,10,12,21,29,1,2,4,2,1,4,8,21,34,2,8,5,6,2,24,15,2,0,1,9,18,0,15,18,1,0,2,12,13,3,5,12
"1",19,2,2,1,17,2,13,16,2,5,0,33,15,6,4,1,4,1,9,22,3,28,18,16,1,1,6,5,49,5,0,5,1,10,24,2,15,28,2,17,2,5,4,33,20,5,1,11,19,3,22,2,4,1,3,2,1,28,2,5,0,16,7,0,1,3,15,34,23,28,1,27,2,3,3,3,5,18,9,22,11,4,7,0,4,26,1,1,1,9,3,20,11,12,48,1,9,1,18,11,16,3,7,0,2,23,1,0,22,0,1,38,19,6,6,1,0,9,2,1,2,4,9,0,4,12,4,7,9,3,2,1,3,7,0,10,2,18,2,28,7,0,6,16,1,0,19,5,11,10,7,3,2,15,7,13,2,0,0,3,17,1,5,5,0,3,5,8,1,1,0,5,1,4,1,29,12,2,20,0,0,0,3,2,27,59,2,7,9,9,3,7,9,5,21,14,1,1,20,13,0,3,2,0,4,2,0,9,24,15,27,13,0,3,37,0,7,7,2,4,15,4,0,17,21,4,14,1,6,7,29,5,4,2,1,16,12,8,0,2,1,4,1,3,19,3,0,17,8,7,9,12,5,3,4,0,25,3,1,8,4,4,31,5,21,1,9,2,8,1,20,24,20,13,13,0,16,4,4,3,6,5,2,5,27,20,39,3,3,7,4,6,0,9,19,15,1,3,2,3,3,27,13,0,3,1,12,23,2,16,14,1,0,0,7,11,13,12,16
"1",11,1,2,3,23,0,16,21,14,6,3,37,23,3,11,0,4,0,13,35,4,32,23,16,1,1,8,4,53,5,1,4,2,7,23,1,18,28,2,18,2,3,3,20,9,12,2,8,34,3,31,0,2,12,3,6,3,28,2,10,1,10,2,1,1,5,11,26,23,24,0,38,1,2,6,1,2,15,4,19,8,7,8,1,9,22,1,2,3,4,2,6,4,3,32,2,7,3,21,10,15,3,7,0,3,20,0,0,13,0,0,36,14,8,3,3,3,3,3,1,1,2,11,2,4,19,7,10,7,6,2,1,1,9,2,15,1,21,1,34,1,2,5,9,1,0,21,10,11,7,11,3,3,19,3,31,2,6,1,2,9,1,10,15,2,9,5,11,3,8,0,2,1,3,1,26,18,1,6,3,0,0,5,3,27,49,3,8,24,7,5,6,2,5,21,16,1,1,18,6,5,1,6,0,11,3,0,3,19,5,35,13,1,1,40,1,6,7,5,5,13,1,0,21,17,3,15,7,3,11,20,3,3,3,5,15,11,6,2,5,1,0,2,13,22,15,2,14,11,3,7,6,8,1,4,1,21,5,0,7,1,0,33,4,11,0,4,2,2,1,20,38,15,22,17,1,18,2,11,0,6,4,7,2,30,12,24,2,4,3,0,4,3,5,16,27,2,4,5,7,1,26,19,2,2,0,14,14,1,21,13,1,0,0,11,10,7,11,19
"1",16,4,0,8,23,2,17,18,7,2,0,24,13,2,15,3,3,0,13,21,2,25,14,12,1,4,7,6,40,4,4,8,1,4,11,1,33,28,7,18,2,4,4,23,17,5,3,6,32,2,19,0,5,10,0,1,0,19,4,7,0,8,3,1,2,7,9,28,20,19,1,32,1,4,7,1,2,16,8,13,3,7,11,2,8,22,1,7,5,5,8,10,3,6,27,1,9,3,15,13,13,3,8,0,5,25,1,0,14,1,2,26,28,13,0,3,1,4,5,1,1,2,11,1,5,10,7,4,7,6,4,1,1,11,3,15,3,28,0,19,3,4,1,8,1,0,17,11,9,17,7,2,0,22,3,26,6,9,4,2,3,0,5,8,2,3,5,6,0,3,1,13,0,2,0,24,16,2,22,0,0,0,1,3,23,60,11,6,11,10,7,2,5,4,17,12,1,2,25,7,1,2,2,0,11,1,2,3,27,5,27,11,0,2,49,4,1,2,2,4,12,3,1,12,13,1,21,1,4,11,19,1,1,2,2,14,26,6,1,3,1,2,5,13,18,5,0,11,7,4,2,10,8,8,5,1,23,10,0,2,1,1,30,3,23,0,7,4,5,1,30,46,23,14,8,2,22,3,7,2,7,10,10,4,30,13,36,1,1,6,1,2,2,10,9,20,3,6,3,3,1,15,13,2,0,1,10,12,1,20,21,1,0,1,3,1,8,9,16
"1",19,8,0,0,18,0,19,13,9,7,0,31,17,3,16,3,4,0,12,18,1,30,18,18,1,0,7,10,63,6,3,13,2,7,17,0,23,20,3,12,3,2,5,15,16,4,1,10,27,4,21,1,4,6,4,1,2,25,2,5,2,9,7,2,1,8,8,26,21,25,1,40,1,1,9,1,3,12,6,21,5,7,13,1,14,22,7,2,1,10,1,9,14,10,40,2,7,5,15,10,9,8,8,2,1,29,0,2,11,1,0,33,19,12,0,3,0,7,2,4,3,6,9,3,1,9,7,5,5,7,1,1,0,12,3,10,1,12,1,30,2,3,7,15,0,1,21,5,14,10,13,1,1,34,2,29,1,2,0,2,10,1,5,12,1,7,5,6,2,13,0,12,0,2,0,30,23,3,14,0,1,0,0,4,23,59,5,5,14,15,2,5,6,2,22,13,1,0,23,3,3,2,10,0,11,2,1,6,26,13,25,10,1,4,36,2,7,3,5,6,6,6,1,23,27,3,12,5,7,10,24,2,4,0,2,18,19,5,0,1,1,1,5,13,22,3,0,17,14,14,0,4,2,7,4,2,37,11,1,6,3,0,32,7,17,6,13,7,10,1,25,38,16,16,16,0,18,4,6,2,10,9,3,7,28,13,40,5,1,7,2,6,0,7,14,13,6,6,7,4,2,31,16,1,1,3,12,21,5,16,11,4,0,0,6,4,6,5,8
"1",19,4,0,2,23,1,23,20,8,3,1,29,30,3,17,1,1,0,13,28,1,20,17,20,2,0,8,4,46,2,1,6,5,11,24,2,25,23,3,10,5,3,5,21,13,4,1,10,21,3,23,2,5,4,3,2,0,23,6,9,1,14,4,2,2,3,23,31,15,22,3,33,2,2,2,2,1,10,18,19,2,6,9,0,13,19,1,6,2,6,1,13,10,7,43,0,8,1,20,14,14,3,5,1,1,24,1,0,16,0,0,24,13,2,0,3,2,0,2,0,0,1,12,2,3,16,5,5,8,2,4,1,4,18,0,15,1,16,1,30,1,4,2,11,3,1,23,9,7,18,9,1,0,22,6,28,1,5,1,4,12,1,6,16,0,4,4,14,7,11,1,4,1,1,1,20,19,4,36,1,3,1,4,1,38,64,7,3,22,5,5,2,5,5,16,13,0,0,24,3,6,3,5,0,17,1,1,4,31,6,32,7,3,3,47,2,2,8,2,1,7,3,0,23,22,1,17,2,6,9,19,6,3,9,4,7,19,6,0,5,3,2,9,5,20,3,2,22,14,3,3,12,10,5,6,0,17,18,0,6,2,1,34,3,11,2,14,4,7,0,40,35,17,11,16,3,22,4,16,1,1,7,8,5,38,15,41,3,6,2,1,5,1,6,20,28,5,4,4,7,3,20,10,1,1,1,14,20,0,27,12,2,1,2,14,6,3,4,11
"1",23,5,2,3,32,1,12,15,19,3,4,28,18,3,15,4,2,0,18,23,2,26,22,14,1,1,11,0,39,4,0,3,2,13,12,1,23,30,3,8,1,7,0,30,15,5,3,9,24,2,14,1,1,7,0,2,2,24,5,7,1,9,3,1,0,3,21,26,14,18,2,24,1,2,2,0,1,11,6,20,4,7,12,0,9,19,1,2,1,15,1,11,9,7,40,0,12,5,13,5,20,7,7,1,0,30,2,0,8,1,2,35,14,11,1,3,0,5,1,2,1,2,11,2,0,13,4,4,8,4,5,1,6,11,0,12,1,29,0,35,0,4,12,16,1,1,21,4,13,14,6,4,0,18,8,23,5,4,3,4,11,4,10,15,3,2,2,10,8,7,1,3,2,2,2,18,23,0,19,1,0,0,0,3,22,62,6,5,8,12,6,0,5,2,12,9,1,3,23,3,2,2,5,1,6,2,2,7,12,3,19,10,1,2,35,0,7,7,1,3,6,4,0,17,24,0,20,0,8,3,14,3,4,1,5,14,9,9,0,1,1,2,3,4,30,7,0,16,9,2,2,5,2,5,5,1,14,14,1,6,1,0,35,4,6,6,2,6,17,0,28,31,16,13,9,1,13,3,6,0,9,3,12,12,25,19,34,4,1,7,3,7,3,10,12,20,3,6,3,2,3,27,9,5,0,1,15,19,2,20,11,2,0,3,10,9,10,14,21
"1",18,4,1,3,18,1,14,13,9,6,1,17,23,2,21,4,3,1,14,29,6,17,15,13,1,0,7,3,59,0,2,6,1,5,22,2,42,23,6,17,1,10,5,17,12,7,2,8,38,0,21,1,2,8,1,0,1,26,1,5,2,16,5,2,2,9,15,19,27,25,4,44,2,3,7,1,4,4,7,18,5,4,19,3,11,15,2,0,2,6,0,9,7,9,44,1,7,9,19,14,9,3,9,1,2,18,5,0,18,3,1,29,14,9,2,2,1,8,8,1,0,3,12,1,3,11,7,5,6,3,2,0,2,6,0,15,4,21,0,35,1,1,5,9,3,1,19,4,7,9,9,4,3,22,2,30,4,1,2,2,20,3,10,18,3,4,5,7,7,6,0,3,0,6,2,36,18,3,13,1,2,2,6,0,20,42,3,3,16,15,7,1,6,2,16,22,0,0,21,9,0,0,5,1,5,1,2,5,14,6,21,10,6,4,42,0,4,6,1,2,3,5,0,29,12,1,21,1,7,11,17,2,1,0,2,8,12,3,2,3,0,1,8,6,28,3,0,14,14,8,2,8,9,5,3,0,26,8,1,4,3,2,41,5,10,5,8,6,3,4,19,28,19,12,12,1,16,0,13,1,8,9,4,10,31,16,28,0,5,3,5,7,1,8,21,18,5,5,5,3,4,26,12,0,1,3,12,15,4,17,20,1,0,2,9,6,6,10,14
"1",6,4,1,3,10,0,22,22,9,7,0,25,21,4,13,1,6,1,6,36,2,39,13,10,1,0,7,3,49,4,2,6,3,9,23,0,14,16,5,21,0,3,1,18,14,12,0,9,34,2,17,2,0,10,1,3,3,24,2,9,1,12,6,1,1,4,27,26,27,43,2,39,0,4,6,0,6,14,9,24,4,3,7,1,8,28,3,1,3,13,4,14,19,7,34,0,11,1,14,14,26,6,13,1,2,26,0,0,11,5,2,25,11,8,4,2,0,17,3,1,0,4,15,1,0,7,4,10,10,6,4,2,3,5,0,9,3,18,0,38,3,3,7,10,4,1,28,10,13,8,15,3,3,28,4,31,1,5,1,6,10,2,6,15,0,5,2,7,11,5,0,10,4,0,0,21,14,5,26,0,0,0,3,2,25,57,5,10,11,11,8,1,3,3,24,26,2,3,14,10,0,4,2,0,13,8,1,10,20,5,26,13,2,1,38,1,4,8,2,3,18,10,0,16,20,0,29,0,11,14,20,3,4,2,2,10,17,6,1,2,1,2,4,6,18,6,0,14,8,6,5,4,8,4,8,0,32,9,1,7,1,0,29,3,15,5,10,6,6,5,17,33,26,15,17,2,14,6,5,3,7,6,11,6,23,13,39,3,3,10,2,5,0,2,14,24,4,4,5,3,1,30,19,1,4,1,15,13,1,13,14,0,0,4,5,10,6,15,23
"1",17,7,0,2,29,0,16,16,6,6,1,13,14,4,8,1,5,2,17,22,5,21,17,12,3,0,12,4,28,3,1,7,2,10,19,0,30,21,4,9,1,7,7,29,19,9,3,1,27,0,15,1,1,9,2,2,2,23,2,4,0,8,3,0,1,6,16,22,20,35,0,25,1,2,8,2,2,14,7,16,9,3,10,0,10,12,3,1,3,2,1,17,19,7,44,1,6,5,10,13,10,6,9,2,2,21,1,0,11,1,0,38,15,7,6,3,0,6,2,2,0,5,12,1,1,16,7,9,10,2,4,1,2,7,4,9,6,27,0,26,0,2,3,16,4,0,19,6,11,13,4,3,5,29,8,21,1,8,0,2,12,0,13,9,4,3,2,9,4,4,0,3,0,2,0,26,26,1,22,0,0,1,2,4,23,50,6,5,15,9,9,8,9,1,15,21,1,0,15,5,2,2,6,1,11,4,1,1,32,10,29,15,3,3,41,0,0,7,2,2,13,4,0,17,23,0,13,2,6,7,13,1,4,0,4,7,18,12,4,4,3,1,4,6,24,4,0,12,8,4,6,9,6,8,7,1,18,11,3,11,4,1,24,2,14,2,4,8,10,1,25,21,19,16,4,0,14,1,11,4,9,13,12,8,21,15,44,1,2,5,2,1,3,8,12,29,4,4,4,1,1,18,17,2,2,0,16,8,1,23,18,0,0,2,5,11,13,8,21
"1",13,1,1,4,15,1,11,8,4,4,1,33,21,7,8,3,4,3,18,20,3,27,18,16,3,1,7,2,49,1,0,7,5,9,14,0,25,21,4,14,0,4,4,23,10,5,2,8,30,0,17,3,4,9,3,1,0,22,2,10,0,11,5,1,0,4,31,19,22,27,0,29,3,0,8,0,4,15,11,11,5,6,6,3,8,17,4,1,0,8,3,12,13,11,42,1,8,3,10,12,13,7,6,3,1,33,0,0,9,2,1,23,16,2,2,8,0,7,3,1,1,4,11,1,2,10,9,8,18,4,7,1,3,7,2,23,2,17,0,27,1,3,4,16,2,3,32,8,8,16,12,2,3,30,15,27,2,1,0,4,8,1,8,16,2,3,4,8,5,2,0,5,1,4,0,30,14,3,23,0,0,0,7,2,23,57,7,8,5,7,4,4,7,1,14,7,1,0,25,5,3,3,4,1,17,4,0,3,17,7,26,11,3,2,27,0,4,4,3,5,13,2,3,17,16,2,14,3,7,8,23,6,6,1,1,11,16,8,0,0,1,0,2,12,29,1,0,20,14,2,1,6,5,7,6,0,14,13,0,4,7,0,30,8,11,3,10,3,5,0,30,24,15,16,10,0,13,10,4,2,8,3,6,8,15,14,36,1,5,11,0,11,1,4,18,20,3,5,2,2,0,15,13,1,1,1,11,11,1,22,21,1,1,3,5,17,16,12,14
"1",9,0,4,5,22,1,19,20,5,9,2,31,21,7,10,2,5,1,12,19,6,28,19,18,0,0,5,12,63,3,2,5,2,4,29,0,26,27,1,17,6,11,4,22,5,8,4,8,35,3,22,1,2,10,4,2,0,33,2,7,1,16,2,0,0,2,9,19,21,29,2,32,0,0,3,1,2,15,9,24,4,2,4,3,6,35,0,3,7,1,2,12,22,6,30,1,13,3,17,13,8,2,8,2,1,26,5,1,15,2,1,29,17,9,2,3,2,2,6,0,0,5,7,1,3,10,3,10,7,2,3,0,4,11,0,17,0,25,0,22,1,5,2,11,4,0,22,7,9,9,9,3,3,28,5,25,5,7,2,4,9,4,2,11,4,1,4,5,3,8,1,8,2,1,0,26,20,3,21,0,0,0,2,4,23,42,9,3,8,15,4,2,5,5,11,14,1,1,21,3,1,6,0,1,12,4,1,5,21,7,25,13,3,1,36,1,2,7,2,5,5,3,3,16,25,2,21,5,5,6,18,5,0,2,1,9,20,4,0,5,1,0,7,6,12,6,0,13,11,11,6,8,7,2,1,0,21,7,6,14,2,1,23,9,12,1,7,6,12,0,24,33,20,18,15,4,16,3,11,1,6,7,5,8,33,35,43,2,3,7,4,2,3,4,23,11,6,6,3,1,6,20,12,2,1,1,13,13,2,18,16,3,0,0,8,6,9,5,14
"1",26,1,2,5,18,4,5,11,4,5,2,28,20,2,8,5,5,0,19,19,2,23,16,14,0,1,7,7,35,5,2,5,3,3,16,0,28,27,4,15,3,2,3,26,12,8,1,10,24,0,31,0,0,0,2,2,1,21,1,9,0,12,7,3,2,7,23,25,26,34,1,27,0,3,8,1,1,16,8,22,6,4,7,1,10,17,1,1,4,5,0,8,9,11,37,1,5,5,17,14,7,4,6,0,6,22,1,2,9,0,1,37,12,4,2,0,0,12,5,2,0,5,14,1,2,13,8,6,10,6,2,0,2,10,0,5,1,21,1,44,2,3,2,14,2,0,16,3,10,3,16,3,2,37,11,19,1,6,3,6,9,0,5,3,2,2,2,14,5,3,0,4,2,4,0,25,14,1,21,1,2,0,5,1,20,65,4,6,14,8,6,1,5,5,21,13,0,0,18,5,1,1,1,0,8,0,0,3,15,12,23,13,3,1,36,0,1,6,3,1,6,4,1,21,17,1,12,0,5,6,21,5,1,1,4,9,13,10,2,3,1,2,5,12,16,5,1,12,10,7,5,8,12,11,8,0,25,15,0,8,1,1,45,7,20,3,6,4,14,1,19,28,23,28,12,1,19,2,13,0,4,6,5,8,29,20,34,3,5,8,2,8,1,4,20,21,1,4,5,6,5,22,19,3,1,0,20,19,0,16,27,0,0,0,4,5,12,13,11
"1",13,3,1,1,7,1,21,9,13,5,1,36,12,6,16,1,6,1,12,20,4,33,19,17,3,0,18,3,50,0,2,12,2,6,21,1,29,11,3,20,2,4,8,20,17,9,0,6,20,2,27,2,1,4,0,1,1,30,1,7,0,7,0,1,4,7,12,27,25,29,2,37,0,2,4,0,1,29,7,16,6,6,12,1,12,21,2,2,0,7,2,8,17,8,37,1,4,9,11,14,9,1,5,0,2,38,2,2,10,1,1,27,18,1,3,1,0,2,4,4,0,5,6,0,0,16,10,4,2,3,0,0,5,6,2,15,5,24,0,24,2,8,4,22,1,0,24,4,10,11,8,3,4,23,7,30,3,4,4,1,10,1,3,15,1,2,2,6,3,5,0,3,1,1,0,34,27,1,19,0,0,1,4,3,32,52,4,7,21,12,2,3,5,1,12,13,0,0,23,5,2,2,3,0,8,2,2,2,17,4,22,14,0,2,42,2,2,5,2,3,10,4,1,16,15,1,13,3,3,18,22,3,2,3,1,10,14,12,0,8,1,2,4,12,24,0,0,16,10,9,1,10,9,4,2,2,29,9,1,6,2,0,24,2,20,5,1,5,5,0,37,40,19,16,7,1,15,3,7,8,5,6,5,4,20,11,32,2,2,7,3,5,3,9,14,21,2,6,3,1,2,22,14,2,0,1,9,18,0,25,14,0,0,6,7,4,12,6,16
"1",10,0,2,3,12,3,28,10,8,4,2,35,21,2,13,1,6,0,6,29,3,31,19,18,0,0,8,3,27,3,1,2,0,8,22,1,25,21,2,18,1,8,5,22,11,3,1,6,29,0,27,0,3,5,2,3,1,19,9,5,1,14,2,0,1,5,16,30,20,15,1,33,0,3,8,0,2,12,14,29,3,6,11,1,6,18,4,2,1,7,3,12,16,8,49,1,7,4,16,16,11,4,7,2,1,21,4,0,9,1,0,37,31,5,2,3,2,9,7,1,0,5,9,0,1,18,1,11,11,4,0,0,2,17,0,7,4,16,4,24,2,8,1,8,3,2,16,7,7,8,4,2,1,16,6,35,3,7,2,12,6,0,5,8,1,0,4,1,1,7,2,4,1,6,0,21,26,2,20,1,1,0,2,1,23,68,5,8,14,8,14,4,7,3,21,12,1,0,16,4,6,3,3,2,10,4,0,10,32,10,22,8,2,4,31,1,4,10,4,2,15,3,1,22,30,0,7,4,2,9,23,2,1,0,7,7,13,7,0,2,1,2,1,11,21,3,0,13,9,12,3,8,6,3,9,2,36,10,0,2,3,0,30,6,15,4,7,1,10,0,35,33,15,13,8,5,27,5,4,3,7,7,7,4,33,16,29,5,1,4,3,6,3,4,13,30,6,2,5,4,3,14,16,0,2,2,20,14,0,14,12,0,0,0,12,6,10,16,13
"1",15,4,1,7,28,2,22,24,11,1,2,25,15,4,14,0,5,1,8,16,5,26,14,12,1,3,10,4,50,4,2,4,3,8,17,2,15,21,5,13,2,4,2,16,13,8,1,2,23,2,18,0,4,4,4,4,1,14,3,5,1,7,2,2,1,3,21,19,27,25,3,24,1,4,4,1,1,18,6,8,4,3,8,5,8,16,2,1,3,4,3,9,17,5,35,1,3,3,13,14,14,6,4,0,2,25,2,2,13,1,2,35,28,1,3,4,0,12,2,0,1,4,8,1,1,18,3,2,7,8,3,0,0,10,3,13,1,15,0,17,0,4,5,18,3,0,25,6,3,11,13,1,0,22,6,23,4,7,3,2,8,1,8,10,1,7,8,6,8,7,0,7,2,3,0,24,17,5,15,0,1,0,2,4,23,55,6,3,11,7,9,0,2,3,23,19,2,3,24,6,2,2,0,2,10,3,0,3,18,6,25,16,1,1,40,2,3,2,4,3,3,1,0,25,24,0,16,8,9,9,21,2,0,1,5,16,17,7,1,2,1,3,9,11,27,6,2,15,21,8,4,9,7,7,10,1,28,6,0,4,5,2,32,9,9,5,2,2,9,0,22,27,29,27,12,4,19,2,6,2,7,8,3,8,25,23,37,3,2,7,1,2,2,8,15,25,0,2,2,2,1,21,8,1,0,1,6,19,2,14,19,2,3,1,18,7,13,9,13
"1",24,1,4,5,20,0,19,18,3,1,0,27,23,3,9,5,7,2,18,27,2,35,22,17,1,2,4,6,49,6,3,8,4,5,22,2,27,34,3,10,0,10,4,25,16,16,2,5,41,2,17,0,2,14,3,1,4,25,7,4,0,12,1,2,2,3,26,20,22,21,1,35,1,2,9,2,4,19,6,13,9,10,11,4,6,22,1,6,1,5,2,9,21,3,46,2,9,1,19,19,11,3,4,1,2,25,1,1,10,1,0,41,25,8,1,2,0,7,0,0,1,8,17,1,1,14,11,10,1,4,3,0,5,8,1,6,2,14,0,26,0,5,8,11,3,1,14,4,9,17,15,0,0,23,9,25,5,13,0,5,11,1,4,13,1,6,2,8,6,9,0,4,2,0,0,23,13,1,16,1,2,0,2,1,21,41,5,5,14,8,2,3,4,6,12,21,1,2,11,5,8,3,5,0,18,5,0,5,19,16,31,11,2,2,28,0,2,5,4,6,9,1,1,21,30,1,20,2,6,7,18,3,5,0,1,20,16,3,0,4,0,1,1,10,16,7,0,19,14,2,4,9,5,3,4,0,25,15,0,3,0,1,29,5,14,4,6,3,5,2,37,36,20,25,18,5,19,1,2,3,12,5,9,7,29,16,44,0,3,7,1,6,3,7,13,25,1,1,7,2,3,14,14,0,2,1,14,13,2,17,16,3,0,2,7,11,11,8,11
"1",19,1,4,3,16,2,14,15,14,2,1,27,29,5,19,0,5,0,10,17,9,20,16,10,1,1,9,5,42,4,0,5,0,5,19,1,20,29,5,4,3,9,4,27,18,4,1,4,36,0,21,2,5,6,1,1,0,17,3,18,0,12,4,1,1,2,15,41,19,17,1,31,1,7,6,0,1,12,7,19,4,9,15,0,10,16,5,0,2,12,3,13,10,3,47,0,7,5,13,22,11,2,7,1,1,30,1,1,8,2,1,26,28,7,5,0,0,5,10,3,0,10,17,0,0,16,3,8,5,7,2,2,2,7,1,9,3,13,1,18,1,3,1,9,0,1,18,3,11,14,7,1,0,20,6,25,2,4,1,1,7,1,10,14,0,8,1,8,4,6,0,4,1,2,0,20,17,1,24,1,0,0,0,2,18,57,9,8,13,7,5,1,6,1,16,21,1,1,28,5,2,2,5,0,11,4,0,5,25,7,23,9,3,2,49,0,4,13,1,10,6,0,0,27,20,2,25,4,4,11,16,5,5,0,1,18,19,5,2,3,1,3,6,4,8,6,0,11,12,12,4,9,6,0,6,0,25,5,3,9,0,1,24,8,19,4,4,3,6,0,23,34,30,17,9,0,11,5,10,5,2,7,8,5,10,14,23,0,2,5,1,10,0,5,15,27,4,8,1,1,4,26,21,2,0,3,13,10,2,15,22,0,0,0,14,6,10,6,12
"1",16,3,0,4,23,3,23,13,9,5,1,17,13,6,8,0,2,0,11,27,3,27,12,26,1,1,4,8,52,5,1,4,1,6,29,2,21,40,3,7,0,5,3,21,12,6,4,2,38,1,26,2,1,7,0,3,0,29,4,4,2,13,3,2,2,1,16,22,20,29,2,24,0,4,7,1,0,9,13,17,9,7,11,0,4,26,3,2,0,12,3,15,13,9,37,2,6,2,18,24,11,2,7,3,11,26,0,3,11,2,1,27,21,8,3,2,1,3,4,1,1,5,10,0,4,21,5,7,3,4,2,0,2,18,0,16,4,23,2,18,0,2,3,10,3,3,37,4,15,22,15,2,1,32,6,21,5,1,3,3,17,1,5,15,1,3,4,10,5,6,0,4,4,2,0,38,21,1,26,4,1,0,2,0,43,65,3,6,10,8,8,0,7,2,17,10,1,3,20,4,1,2,10,0,10,7,0,6,23,3,37,16,3,0,40,1,4,5,7,0,7,3,0,20,24,0,18,1,7,11,23,5,7,0,0,9,21,9,1,1,0,1,0,11,20,5,2,14,11,8,10,8,5,7,8,0,27,15,0,5,5,1,39,6,17,4,7,1,5,1,28,39,14,23,14,0,16,1,8,1,9,9,6,7,35,15,34,0,5,6,4,8,0,9,11,19,4,6,9,4,2,22,16,2,0,4,7,23,0,14,15,2,0,4,5,11,7,5,16
"1",13,1,3,4,20,0,14,15,5,6,3,26,22,1,18,1,8,1,10,16,5,22,20,18,1,1,3,4,59,4,5,7,3,9,21,0,24,22,4,17,1,9,3,18,16,7,4,6,33,2,28,1,1,11,1,3,6,38,2,7,2,12,0,1,0,3,27,13,23,25,2,31,2,3,6,0,1,19,7,13,4,4,12,0,7,16,2,2,1,13,1,11,7,8,32,0,2,9,15,10,18,5,5,0,1,24,0,2,16,1,0,21,19,8,3,2,0,5,4,2,2,6,12,2,0,18,8,8,12,2,1,5,0,15,0,15,1,24,2,16,2,1,4,11,2,3,24,13,6,9,11,1,0,14,1,34,5,1,3,2,11,3,13,18,1,7,1,5,3,8,1,9,2,4,0,25,23,3,19,1,3,0,2,1,29,52,3,3,19,3,9,7,3,2,11,23,0,3,20,2,2,2,4,0,9,3,0,4,21,13,34,13,0,1,29,1,3,9,6,5,12,1,1,23,28,0,27,3,2,9,21,4,4,1,1,17,9,10,0,6,1,0,0,14,22,5,1,20,10,5,2,7,11,3,6,3,24,12,1,3,2,1,31,4,17,1,8,2,11,0,25,44,23,23,13,3,26,5,13,2,5,15,1,8,23,15,31,0,3,6,0,9,1,8,13,15,3,6,5,3,1,14,14,3,3,0,14,21,1,10,19,0,0,1,5,3,12,13,16
"1",20,3,1,2,15,0,25,20,6,4,0,33,12,1,7,2,4,1,8,20,3,31,28,20,2,0,7,8,44,2,3,6,0,12,20,2,25,23,4,6,3,7,9,17,9,4,4,7,24,0,15,1,5,15,1,2,1,27,6,6,2,12,7,0,1,2,13,26,26,26,5,30,2,2,6,3,1,16,9,21,6,8,14,2,13,14,3,3,3,7,3,20,17,13,27,1,8,1,15,14,8,7,9,0,2,33,4,1,14,0,0,38,6,13,1,1,0,7,0,0,3,4,8,1,0,24,8,3,10,6,0,0,1,8,3,12,1,24,4,21,3,5,2,7,2,2,24,11,6,15,13,1,0,25,6,17,1,7,1,5,5,5,4,10,1,2,2,7,1,3,0,6,1,2,0,30,15,4,28,0,0,1,5,3,25,51,1,10,18,13,4,7,8,3,13,22,0,3,20,6,4,4,5,0,9,4,1,5,17,12,27,6,1,3,55,0,5,10,5,3,9,1,0,24,20,2,22,0,3,4,20,6,5,0,0,9,13,7,0,2,1,2,4,7,27,4,2,24,13,12,3,3,8,8,10,0,20,11,0,4,8,2,42,4,20,0,4,3,18,2,29,36,18,20,12,4,19,3,4,4,4,7,6,3,25,22,28,3,5,4,1,7,1,6,13,22,4,6,1,1,5,26,15,2,2,1,12,14,3,19,23,1,1,0,4,12,18,18,12
"1",9,0,1,4,19,5,20,16,9,3,1,36,23,2,13,1,8,1,6,25,7,23,26,21,1,1,11,8,56,5,0,8,2,5,15,0,16,17,5,9,3,4,4,31,11,3,0,7,25,0,23,1,4,3,1,4,2,37,4,13,0,12,7,0,5,0,10,32,23,29,2,24,0,4,5,0,5,7,4,10,9,9,7,0,9,25,3,4,1,10,5,14,8,12,31,0,8,6,5,13,8,5,7,3,3,20,3,0,11,5,1,41,15,7,0,2,1,6,4,1,0,4,10,1,3,14,4,5,10,5,1,2,2,11,0,19,1,17,1,24,2,4,4,11,2,0,11,1,7,14,8,2,1,30,5,20,4,5,2,5,7,0,11,13,1,4,4,6,7,7,0,5,4,9,0,28,16,4,23,0,0,0,2,3,31,46,6,5,17,9,4,6,3,5,13,18,1,0,19,7,3,1,7,0,7,3,1,1,15,7,20,5,0,1,30,0,1,6,4,1,11,5,1,32,14,1,10,0,7,9,23,1,4,1,1,6,14,8,1,2,1,2,5,9,23,10,1,23,7,7,3,14,5,1,5,0,21,15,3,10,4,1,25,6,15,2,12,2,2,1,41,44,22,20,18,2,16,7,13,1,5,2,14,9,20,17,36,1,5,4,1,5,0,3,17,19,1,8,8,2,4,28,13,0,1,1,16,18,0,22,19,2,5,2,11,6,14,11,16
"1",17,0,0,4,23,0,15,11,5,5,1,36,20,6,21,2,1,0,9,24,4,19,18,23,2,1,6,4,51,5,1,3,7,5,29,2,21,21,6,16,0,4,1,21,10,10,3,13,31,2,21,1,0,6,0,7,0,33,2,9,0,13,5,0,4,4,20,18,25,18,2,29,3,1,10,1,2,18,12,20,4,10,13,3,6,26,1,2,2,12,1,12,9,8,36,0,17,1,10,12,12,0,10,2,1,30,0,0,18,0,0,32,25,2,2,1,0,8,1,3,5,7,8,1,2,20,4,7,9,2,7,0,2,10,3,8,2,26,1,19,4,4,8,13,4,1,19,4,9,15,18,2,1,26,3,27,2,7,3,3,10,0,6,9,4,3,3,14,3,4,0,10,2,8,0,27,13,1,23,1,1,0,0,0,29,62,3,4,12,11,7,6,9,4,16,12,3,4,16,5,5,1,5,0,13,1,1,3,15,5,35,9,1,3,39,0,1,6,1,7,14,3,0,14,12,2,20,1,6,9,18,4,3,0,2,6,17,11,2,3,1,2,4,10,25,6,1,13,12,5,5,5,3,3,9,1,32,9,1,4,0,3,42,7,23,2,6,4,5,1,22,25,27,17,7,3,18,0,6,2,5,7,4,5,18,22,36,2,5,12,1,8,0,10,18,20,2,2,4,2,5,24,11,1,1,1,23,13,0,20,17,2,0,0,5,6,11,7,17
"1",10,4,3,5,17,0,19,15,5,2,0,33,14,3,16,2,2,0,11,26,3,25,17,18,0,4,12,3,43,4,0,7,0,13,17,2,24,35,1,12,2,11,1,17,15,10,3,11,24,1,26,2,1,8,1,1,2,16,1,9,0,9,3,1,0,1,10,28,32,30,2,24,1,4,3,2,2,8,13,19,7,6,18,1,7,12,2,4,2,13,0,6,8,5,35,2,5,6,19,11,5,1,12,0,0,33,6,1,17,0,0,33,22,6,4,3,0,15,3,1,1,2,10,0,0,11,7,10,5,7,4,2,6,11,0,26,2,24,2,20,2,3,3,11,3,0,17,5,7,13,4,3,0,20,3,32,4,3,1,4,9,1,6,8,2,6,1,19,2,5,0,1,1,4,1,27,17,3,12,0,0,2,1,4,28,73,8,5,18,10,9,5,5,3,19,27,2,2,10,7,4,5,7,1,11,2,2,3,18,11,25,12,1,0,38,1,5,4,3,5,12,5,0,14,24,2,23,1,8,8,13,3,2,3,0,16,18,12,0,4,2,3,3,6,13,2,0,6,16,9,2,6,9,6,5,1,29,6,0,9,5,1,39,5,16,8,13,3,11,0,27,22,18,14,10,2,11,6,13,1,7,2,11,9,37,20,41,0,1,1,0,7,2,6,20,17,4,6,1,3,2,30,16,7,1,2,12,23,4,24,13,5,0,0,4,10,6,6,11
"1",16,5,7,5,21,5,17,12,10,4,1,33,11,3,9,6,2,0,13,14,4,25,15,10,1,4,12,9,50,5,2,3,4,7,21,1,17,29,1,11,2,2,4,20,10,11,4,11,29,2,18,1,2,6,2,2,3,36,3,6,3,7,0,2,2,1,16,22,33,23,2,32,1,3,8,0,0,6,6,17,1,3,7,0,9,13,1,3,1,6,2,9,17,5,42,1,10,1,22,26,6,2,5,2,2,25,0,1,14,0,0,26,23,6,5,5,0,7,4,0,0,2,16,3,0,8,3,5,6,1,1,1,2,6,0,10,5,29,1,27,2,1,6,11,3,2,24,8,15,19,11,3,1,21,4,29,8,3,0,4,5,1,3,16,1,2,9,10,0,3,0,7,0,5,0,23,19,1,19,0,0,0,2,0,39,56,4,4,7,11,9,3,3,3,15,19,1,2,21,3,1,3,10,1,7,5,0,4,22,2,38,9,2,2,46,1,1,7,2,3,7,3,2,20,27,2,21,0,7,4,21,2,6,1,0,19,18,7,1,6,3,3,2,2,14,11,0,15,12,9,7,5,7,4,3,0,22,11,1,7,0,0,26,11,11,2,8,4,8,1,33,41,25,17,11,0,17,3,12,5,4,7,12,5,31,15,26,2,2,13,5,3,0,14,24,23,3,1,4,4,1,30,8,3,1,1,23,19,1,27,25,3,1,2,4,10,11,8,19
"1",23,6,2,5,15,1,10,16,8,2,1,18,17,6,14,3,5,0,7,20,2,17,10,17,0,2,3,5,65,4,1,6,3,7,23,1,14,22,5,19,1,2,5,15,16,7,1,6,30,0,23,2,0,7,4,1,0,25,2,12,1,15,4,1,3,3,12,24,18,20,1,24,1,1,6,2,2,12,4,26,10,7,15,3,13,15,5,2,1,2,1,15,8,2,25,2,10,4,10,8,12,4,9,0,4,21,0,1,10,2,0,24,25,2,0,3,0,7,2,1,2,4,9,1,2,15,8,13,9,3,3,2,3,6,1,16,1,21,0,35,4,3,1,9,3,0,23,10,10,15,8,4,2,39,7,33,2,4,1,3,10,0,8,10,1,6,3,10,5,13,1,11,0,2,1,28,19,3,10,1,1,0,1,7,20,66,2,3,17,9,7,4,6,5,18,19,1,2,27,4,0,3,2,0,3,2,1,4,19,15,21,12,4,4,34,2,2,6,3,7,4,3,0,16,18,0,28,3,1,8,26,1,6,1,1,12,10,12,0,3,1,0,5,6,15,8,0,13,14,6,2,14,5,12,3,0,21,8,3,4,1,2,22,5,10,7,8,1,13,0,23,36,25,14,15,0,13,2,7,3,3,2,6,10,31,20,39,1,1,9,3,8,1,12,16,19,4,5,7,3,2,19,9,4,1,3,22,17,2,15,22,2,2,2,10,10,8,11,11
"1",13,1,1,4,13,0,19,12,9,2,0,27,13,7,17,2,4,0,13,23,3,24,19,12,1,1,18,6,41,5,1,2,0,8,15,1,15,29,4,18,2,4,3,28,18,7,4,7,20,1,24,5,2,1,4,2,0,24,0,2,4,17,1,3,3,1,22,23,29,19,4,26,2,2,9,1,5,12,5,30,8,12,16,2,8,18,0,4,0,15,1,22,11,8,58,0,8,5,15,7,14,3,2,0,1,22,3,1,12,3,0,28,10,5,1,4,2,9,6,1,2,2,8,1,3,19,3,6,3,9,4,0,3,10,0,10,1,16,0,22,1,6,1,18,1,0,15,10,10,8,15,0,2,33,5,24,2,8,0,2,6,1,3,15,2,4,3,9,3,4,0,7,0,1,2,20,19,8,11,2,0,0,2,1,36,67,4,4,20,9,3,4,6,3,19,17,0,4,19,3,2,4,5,0,13,2,1,2,20,3,38,20,3,2,46,3,4,7,2,5,5,3,1,28,6,1,15,2,1,7,20,4,1,0,4,11,14,3,2,4,2,2,2,6,20,4,0,18,18,4,2,9,11,4,6,0,17,11,1,7,1,0,44,9,18,5,15,6,5,0,35,47,16,20,6,0,13,3,7,3,7,6,2,8,15,19,41,1,1,6,3,9,1,7,23,21,2,8,7,3,3,14,14,2,1,1,11,11,2,16,15,3,0,3,3,8,9,11,9
"1",10,9,0,4,17,0,15,17,7,4,1,45,16,2,14,4,8,0,13,21,3,21,15,17,2,1,19,4,66,1,1,11,0,5,16,0,17,33,1,14,5,1,4,43,9,7,2,12,36,1,19,2,5,10,3,1,1,20,5,12,4,14,4,2,3,4,12,34,25,31,1,41,0,2,6,1,3,11,11,18,5,4,10,2,9,22,3,2,2,5,1,14,19,8,38,1,5,7,17,12,9,2,4,1,2,25,2,1,6,3,0,40,13,7,4,0,3,5,2,0,0,1,11,1,2,21,6,4,12,3,1,1,6,10,4,6,3,15,1,24,4,5,0,20,2,0,19,7,16,10,15,2,2,20,5,26,2,3,2,3,7,0,10,13,0,4,2,7,4,8,0,4,0,2,0,28,17,4,23,2,0,0,0,2,27,57,0,2,23,16,2,1,6,2,16,22,0,1,27,4,1,1,6,1,13,1,0,2,15,4,27,10,1,2,37,1,5,9,3,3,14,4,0,17,9,0,25,4,8,7,18,7,1,4,1,9,15,9,0,6,1,1,3,11,23,9,0,18,16,3,4,6,1,5,4,1,21,11,2,3,1,0,23,7,13,7,10,3,9,0,24,34,19,17,7,1,12,3,18,1,7,10,11,7,45,22,23,5,1,4,4,4,2,8,14,17,5,6,6,4,4,23,10,1,3,4,13,18,0,17,14,2,0,1,7,6,12,8,18
"1",14,0,2,2,18,3,22,21,10,4,1,17,16,11,24,7,8,0,19,26,1,24,17,13,1,0,6,5,42,5,0,5,4,10,21,3,27,35,2,17,2,4,1,28,9,4,2,9,30,4,15,3,3,6,4,1,1,19,2,8,2,9,1,0,1,1,14,21,16,32,1,30,1,2,1,0,1,14,12,19,4,14,8,1,6,22,4,6,5,12,1,14,15,10,46,4,8,3,13,13,10,5,5,0,2,22,2,2,13,1,1,39,26,9,0,2,1,6,2,2,0,3,5,0,4,20,15,13,15,2,2,1,1,4,1,14,2,28,1,24,0,1,1,14,1,2,16,5,13,23,5,0,3,33,6,18,3,5,2,0,9,3,2,23,2,4,3,18,8,6,0,4,1,0,0,24,22,1,15,0,0,0,1,5,23,66,2,13,8,11,4,1,7,3,19,17,0,2,25,11,2,1,4,0,10,1,0,3,15,6,29,17,1,0,48,1,0,8,5,4,6,1,0,21,27,0,21,0,13,12,26,6,5,3,0,16,17,9,3,4,0,2,4,3,30,4,2,17,5,6,2,8,6,3,9,1,19,10,3,6,2,0,29,9,7,10,12,4,7,0,25,18,9,13,6,3,13,3,5,2,6,4,1,4,29,32,56,3,3,7,6,5,3,6,8,28,3,6,5,6,4,25,13,2,0,1,9,6,0,19,18,1,0,3,14,5,6,10,22
"1",26,4,1,5,22,0,15,15,4,4,0,22,15,6,17,0,10,0,15,20,1,31,12,23,3,0,3,6,31,2,0,3,1,7,31,3,26,24,3,16,5,6,2,24,15,4,0,18,29,3,27,2,3,7,2,3,2,24,4,4,1,11,2,0,1,2,15,41,16,19,4,30,1,2,10,1,3,16,7,13,4,4,19,3,9,27,1,1,3,12,1,12,9,8,50,1,12,3,11,23,9,1,10,2,3,29,2,0,15,1,0,21,14,11,4,3,3,6,3,1,2,1,11,2,1,10,13,6,7,11,3,0,3,4,1,14,2,19,0,27,1,3,5,11,5,2,23,5,8,3,7,3,3,24,7,21,6,4,7,2,9,0,9,18,1,0,4,9,3,8,0,3,1,5,1,19,22,5,16,0,2,0,3,2,15,47,9,5,9,13,8,5,7,3,19,18,0,2,26,4,2,4,13,2,12,7,1,2,22,9,32,9,1,4,32,1,2,10,1,3,7,3,1,21,30,0,14,0,5,13,20,5,0,3,0,14,20,11,1,4,0,1,2,5,26,6,1,14,17,4,4,7,9,3,8,2,28,9,2,3,1,1,24,2,15,7,10,4,10,1,40,25,27,19,6,5,19,5,2,3,7,1,9,3,17,18,44,3,3,11,2,4,1,15,13,18,5,6,2,6,2,24,13,1,0,4,18,17,2,26,11,0,1,0,5,7,12,9,15
"1",22,0,1,9,18,1,15,13,10,2,1,22,7,5,12,1,2,0,11,28,0,29,16,12,0,1,13,6,47,3,4,6,3,10,26,1,23,31,4,13,2,6,2,26,10,6,1,4,28,3,24,6,4,4,3,4,1,24,1,6,0,13,3,0,2,4,20,27,28,28,2,43,1,3,5,1,2,20,10,24,8,2,9,1,9,23,3,2,3,9,3,7,12,14,36,0,9,6,16,16,8,0,4,0,3,23,2,0,15,2,2,34,26,9,0,2,0,9,3,1,0,6,7,2,2,13,5,7,6,3,3,1,1,10,2,12,1,28,2,32,0,1,2,17,1,1,36,2,9,11,15,1,0,28,6,28,3,8,2,6,9,1,2,15,2,8,5,10,5,4,0,4,0,4,0,27,17,1,21,2,0,0,2,3,21,59,3,5,21,9,8,5,4,4,25,20,0,0,12,10,3,3,3,0,18,4,0,4,21,19,19,7,1,1,39,0,5,10,3,1,14,2,1,24,21,2,18,0,5,8,27,3,6,4,2,14,20,8,0,2,1,3,1,6,19,7,2,10,12,3,3,7,11,2,7,1,33,7,4,6,1,2,40,2,13,2,4,2,5,0,26,37,17,14,11,2,30,7,9,1,4,6,4,3,22,21,31,0,1,3,5,3,2,7,13,18,1,5,6,4,0,27,14,0,2,1,19,19,0,23,15,2,2,0,4,10,9,12,13
"1",16,1,1,2,14,0,6,18,4,6,3,30,15,5,20,3,10,0,22,21,6,31,23,14,0,1,9,8,50,12,0,5,2,11,18,0,22,26,1,12,1,10,2,23,25,6,3,5,17,1,20,0,5,8,1,3,1,25,6,5,0,13,3,0,4,6,13,21,33,33,1,22,0,3,10,1,1,13,9,16,4,7,8,1,9,13,2,2,0,7,2,11,14,16,33,3,1,3,16,20,13,5,8,1,2,33,0,0,13,5,1,31,14,8,2,0,1,4,3,2,0,4,6,0,2,18,7,8,11,5,3,0,4,15,1,13,2,16,0,16,1,2,5,9,2,1,15,6,16,13,8,5,2,33,11,38,1,6,1,5,6,1,9,6,0,6,2,17,10,4,0,9,1,7,0,31,31,2,20,0,1,0,3,1,31,62,11,4,15,6,5,1,1,3,20,20,1,2,19,2,0,4,9,0,7,6,1,1,19,18,26,14,1,3,26,4,4,2,4,2,11,1,3,27,25,3,12,1,3,8,28,3,1,4,1,16,23,14,0,2,1,1,4,7,28,6,1,23,13,7,5,9,9,9,4,1,30,12,0,10,1,1,42,6,13,3,3,5,4,0,22,30,16,15,10,0,16,1,7,0,2,11,15,6,15,12,29,1,5,4,1,4,1,6,20,24,4,7,5,2,0,33,13,2,1,1,23,18,2,21,15,2,0,1,6,11,8,11,19
"1",18,2,0,2,21,1,23,14,6,8,2,32,26,1,18,1,6,0,16,13,2,24,21,16,2,0,8,9,34,6,1,6,1,3,13,7,21,33,4,22,2,5,5,25,14,5,3,9,39,2,14,3,7,10,4,0,1,24,1,7,2,15,8,1,7,3,18,21,28,33,1,49,0,3,6,2,7,12,8,14,7,3,20,4,8,23,1,5,1,4,3,14,9,9,32,0,7,5,6,10,4,1,5,1,1,27,1,0,13,4,2,41,21,9,1,3,0,7,2,0,0,2,12,1,2,13,6,11,6,2,2,2,1,8,0,7,2,25,2,22,4,0,4,15,1,1,24,4,7,4,10,1,1,27,4,21,2,3,3,1,5,2,5,21,1,3,10,7,3,10,1,4,0,7,0,23,13,2,21,0,2,1,2,1,26,64,6,6,13,8,4,3,3,3,9,10,1,1,16,7,0,2,1,0,6,2,2,6,30,12,33,12,0,0,38,1,3,5,0,4,15,3,3,21,16,1,29,1,7,9,19,5,3,1,0,16,15,7,0,4,0,0,4,10,15,8,0,13,15,3,5,6,6,0,8,3,20,5,2,9,3,1,27,8,22,4,9,2,9,2,33,30,14,17,9,1,22,0,5,2,6,9,7,5,30,13,41,4,3,5,2,7,1,9,13,24,5,4,7,2,2,44,11,1,3,1,11,23,1,13,11,2,3,2,6,12,12,11,13
"1",10,7,0,4,17,2,18,17,9,7,3,23,19,2,15,1,3,0,8,22,5,39,20,5,3,0,9,5,42,2,3,6,1,7,15,1,30,23,3,11,5,7,0,25,14,6,6,3,33,0,19,1,1,11,2,3,1,10,6,5,0,15,0,2,5,2,25,28,20,25,6,43,2,2,9,3,1,7,9,12,7,4,8,0,12,17,2,1,5,7,4,21,10,15,33,0,4,4,12,12,9,3,3,1,4,27,3,1,23,7,1,37,26,5,1,1,2,14,4,2,0,4,10,0,2,17,11,10,10,10,3,0,5,17,0,18,5,17,0,23,1,4,2,12,1,1,21,7,9,8,8,6,0,20,3,17,2,5,5,5,4,1,8,7,1,4,3,9,4,6,0,2,1,1,2,24,23,1,16,1,1,1,5,3,25,63,2,10,20,14,7,2,3,4,16,19,0,3,19,8,4,2,7,2,15,1,0,8,14,11,29,10,5,3,52,1,2,7,4,6,8,2,0,15,27,0,22,1,5,10,20,8,1,0,2,12,14,9,1,3,2,1,3,6,13,4,1,16,16,5,3,12,8,3,13,1,22,11,2,8,2,0,32,6,15,5,12,3,9,0,29,34,17,23,12,2,16,3,10,0,8,5,6,3,24,18,41,4,7,3,1,1,4,4,19,24,7,6,1,2,1,31,15,2,1,1,16,16,2,16,17,1,0,3,7,7,8,5,16
"1",19,3,2,5,20,0,23,20,12,3,1,30,24,3,11,3,3,0,17,25,0,35,24,6,5,2,9,2,47,2,1,6,5,7,30,1,16,32,1,12,4,4,4,20,11,7,0,4,20,4,30,1,2,7,0,4,1,28,2,7,0,14,3,3,4,2,14,15,18,25,1,40,1,2,9,0,2,6,10,10,7,13,17,1,8,41,3,4,2,15,2,19,12,15,35,1,9,3,11,16,8,1,10,0,5,25,1,1,16,1,2,43,23,8,0,2,3,6,6,6,1,1,13,2,1,17,5,9,10,3,1,1,2,9,3,11,1,23,0,23,1,5,4,15,3,3,22,8,10,21,14,1,2,28,10,15,5,1,3,1,7,3,10,9,2,2,2,17,2,6,0,5,0,4,0,26,24,3,23,0,0,0,2,1,22,44,2,9,21,8,4,5,3,4,8,7,1,2,25,7,4,1,8,1,12,1,0,3,32,5,23,15,3,0,33,1,3,10,2,6,10,5,0,18,16,2,17,2,2,18,20,6,2,4,2,13,23,3,0,5,2,2,3,6,24,6,0,16,11,6,3,8,7,6,8,1,21,7,1,6,3,0,20,6,19,1,9,2,6,0,15,34,23,25,13,2,22,5,8,3,6,10,7,9,17,14,41,3,1,4,0,5,2,6,17,18,4,5,7,3,1,34,16,0,2,4,16,23,1,15,16,2,1,3,2,6,10,17,17
"1",10,5,1,4,12,1,17,13,15,8,0,31,15,7,16,3,1,0,11,19,3,33,13,13,1,2,5,1,40,4,2,7,0,8,22,0,23,23,1,12,1,5,0,14,17,8,2,5,23,4,31,0,1,5,2,6,1,23,5,12,0,10,4,0,1,5,14,17,18,24,1,47,1,2,6,3,1,20,6,12,8,10,13,1,11,21,3,2,1,8,0,9,13,12,34,3,3,5,19,17,18,4,6,2,6,23,1,1,17,2,2,32,11,10,0,1,1,12,2,0,0,3,12,1,0,16,1,3,4,4,1,3,6,18,0,11,1,18,0,16,3,6,3,8,1,1,17,6,15,9,11,4,2,27,4,22,7,2,1,5,14,0,9,10,0,5,3,12,7,3,0,5,1,6,1,24,10,3,13,0,1,0,0,0,22,67,1,8,16,12,4,6,5,3,19,24,0,3,19,6,3,0,3,0,7,1,0,7,16,10,18,24,1,1,43,0,2,5,1,3,7,5,0,15,20,2,19,2,0,10,22,2,5,0,0,16,15,8,0,3,2,0,6,14,21,5,0,6,3,7,1,8,7,1,7,1,32,19,1,7,5,1,39,3,13,6,0,5,14,0,26,20,19,28,9,0,16,5,4,2,6,12,7,4,14,9,38,0,2,7,1,2,0,5,22,14,1,8,6,7,3,26,13,1,1,2,17,16,2,12,21,0,0,0,10,2,10,10,19
"1",13,5,2,1,26,1,19,14,9,5,2,26,14,3,22,1,4,0,12,26,3,26,19,22,2,0,8,6,48,7,0,7,1,7,14,1,29,23,3,17,1,2,1,23,14,5,3,10,24,0,18,1,1,9,0,3,3,26,2,7,1,17,2,2,4,5,17,29,20,21,2,33,1,4,8,2,1,8,6,17,7,10,19,2,14,16,9,1,2,10,1,17,15,9,40,1,8,6,17,20,6,9,5,0,3,28,2,1,7,2,0,35,19,5,0,1,0,6,4,1,0,4,5,3,1,11,3,8,8,4,0,1,4,14,0,16,2,20,1,18,3,7,1,11,1,0,22,9,13,6,8,2,1,26,10,15,2,3,1,4,4,0,3,5,2,5,3,8,7,6,0,4,1,1,1,32,28,2,20,2,0,0,4,0,30,64,1,3,6,11,8,4,2,3,19,11,4,1,21,1,7,2,4,0,10,2,1,4,20,10,39,18,3,3,39,2,0,2,7,1,8,3,0,25,30,2,30,2,2,7,22,2,7,3,0,10,19,9,1,3,3,1,6,17,22,8,0,22,12,5,5,9,15,3,7,2,19,11,1,1,0,0,30,6,10,4,4,2,13,0,35,31,25,17,21,4,17,0,7,4,6,5,8,4,29,16,45,4,1,3,3,4,1,14,19,36,7,3,7,3,2,24,11,0,0,2,14,14,1,19,17,1,1,3,2,9,11,10,25
"1",11,7,2,2,14,0,17,10,5,2,2,29,25,4,20,0,3,0,14,14,3,35,18,17,3,2,5,6,58,4,2,9,2,4,18,0,33,21,2,12,1,1,3,34,8,3,3,4,28,0,27,1,2,10,2,4,1,15,1,8,1,10,3,2,0,6,15,37,30,19,6,38,0,5,8,0,2,8,5,14,5,5,15,1,4,18,6,1,4,10,0,11,13,12,44,3,7,1,21,13,6,6,6,2,0,26,2,1,16,0,0,23,25,5,1,3,0,10,5,2,1,3,10,0,1,13,5,9,5,5,2,1,2,8,1,14,1,17,0,25,2,2,4,7,1,2,22,5,14,16,13,0,4,19,7,33,4,3,2,2,8,3,4,6,0,1,7,12,1,10,0,6,0,3,0,29,20,1,22,3,0,0,0,5,33,64,3,3,16,8,3,2,5,7,19,15,0,4,19,1,3,0,5,2,14,5,0,6,16,14,30,13,2,2,36,1,3,7,0,5,7,2,1,13,17,3,13,1,2,16,27,4,5,0,1,18,24,9,2,1,2,0,5,7,14,5,1,18,11,10,3,3,9,4,10,1,27,9,3,2,1,0,22,11,19,2,4,2,12,1,23,23,14,12,12,1,15,1,9,4,4,8,7,5,26,25,47,2,3,3,1,9,0,8,10,30,4,3,4,4,3,31,18,2,2,4,17,16,1,14,14,0,0,1,4,6,15,12,14
"1",14,3,0,2,22,0,16,18,6,5,3,27,24,4,5,3,2,2,10,21,0,39,17,23,3,0,14,11,38,8,1,5,2,7,17,1,20,19,5,10,4,1,1,26,20,8,3,8,25,3,35,0,1,11,3,2,1,24,1,6,5,19,6,0,1,1,15,18,16,28,0,38,0,2,6,0,4,13,5,26,3,6,7,1,8,25,4,3,0,12,4,13,13,11,40,2,2,8,15,7,8,6,9,0,0,26,2,0,12,4,0,30,24,4,2,3,0,6,1,1,0,1,19,1,7,16,4,5,2,8,2,4,1,11,1,9,2,16,1,23,0,2,5,6,2,1,20,2,6,17,7,1,0,36,7,23,4,9,1,1,13,4,4,7,0,1,4,15,3,8,1,7,1,3,0,27,25,1,22,0,3,2,4,3,37,64,4,4,11,12,4,5,7,1,10,16,0,5,22,4,2,2,5,0,14,4,0,4,12,5,21,10,1,0,43,1,1,15,3,2,6,2,0,16,28,3,9,3,2,5,22,1,2,0,3,15,21,8,0,5,5,0,4,6,23,3,0,18,4,7,5,6,10,5,9,2,35,7,2,4,4,0,39,4,12,1,11,0,7,0,23,35,25,16,17,3,16,0,7,1,6,5,5,9,22,18,47,3,1,12,4,5,1,7,16,24,2,3,4,4,4,16,12,2,3,0,22,23,1,24,17,1,0,0,5,3,9,13,16
"1",21,2,2,5,19,0,15,18,4,3,2,32,15,4,18,2,10,1,14,14,1,31,18,18,1,1,8,4,37,4,0,4,0,8,9,1,15,27,5,8,2,3,4,20,10,5,3,7,19,2,15,2,4,10,0,2,0,24,2,15,3,13,3,1,1,2,11,23,33,29,2,40,1,3,8,0,3,11,8,19,4,8,10,0,6,27,1,9,1,11,6,14,9,11,31,3,8,4,15,15,8,5,9,3,1,13,1,1,16,0,0,31,24,10,5,0,2,6,2,0,1,4,6,1,1,15,10,10,10,7,6,3,7,8,2,16,1,19,0,28,2,1,0,12,4,1,12,6,4,26,16,1,3,30,2,22,5,1,1,5,6,0,4,10,1,7,5,8,4,4,0,2,2,7,1,26,40,3,27,0,1,0,0,2,33,58,3,7,10,7,6,4,10,3,14,17,0,2,21,5,0,3,4,2,9,4,2,5,14,9,36,12,1,2,44,1,0,8,3,3,7,1,0,11,24,1,16,4,5,4,14,3,4,3,3,8,21,8,1,6,2,1,4,10,32,5,1,16,9,12,2,8,6,3,2,0,23,10,2,2,1,1,29,3,19,0,6,0,14,1,27,28,15,19,14,3,17,5,7,1,4,5,7,12,19,12,21,0,1,3,0,6,1,11,12,34,4,6,3,1,1,17,15,2,1,5,13,21,1,28,9,0,0,1,3,3,14,2,12
"1",18,3,1,4,22,4,11,15,9,1,0,25,19,3,11,2,6,0,22,34,1,18,11,14,0,1,11,11,51,3,2,3,3,7,16,2,21,35,5,14,0,6,2,34,14,5,1,8,26,0,18,0,1,2,1,6,0,17,3,8,1,18,4,0,6,3,21,16,24,15,2,33,1,3,1,2,0,14,14,17,1,4,14,1,15,9,1,0,0,7,2,25,13,8,39,1,3,1,12,7,9,2,9,4,3,25,1,0,10,7,0,20,19,17,3,4,1,11,0,2,0,8,10,2,1,12,6,7,3,2,0,1,2,16,0,7,1,29,0,20,2,3,1,18,3,3,17,5,16,10,11,1,3,22,3,27,1,2,2,3,2,3,5,13,2,4,4,5,3,6,0,7,0,0,0,15,18,3,19,0,2,1,1,1,25,50,2,10,14,8,10,1,9,2,20,16,2,4,16,7,2,3,9,0,17,1,0,4,18,5,33,15,1,0,31,0,5,10,1,2,10,6,1,23,27,4,22,6,3,10,15,6,4,2,1,7,9,13,0,5,2,2,4,5,21,3,0,18,7,9,6,6,5,2,0,0,20,8,0,2,3,1,31,11,18,8,5,2,8,0,31,20,11,19,16,4,20,0,8,2,9,5,6,7,28,25,43,1,2,1,3,1,3,7,13,21,1,5,7,7,5,16,10,3,1,4,16,22,0,15,16,1,1,2,5,12,11,8,26
"1",17,3,3,2,9,0,11,12,12,6,0,21,17,4,17,3,3,1,10,24,4,27,23,17,0,1,9,5,56,6,1,6,3,7,26,2,22,37,5,9,5,9,1,24,18,4,2,11,19,1,30,2,1,8,3,8,3,35,7,10,0,12,4,3,0,1,24,30,22,31,2,35,0,2,6,2,0,20,7,12,8,3,11,6,8,12,3,3,1,5,4,10,7,7,27,2,10,7,14,16,14,5,7,1,3,27,6,0,13,4,0,26,22,7,1,2,0,7,2,2,0,1,13,2,3,17,5,7,5,3,4,2,3,9,4,5,1,18,0,26,5,3,3,5,1,0,19,6,9,13,8,2,0,24,14,18,1,6,3,6,17,0,3,9,2,1,1,1,5,4,0,6,1,3,0,25,16,2,19,1,2,0,2,1,33,55,1,4,17,8,6,3,4,4,12,19,0,2,17,6,0,5,7,0,12,7,0,3,10,5,26,15,1,2,27,0,1,3,3,2,6,9,0,14,18,2,15,4,11,5,16,2,5,3,2,19,16,8,1,1,3,1,3,3,21,4,1,14,15,9,2,9,7,2,8,0,32,13,0,4,2,4,29,3,17,2,13,3,8,0,48,36,26,21,8,2,17,5,13,5,6,6,6,10,24,18,34,2,4,6,4,5,2,11,22,21,2,4,5,6,1,21,4,0,1,4,10,23,2,15,13,0,1,3,7,9,11,10,18
"1",15,2,0,2,13,1,17,25,10,2,1,24,6,0,11,1,2,1,15,24,3,24,13,13,1,1,8,5,37,6,0,5,1,8,18,2,20,29,5,14,0,8,4,21,21,11,2,7,33,1,21,0,0,4,3,2,3,26,4,5,3,15,4,5,0,1,27,24,19,19,1,31,3,0,10,1,2,15,7,23,11,4,13,0,12,21,4,2,0,4,0,8,13,10,37,1,7,1,12,12,8,2,4,0,3,18,1,1,21,1,2,42,20,8,0,4,2,2,2,2,0,2,8,2,1,15,4,5,5,8,4,1,5,5,1,8,4,33,0,35,1,1,2,14,0,0,24,3,7,9,8,1,5,21,8,15,2,6,4,6,9,2,8,4,0,5,4,9,3,12,0,5,1,1,0,31,19,5,18,0,2,2,2,4,27,71,3,9,13,6,9,2,5,1,15,11,0,2,24,5,1,5,6,1,7,4,0,1,22,10,27,12,3,7,45,0,2,5,1,3,4,1,0,19,18,1,26,4,6,11,23,5,6,1,0,8,24,2,1,3,2,2,5,6,29,1,0,23,12,0,6,7,5,2,6,0,22,15,0,1,1,4,42,3,13,2,12,1,7,0,28,45,13,18,5,3,13,4,9,0,8,13,7,1,35,24,43,5,11,3,4,8,4,7,11,26,0,6,8,2,3,22,17,0,0,1,10,18,4,13,15,1,0,0,13,6,13,11,14
"1",10,4,4,1,10,2,12,20,9,1,2,34,11,6,4,1,3,1,14,13,4,34,13,17,1,0,4,7,38,4,1,5,2,10,24,7,18,29,7,19,2,7,0,21,17,8,3,8,24,0,22,1,1,7,1,2,1,25,1,11,0,14,3,0,3,4,18,23,41,14,2,25,1,3,6,0,5,19,14,13,3,3,12,3,11,16,2,7,3,10,2,15,9,8,30,2,6,6,24,16,16,5,13,1,5,26,5,2,15,0,1,27,19,8,1,2,1,6,2,0,1,8,13,0,0,9,8,8,7,7,3,3,2,5,1,11,7,22,0,29,1,6,3,9,1,1,14,4,10,5,10,3,5,35,6,28,4,1,1,2,14,2,5,6,0,2,5,10,5,6,0,3,2,3,0,31,14,1,19,2,1,1,2,3,32,61,4,9,11,7,7,5,2,5,21,18,0,1,28,8,3,3,2,1,10,8,0,4,14,7,33,14,2,2,44,0,1,5,0,2,9,3,0,16,27,1,24,0,7,6,20,5,4,3,3,14,24,15,1,2,0,1,4,9,16,9,1,24,20,7,6,7,3,1,3,1,22,9,1,2,1,1,32,6,16,5,16,5,8,2,36,32,23,18,18,0,18,2,11,1,4,7,14,11,19,10,36,0,7,4,3,5,1,12,12,23,1,7,2,1,5,24,14,3,3,4,7,12,2,29,19,2,0,1,15,13,7,6,17
"1",10,9,1,6,19,2,15,15,4,0,1,24,39,5,12,4,4,0,11,20,3,36,3,15,5,1,11,9,57,1,3,4,2,16,24,0,25,25,8,9,2,10,2,16,16,5,1,7,32,0,28,3,1,7,3,3,0,23,2,16,2,15,4,1,1,1,28,30,25,18,0,37,0,2,10,1,2,14,7,11,9,5,6,1,11,15,3,3,1,9,3,13,15,11,38,3,6,0,14,11,7,5,6,2,0,31,3,1,14,2,0,28,18,13,2,3,1,7,7,1,0,5,11,1,2,14,7,11,20,9,0,3,0,13,1,8,0,15,1,28,1,4,3,13,2,0,24,8,9,6,7,2,3,21,2,18,2,8,4,4,4,0,4,12,2,0,2,11,6,2,0,9,2,1,0,22,14,0,16,1,1,0,4,1,25,61,3,5,17,10,8,6,5,2,13,6,1,2,22,3,1,2,5,1,1,2,0,6,23,8,28,9,2,1,49,1,2,3,2,4,21,3,0,17,15,3,13,0,7,13,20,4,8,0,2,13,19,7,1,0,1,2,5,6,15,5,2,16,14,7,4,10,8,8,5,0,33,11,1,8,1,2,25,3,17,5,9,2,6,0,40,24,15,26,10,4,11,2,7,3,7,10,4,7,27,21,36,0,3,6,1,6,4,7,11,22,3,4,2,0,3,27,20,1,0,2,15,13,1,11,14,0,0,1,6,14,7,6,12
"1",16,2,2,3,22,0,24,25,6,2,2,28,15,1,14,0,9,3,16,27,2,21,13,11,3,0,22,7,58,4,0,8,0,8,17,4,23,13,3,13,0,1,2,18,14,8,2,2,36,2,17,1,4,8,0,4,1,27,3,3,2,19,4,0,1,5,8,30,21,15,1,41,1,1,2,2,2,12,11,27,8,14,8,2,13,27,3,5,2,7,5,16,18,7,21,1,6,5,22,15,12,2,7,0,2,24,5,0,21,1,1,26,18,9,2,4,1,3,7,0,1,0,10,2,1,11,3,6,6,5,0,0,0,11,1,6,0,18,1,36,2,4,4,23,4,1,20,9,14,22,9,0,7,30,9,24,6,3,11,7,7,0,7,7,3,8,4,10,3,6,0,7,4,5,0,30,27,2,14,0,1,0,3,2,25,56,5,6,24,7,3,2,3,2,9,18,1,0,15,3,0,8,8,0,8,0,1,1,24,5,23,22,2,0,44,0,3,10,4,2,11,3,0,12,19,7,19,0,3,5,17,8,3,3,2,16,9,11,1,5,0,1,1,4,28,3,2,14,10,5,8,3,3,1,4,0,23,8,3,3,4,0,22,3,14,2,8,4,6,1,41,40,12,16,6,1,21,6,17,1,6,7,11,6,21,28,34,2,8,10,4,6,1,11,20,18,0,3,5,2,0,25,15,1,0,0,7,16,0,30,18,1,0,1,5,15,7,6,15
"1",19,7,4,1,14,4,14,16,5,7,0,23,22,6,17,0,0,1,20,25,5,28,21,17,2,1,8,6,40,3,1,5,2,4,23,0,18,17,7,9,3,5,7,25,18,4,1,10,23,3,23,0,0,12,2,5,0,30,7,8,0,12,2,0,0,5,22,26,35,22,1,26,3,4,10,2,1,20,10,24,6,7,9,1,10,23,1,6,2,10,3,23,9,16,43,1,13,6,13,13,14,3,4,1,5,24,2,1,19,2,0,31,24,7,2,5,0,5,4,0,1,4,11,0,2,12,3,10,9,3,1,1,0,12,2,7,3,32,0,29,2,6,4,11,2,0,18,7,6,13,10,2,2,30,6,23,0,1,0,7,6,2,6,20,0,8,3,5,10,7,0,7,1,4,1,17,18,1,20,0,1,0,2,1,18,51,5,4,17,7,7,6,8,4,9,10,3,0,17,3,3,3,1,1,6,1,1,8,18,5,33,12,2,1,38,2,2,5,2,3,4,4,0,27,17,0,15,1,2,9,15,2,7,0,2,9,20,7,1,4,0,2,3,11,20,1,0,20,9,4,5,6,5,5,3,0,36,7,1,7,2,2,45,3,13,1,4,0,5,0,29,27,25,23,9,0,27,4,10,1,5,9,6,3,24,24,53,1,0,7,3,9,2,7,13,29,3,0,2,1,0,22,14,1,4,1,13,15,0,15,13,3,1,2,5,16,13,6,12
"1",12,4,2,2,16,1,13,13,8,4,1,27,23,8,5,5,3,0,8,15,2,34,15,18,0,0,8,5,40,3,2,1,5,7,20,0,30,28,3,9,3,9,3,24,11,4,5,5,41,2,26,4,3,6,2,4,2,29,1,12,3,13,3,2,0,7,17,23,19,20,2,39,1,1,5,1,1,4,4,26,6,7,9,1,5,22,5,1,0,10,4,16,19,8,29,0,8,6,16,16,19,4,5,0,10,24,4,1,10,1,0,35,21,9,2,1,0,5,3,0,0,4,14,0,1,16,5,11,15,9,0,0,2,8,0,15,2,19,1,27,0,3,11,8,6,1,23,10,8,14,17,3,5,27,7,20,2,4,0,4,5,2,8,7,1,2,0,8,5,5,0,5,2,4,0,33,24,3,16,0,2,0,3,2,38,69,1,4,5,6,3,1,5,1,13,11,1,0,20,2,4,3,1,1,3,2,0,5,22,6,24,13,2,0,32,2,0,0,4,2,7,4,3,24,25,1,16,2,3,5,12,6,7,1,1,15,15,10,1,3,2,0,3,4,16,5,0,15,13,13,3,8,7,5,7,1,32,12,0,9,3,2,30,6,18,4,8,1,4,1,31,35,20,16,18,4,17,1,12,3,9,11,6,7,23,16,36,0,2,4,0,12,1,6,20,33,0,2,7,2,3,15,19,6,3,2,19,20,1,19,21,3,0,0,12,14,8,12,25
"1",16,2,4,6,20,1,18,20,8,2,4,26,16,3,4,2,2,0,15,21,0,31,11,19,0,1,3,10,64,4,1,0,3,6,18,5,18,32,3,10,2,4,3,30,10,6,4,6,19,1,25,2,3,7,2,1,2,28,2,11,1,8,2,2,0,1,19,20,12,20,2,24,1,0,6,0,1,13,13,14,5,5,5,4,19,25,4,6,0,5,0,16,13,9,40,2,10,4,17,18,9,4,10,0,3,25,2,4,11,2,1,29,22,4,1,3,2,11,7,1,1,2,5,0,0,14,7,2,15,1,6,1,4,18,3,5,4,24,1,20,1,5,5,13,2,2,25,6,19,16,12,5,4,25,3,24,3,6,0,3,10,2,5,11,1,2,3,5,4,2,0,10,0,6,0,29,25,2,25,1,3,1,1,0,20,74,3,3,16,8,4,1,8,2,13,18,1,0,21,1,1,6,5,1,11,2,0,4,15,10,29,7,5,1,45,3,6,6,5,6,7,6,0,27,10,1,14,0,3,11,25,3,6,2,0,14,20,6,1,5,3,1,5,9,25,3,2,16,15,6,3,7,6,5,3,3,23,8,3,6,3,1,41,10,15,6,6,3,4,0,36,29,20,15,8,2,20,2,10,2,6,5,19,20,22,14,43,1,3,9,1,9,1,8,11,28,3,3,4,3,0,26,16,2,0,2,16,20,0,21,16,1,0,0,8,7,19,7,16
"1",16,3,0,3,18,0,15,11,8,1,2,18,17,4,10,3,1,1,17,37,3,30,22,13,1,1,17,8,42,4,4,8,4,9,24,0,22,21,4,14,2,4,4,19,16,4,1,3,27,0,15,0,1,8,5,0,3,24,1,9,2,12,1,1,0,0,22,23,29,25,3,37,1,4,7,2,1,12,5,18,4,9,6,1,6,25,2,2,1,9,4,22,10,15,37,2,6,3,12,23,15,3,9,0,1,28,0,1,13,2,0,32,15,8,3,0,0,3,3,3,3,3,11,1,3,20,2,7,7,6,4,0,3,16,0,9,2,23,0,22,2,6,4,9,1,0,24,7,8,7,7,1,1,12,9,23,7,7,2,5,7,0,6,16,2,1,1,9,8,9,0,5,1,3,1,19,19,3,9,1,1,1,1,1,24,84,3,5,16,8,8,1,6,2,9,18,2,1,17,4,6,1,7,3,5,1,3,3,15,10,27,12,4,2,36,0,8,2,4,3,9,2,0,18,17,1,20,1,1,2,21,3,4,1,0,15,22,4,1,3,4,1,8,5,20,7,0,25,9,3,0,20,11,3,5,0,31,14,3,6,2,3,44,5,7,3,4,4,6,1,18,42,13,19,3,2,12,4,5,3,7,3,6,9,25,20,39,2,5,7,1,5,2,5,13,23,7,2,2,1,4,21,13,2,1,0,17,14,3,16,15,2,1,3,1,11,9,9,19
"1",14,4,2,6,15,0,15,6,4,6,2,31,11,3,14,2,6,0,7,24,4,16,21,17,1,1,11,7,54,3,1,9,0,8,14,0,28,24,3,13,6,3,4,16,9,4,2,6,52,3,17,4,0,11,3,4,0,18,6,12,0,10,3,0,0,6,15,34,21,27,1,21,2,3,1,0,3,13,7,23,12,4,13,1,7,19,3,1,2,11,4,15,14,11,39,0,11,7,9,11,14,2,6,0,0,30,4,2,10,1,0,28,31,8,5,3,1,7,6,2,0,4,8,2,2,10,7,3,3,6,0,2,3,8,0,7,1,22,0,17,2,3,4,18,2,0,28,5,11,7,13,3,0,21,8,29,4,8,0,4,4,1,7,17,4,3,1,8,1,1,1,3,0,1,0,24,14,1,23,0,0,0,6,0,16,52,6,6,14,5,10,3,4,1,12,18,0,3,14,7,0,5,3,1,13,3,2,6,23,10,27,14,2,1,44,1,2,6,1,5,6,4,0,18,11,2,9,1,2,16,15,2,2,2,2,13,22,8,0,3,0,0,7,10,28,2,0,21,14,8,5,13,12,6,7,0,25,12,0,5,0,0,30,3,14,3,7,2,11,0,33,27,18,15,13,3,30,1,6,1,3,2,6,9,23,18,30,0,3,3,2,3,1,10,23,33,3,5,3,2,1,24,16,2,0,1,9,14,2,18,24,3,2,2,9,10,17,7,18
"1",19,5,2,2,36,2,21,10,4,7,3,32,26,7,16,2,6,0,7,31,5,24,21,13,4,0,7,5,58,6,0,12,5,12,26,0,28,23,1,13,0,2,1,29,19,9,3,6,32,2,28,1,1,10,2,3,6,18,1,10,2,15,1,3,1,1,28,31,18,22,1,18,0,3,5,1,1,7,13,19,5,7,12,2,19,13,2,1,2,9,3,10,11,5,41,1,12,8,12,20,11,2,8,0,0,33,2,0,9,2,4,26,25,8,1,4,1,4,2,0,0,2,10,0,0,15,4,12,6,8,2,0,3,6,2,12,1,23,1,25,4,3,6,8,3,0,25,2,8,11,11,1,6,33,4,15,4,4,1,3,12,1,7,5,3,4,3,7,4,6,0,9,3,2,2,27,23,1,9,1,1,0,3,3,33,47,1,5,24,9,8,1,6,0,21,22,0,2,19,5,3,1,4,0,9,1,1,4,26,6,23,17,2,2,36,2,4,3,3,6,4,2,0,19,27,0,18,2,2,12,24,2,6,2,0,11,13,6,1,2,2,3,3,9,19,7,0,14,12,13,4,7,8,0,9,2,18,17,2,6,5,1,31,5,23,1,8,3,6,1,24,42,16,18,10,5,15,1,6,1,4,3,7,1,27,17,37,3,1,7,3,3,2,6,22,30,1,2,4,5,4,20,8,0,1,4,9,10,1,19,16,2,1,0,5,10,13,10,12
"1",25,1,1,1,18,0,22,10,9,2,1,23,12,3,14,2,3,0,9,21,2,28,21,17,0,1,18,9,69,1,2,2,2,7,22,0,23,17,4,19,2,3,3,35,17,7,2,7,27,0,25,2,0,6,4,1,2,21,0,11,0,7,3,0,3,0,22,30,19,24,5,28,1,0,6,0,3,12,6,14,6,6,8,0,14,22,1,6,3,7,1,31,19,7,37,1,8,2,18,19,16,8,11,0,2,30,2,2,13,5,0,36,13,4,1,2,2,12,0,5,3,4,11,2,0,6,10,10,12,3,3,0,4,14,2,12,6,25,0,32,2,2,2,14,2,0,16,4,9,10,3,1,3,29,2,26,6,8,2,5,16,1,18,13,2,5,1,9,6,3,1,7,1,7,1,27,25,4,18,1,2,0,1,3,27,72,2,2,18,12,7,1,0,1,12,12,4,1,20,5,3,0,5,1,7,1,1,5,25,11,24,5,2,4,30,0,3,3,0,4,8,0,1,31,21,1,17,2,0,2,23,2,4,2,1,8,17,10,0,4,1,1,4,14,18,7,0,14,14,9,4,10,2,2,9,0,15,9,3,5,2,0,28,5,18,0,11,1,8,2,24,34,14,11,15,0,24,2,8,4,9,2,6,5,24,18,27,4,5,6,4,4,1,10,16,14,4,3,3,8,3,24,12,4,1,0,21,24,2,13,12,1,1,1,5,6,4,12,15
"1",16,2,3,1,13,0,16,17,6,6,0,18,15,2,10,3,8,0,10,28,6,31,23,16,1,1,10,7,42,5,0,2,1,8,29,1,28,17,4,19,1,8,8,24,13,9,4,10,22,1,24,2,0,7,0,0,0,26,1,5,1,15,6,1,0,1,11,30,34,20,1,35,2,1,8,1,2,14,10,14,8,5,9,1,7,17,1,5,1,3,1,10,8,5,45,0,8,3,24,15,8,2,5,0,0,24,0,1,8,0,0,31,16,9,0,1,0,12,5,5,1,6,12,1,0,20,5,6,10,7,4,0,4,2,3,9,2,17,0,24,5,5,5,16,1,0,28,10,9,17,12,1,0,19,2,24,4,1,1,2,9,0,9,13,2,6,0,4,3,7,1,6,0,1,0,22,26,0,12,1,1,1,4,0,42,58,2,7,16,7,4,1,3,1,10,26,2,0,24,4,4,4,3,1,4,0,0,5,17,7,23,10,2,2,36,0,5,5,0,6,11,3,0,17,25,1,16,0,2,5,15,1,6,1,0,13,20,8,1,3,0,1,2,10,24,1,0,14,11,4,4,4,7,7,4,0,17,11,2,12,2,1,30,7,9,2,6,0,4,2,32,29,19,14,16,0,10,1,4,1,7,4,10,11,32,24,37,4,3,3,0,3,1,9,20,22,3,5,4,5,1,16,11,3,1,5,20,17,3,13,18,1,0,2,13,14,7,8,17
"1",23,0,3,2,17,0,13,11,7,4,0,28,16,2,6,2,3,2,22,22,2,33,18,13,1,4,2,3,38,5,0,2,4,5,20,0,20,29,0,15,0,4,0,23,14,7,2,10,32,1,21,3,2,3,1,6,1,27,5,10,2,11,3,2,5,3,14,24,19,31,2,28,0,2,3,2,2,35,10,30,6,8,14,1,8,28,3,2,2,10,0,20,9,7,37,1,7,2,15,24,20,6,12,2,2,27,5,0,8,1,0,25,21,8,0,1,0,8,5,0,1,4,5,1,4,12,3,2,3,5,0,1,0,4,2,11,1,22,1,30,0,4,5,12,4,4,11,4,9,15,9,1,4,22,3,27,4,3,1,6,8,1,3,4,1,1,8,8,9,9,0,6,3,4,0,26,22,2,25,1,0,0,3,0,17,67,2,12,12,8,15,4,5,3,12,14,1,0,25,7,6,3,12,1,13,1,0,4,31,8,24,6,4,2,42,3,4,5,3,3,11,6,0,20,17,1,15,2,1,6,31,3,4,2,0,12,20,5,1,2,0,4,1,6,22,2,0,26,15,10,4,11,6,3,1,1,24,12,2,7,2,1,33,5,26,1,8,3,10,0,18,29,24,13,9,4,14,2,5,2,9,2,10,7,22,17,33,3,3,7,2,7,2,16,21,21,2,3,1,3,1,20,5,2,0,1,8,13,5,26,19,0,0,2,9,5,6,10,22
"1",12,1,2,5,29,0,17,11,7,5,0,25,16,7,13,3,3,0,10,27,2,31,20,15,0,0,10,6,34,3,4,6,3,11,23,3,27,25,3,18,2,6,0,26,8,7,0,6,34,0,18,4,2,10,0,4,2,22,1,13,1,13,6,0,3,0,17,31,24,24,1,33,1,0,5,0,3,13,14,30,7,4,6,0,3,17,0,1,5,11,0,15,15,13,45,1,10,2,11,18,15,2,6,0,1,25,0,0,11,1,0,40,19,6,4,1,0,7,2,1,0,4,8,3,0,7,3,8,13,4,2,2,3,6,2,6,1,30,1,32,2,0,4,11,0,1,24,5,10,10,5,4,2,15,1,22,3,4,1,4,6,1,5,16,0,4,5,11,4,5,0,2,3,3,1,27,31,1,24,5,3,1,2,0,25,65,5,8,23,5,7,9,11,4,22,9,1,0,27,5,3,6,9,0,18,0,2,3,27,5,26,6,1,1,62,1,5,4,2,7,7,5,0,25,26,2,17,2,0,4,20,6,4,2,7,10,6,2,0,1,2,4,3,17,24,3,0,15,9,4,5,6,5,9,4,3,22,11,0,7,0,3,30,4,17,2,9,5,7,0,28,39,12,20,14,4,17,6,7,2,4,5,4,8,29,24,32,2,8,3,1,1,0,7,20,20,4,7,5,6,2,26,12,3,0,3,12,17,0,19,11,2,2,0,5,15,8,8,21
"1",21,5,3,1,33,0,11,15,7,6,1,26,17,2,10,4,3,0,10,29,2,34,10,10,2,1,10,5,53,3,5,5,1,10,35,0,22,22,0,12,3,3,3,20,7,8,0,4,26,3,26,2,1,7,2,6,4,23,9,7,1,4,1,0,1,5,10,30,16,24,2,33,1,0,6,2,3,24,8,13,8,4,8,4,7,21,2,5,2,4,3,18,16,6,37,2,8,10,7,15,23,4,10,1,3,20,0,1,15,2,0,29,24,7,3,2,2,6,5,0,1,4,10,2,0,15,7,14,7,5,0,1,4,11,1,7,3,20,3,27,0,0,5,11,2,2,20,9,10,12,13,2,0,21,11,19,6,3,4,3,2,2,4,10,0,2,0,13,2,5,0,5,1,2,0,31,21,2,14,1,0,0,1,3,32,54,2,6,12,10,7,2,7,2,12,15,2,1,24,4,1,3,3,0,9,0,0,3,13,10,21,12,0,0,49,1,3,10,1,1,5,4,1,14,18,1,22,3,5,6,20,5,1,3,0,13,11,10,1,5,3,1,6,8,35,4,0,16,8,11,4,6,6,6,8,1,27,12,0,9,1,1,42,10,13,5,5,4,9,0,39,21,25,15,7,2,22,4,7,6,11,9,4,9,24,12,41,1,3,4,0,7,2,13,12,21,1,4,3,2,4,27,11,1,1,1,14,21,0,18,16,2,0,2,5,11,16,13,10
"1",19,2,1,6,26,0,17,18,10,5,1,36,17,5,11,1,1,4,11,12,2,27,13,24,1,2,10,5,49,2,0,3,3,8,17,0,22,20,4,10,4,9,3,24,12,7,2,7,32,2,17,1,3,7,2,1,0,30,4,7,1,20,4,1,3,3,22,23,22,26,2,26,5,2,4,0,0,12,5,19,5,9,5,2,7,21,5,1,3,5,4,25,6,6,37,1,6,3,13,15,21,5,11,1,2,11,2,2,6,0,3,24,24,5,0,3,1,9,6,1,1,4,15,0,0,15,6,9,2,6,3,4,1,18,1,15,3,19,1,26,0,2,1,11,1,1,17,9,13,18,7,4,3,20,7,14,0,6,0,1,6,2,12,6,3,3,5,6,8,12,1,10,0,0,0,24,23,5,9,0,4,0,3,3,30,61,3,5,15,9,1,4,3,10,12,13,0,0,24,4,3,2,6,0,8,3,1,4,27,7,43,12,0,3,44,1,4,4,0,2,7,0,3,30,13,0,13,0,5,3,18,8,5,3,2,7,24,10,0,4,0,0,3,9,26,7,0,11,14,5,5,6,4,1,11,1,29,18,1,1,6,1,36,3,17,2,5,0,10,0,30,40,18,15,11,0,16,11,2,1,8,7,5,6,25,15,32,0,1,6,2,1,1,4,12,28,6,1,5,3,0,42,16,3,2,1,9,21,0,15,16,2,1,2,10,9,9,8,23
"1",18,8,1,2,36,0,23,12,7,7,0,27,17,5,8,3,2,0,15,23,5,28,13,14,0,0,4,8,33,6,1,10,2,11,23,3,15,18,4,10,5,7,4,23,15,9,3,2,28,3,26,2,3,9,1,4,1,26,1,15,1,18,1,3,4,3,16,30,39,22,2,43,4,1,4,0,2,18,12,22,11,4,9,0,5,34,3,2,3,3,3,7,8,13,53,0,6,3,23,19,11,5,13,1,2,34,2,0,6,4,0,24,20,10,2,2,0,5,2,1,0,1,15,0,1,17,7,8,5,12,5,2,4,11,0,6,1,11,3,21,0,6,5,17,3,0,29,3,13,16,16,3,0,25,10,26,5,4,3,3,10,3,4,9,1,3,1,6,6,3,0,5,0,2,0,22,20,1,22,0,1,0,1,0,23,68,2,4,17,16,5,3,8,3,13,13,2,0,23,4,2,4,3,1,4,5,0,5,20,3,35,11,1,3,30,1,4,6,1,0,15,4,1,19,23,3,24,2,6,10,22,7,0,1,1,7,19,6,0,6,2,3,3,7,27,3,2,22,11,8,3,8,5,1,5,1,29,9,2,3,2,1,32,3,14,2,6,6,11,1,46,23,16,17,15,2,18,3,4,3,7,6,2,6,24,17,41,2,6,4,1,6,2,7,18,21,2,4,5,0,2,9,14,1,0,1,7,15,1,18,18,3,1,3,10,4,13,10,28
"1",24,9,3,3,17,0,17,16,12,9,1,33,22,10,11,1,2,1,9,21,2,16,18,17,4,3,11,2,60,1,0,3,0,2,12,1,20,31,7,12,2,9,5,22,8,3,0,4,41,2,37,0,2,15,3,2,2,25,2,9,3,15,7,1,1,1,12,33,22,18,7,35,0,2,3,3,2,16,4,24,8,7,6,3,6,26,0,3,1,8,2,14,7,6,38,1,3,8,20,19,10,5,8,0,4,29,1,1,11,0,0,35,27,9,3,5,0,4,2,0,1,1,11,1,0,15,7,6,8,5,2,2,2,14,1,8,2,21,3,21,0,1,6,12,3,0,31,6,7,9,10,4,3,20,8,24,4,5,2,4,8,1,6,9,2,4,2,5,5,1,0,6,1,6,0,31,25,0,18,3,0,0,2,2,19,53,1,5,21,14,7,4,9,2,13,17,2,3,18,2,1,7,3,2,5,4,1,3,25,13,31,15,3,3,43,0,0,7,0,4,7,1,0,20,12,1,13,4,6,13,18,3,1,1,0,14,8,5,1,2,2,2,4,6,23,3,1,12,11,7,9,12,2,3,2,0,27,8,1,2,1,2,41,4,20,1,8,3,9,1,35,31,11,26,11,1,28,3,6,1,4,9,12,8,17,22,40,2,1,6,3,5,1,9,13,30,3,4,10,2,1,13,16,0,1,0,8,18,1,13,12,3,0,1,9,13,12,8,13
"1",14,4,0,5,19,0,15,13,13,2,3,24,19,2,12,1,5,0,8,30,3,39,17,18,1,1,9,6,38,0,2,8,0,8,21,2,28,19,4,11,1,4,2,26,11,3,2,7,22,2,19,3,4,11,0,1,1,25,1,5,6,15,5,1,1,0,14,34,23,16,2,32,1,0,4,1,3,16,11,22,4,1,10,0,11,19,4,0,0,4,3,15,15,11,38,0,7,5,11,16,7,2,5,1,1,29,3,1,7,0,0,37,22,8,1,2,0,6,4,2,0,0,7,0,2,18,7,15,9,6,4,1,4,11,1,24,0,15,3,22,4,3,5,11,1,0,22,7,12,11,11,3,0,18,5,21,3,3,1,5,11,0,11,8,1,7,4,10,5,4,1,2,1,2,1,27,16,3,20,0,1,0,2,0,26,47,2,4,7,10,5,2,4,2,16,18,0,0,20,5,1,4,3,3,7,8,0,6,21,8,27,17,1,0,38,1,4,6,3,3,9,3,2,15,28,1,18,2,8,8,20,4,2,3,7,8,11,7,0,5,1,0,4,9,17,3,2,9,9,7,5,12,7,3,2,1,25,13,4,4,3,0,30,4,18,2,7,1,9,0,35,24,16,10,15,4,20,2,4,1,4,5,12,11,24,14,31,3,1,2,0,0,0,3,16,18,1,2,4,0,2,16,11,1,3,1,10,29,3,24,9,2,1,3,7,7,10,15,17
"1",19,2,1,3,13,0,19,22,4,0,0,35,27,8,12,2,7,3,21,21,3,30,18,12,2,1,10,5,49,2,4,8,5,3,21,2,27,21,4,6,2,9,8,17,14,5,2,5,21,4,12,1,3,7,3,1,0,51,3,11,1,15,4,0,1,2,12,27,21,21,1,31,1,4,5,0,3,12,7,16,9,4,10,0,13,14,1,4,3,8,0,17,7,7,42,1,5,7,19,13,10,2,6,0,5,28,0,1,12,1,1,16,19,9,0,1,0,6,4,0,2,0,8,1,5,17,8,10,5,3,2,0,3,12,2,7,3,8,1,36,2,1,5,8,3,0,16,8,5,15,8,5,0,27,7,18,5,6,1,3,8,2,5,4,1,4,1,4,5,2,1,5,1,1,0,33,20,1,17,0,2,1,5,4,26,70,4,6,15,9,7,4,1,3,16,12,1,2,18,5,3,4,4,1,15,1,0,2,25,11,21,5,1,3,32,0,2,7,4,9,5,1,0,17,27,1,24,3,8,8,19,5,3,2,3,8,22,7,3,1,1,0,6,9,23,4,2,21,9,9,4,4,4,3,7,1,32,4,0,3,4,0,28,10,17,1,13,0,9,0,29,33,17,15,18,1,12,1,4,1,11,4,3,6,30,16,58,2,1,4,2,5,3,10,18,21,2,5,1,4,1,22,14,1,0,1,7,10,1,17,15,3,1,0,5,10,13,8,14
"1",14,2,1,1,14,0,20,16,3,4,3,29,16,4,22,5,9,0,14,24,5,26,19,13,2,3,8,6,59,1,1,4,3,5,34,1,27,35,2,11,4,1,1,17,6,6,5,5,27,1,24,3,3,9,4,1,0,30,3,8,0,14,6,1,1,1,21,26,21,36,4,31,2,0,0,3,3,16,16,17,7,5,11,0,5,16,5,3,2,7,0,11,11,7,42,1,4,2,21,10,6,3,10,0,0,28,2,1,12,1,0,27,19,6,5,2,1,6,2,0,0,1,16,4,3,13,7,9,10,7,2,1,3,11,2,14,1,13,0,20,0,4,4,7,2,0,21,8,9,15,13,5,0,30,1,37,4,5,2,6,6,1,6,6,0,3,6,6,6,9,0,8,0,4,0,35,15,4,22,0,0,0,7,5,28,60,5,2,15,10,1,1,4,3,16,14,0,3,22,6,3,5,3,1,11,0,0,5,20,7,32,11,1,2,42,1,1,8,2,2,8,5,2,18,22,1,22,3,1,12,19,3,1,2,3,14,19,12,2,4,2,6,2,7,17,4,1,18,7,4,3,12,5,5,9,3,32,16,2,12,1,0,33,6,10,4,8,1,7,0,26,20,18,21,16,3,15,2,4,1,1,3,5,10,25,24,42,0,9,6,2,7,0,11,15,29,3,4,4,2,2,32,9,1,1,2,18,12,0,10,17,1,0,2,6,11,10,8,10
"1",18,4,0,5,25,2,21,9,2,6,5,32,17,5,9,4,3,1,6,23,4,23,11,17,2,1,6,4,45,4,0,4,2,6,29,1,21,28,5,12,4,9,4,13,12,4,4,11,27,2,21,6,0,5,3,1,0,22,5,3,1,8,4,0,1,0,10,28,27,15,3,44,6,1,7,0,0,14,6,25,15,6,20,0,6,18,3,2,2,8,3,17,4,10,35,1,13,8,14,16,12,4,6,0,2,17,1,0,10,0,0,42,19,5,1,3,1,12,5,0,1,2,4,2,1,23,6,6,6,4,7,2,3,10,0,19,3,18,1,35,0,1,8,13,3,1,20,7,10,16,7,7,0,30,6,26,3,3,1,2,9,0,4,16,1,10,3,8,1,2,0,8,1,1,1,34,13,3,16,0,0,2,3,1,27,49,5,10,22,4,8,4,4,1,29,14,0,1,22,9,4,2,6,2,4,1,2,4,32,6,18,22,4,0,43,0,2,9,1,4,11,0,0,27,22,2,12,2,4,8,31,4,1,1,1,9,16,6,2,3,0,3,3,9,15,5,0,14,7,7,2,5,5,4,5,0,18,15,1,7,1,0,29,9,15,1,5,3,9,0,33,40,23,18,9,2,20,5,1,2,4,7,10,6,31,9,32,0,7,3,5,3,5,14,10,21,6,6,2,2,2,29,9,1,1,1,16,11,2,11,11,0,1,1,8,5,12,6,10
"1",10,0,2,5,21,1,12,16,11,1,1,17,19,5,15,4,4,2,25,19,1,37,17,17,5,2,8,4,54,4,3,4,0,3,27,1,25,23,1,12,1,11,1,23,16,8,5,12,32,1,14,1,1,9,3,4,1,24,3,10,2,19,4,2,1,2,21,31,16,26,1,23,2,0,8,2,4,6,6,12,3,7,7,2,8,31,2,2,2,9,3,15,11,8,35,1,8,6,17,17,9,3,9,0,2,21,5,0,20,4,1,26,24,10,5,0,0,6,2,2,0,2,11,0,0,21,7,7,13,2,3,0,1,5,2,16,4,23,1,30,0,1,4,19,1,2,19,11,11,26,17,2,5,20,10,20,5,7,3,4,12,2,8,22,1,7,2,8,3,1,0,2,0,1,0,31,14,7,20,0,0,0,4,3,29,64,5,6,21,8,8,4,2,5,12,9,1,2,19,1,2,5,5,1,13,8,0,6,22,4,30,19,2,1,42,3,5,2,2,1,5,3,0,28,16,4,17,1,6,9,19,5,6,4,0,11,17,11,1,5,6,2,4,5,27,5,1,11,18,5,2,6,6,2,3,0,19,16,0,6,0,2,37,4,14,0,7,4,8,0,32,38,24,18,7,4,9,3,6,1,3,4,9,5,15,12,23,3,2,12,1,2,1,7,22,18,5,9,7,1,3,24,20,2,2,0,24,14,0,11,9,4,3,1,4,3,18,10,15
"1",10,0,1,5,18,0,8,23,12,3,0,33,15,6,10,3,13,0,12,26,0,37,15,23,3,0,7,7,45,5,1,3,1,10,22,0,20,21,6,17,4,3,3,11,16,14,2,8,28,1,21,0,2,10,3,0,2,20,4,8,3,10,1,0,4,4,20,25,22,34,4,24,3,4,13,3,1,21,4,17,3,4,15,2,10,16,3,1,3,13,2,9,10,4,44,1,14,4,11,16,16,8,4,2,1,29,0,1,8,2,1,33,23,4,0,1,1,3,0,2,0,5,11,1,0,17,6,8,6,4,2,0,2,19,1,17,2,21,0,18,1,2,4,14,2,2,16,3,8,10,9,6,3,19,9,21,3,6,5,3,12,0,11,13,1,6,3,11,6,3,0,9,2,2,0,29,17,3,18,0,0,1,3,6,28,56,5,5,13,9,8,6,5,1,15,21,2,1,20,9,0,6,5,2,3,1,0,2,26,12,30,16,0,2,26,0,2,8,0,3,7,2,1,16,20,4,27,3,4,6,14,1,5,1,0,6,25,15,2,2,1,1,8,10,24,6,1,25,17,5,3,10,6,3,4,2,30,6,2,5,2,0,40,4,16,0,5,2,14,2,32,31,15,19,14,3,22,4,4,2,5,5,8,10,27,18,34,3,3,2,2,4,0,14,21,26,4,5,9,2,1,34,14,0,1,0,20,17,1,23,20,1,1,3,15,10,10,13,16
"1",7,1,3,2,39,1,13,19,8,3,2,32,12,6,11,2,5,1,11,17,4,32,20,17,1,0,10,9,44,5,2,1,3,8,19,1,21,40,7,12,4,4,3,36,17,6,5,6,28,0,21,1,0,13,2,1,1,22,4,15,1,6,1,1,2,4,26,25,16,15,3,34,0,4,9,1,2,15,6,17,5,8,7,1,8,20,1,3,1,3,2,16,16,10,32,1,6,2,12,8,8,7,8,3,0,36,1,1,14,3,1,28,24,5,0,4,0,5,7,1,0,4,8,0,6,16,5,8,5,3,3,1,8,5,1,9,3,19,0,17,1,3,7,13,2,1,24,6,8,20,11,2,0,39,5,25,3,6,3,2,6,2,3,12,2,4,5,8,6,6,0,8,1,2,0,24,23,1,22,2,0,0,4,3,17,47,10,2,16,11,2,1,4,4,20,20,0,1,27,6,3,5,5,2,10,1,2,5,20,9,46,11,3,3,34,4,6,7,2,4,7,4,0,27,30,3,12,1,4,2,20,1,2,1,0,15,14,8,1,3,1,0,4,7,16,4,1,12,12,2,7,14,5,2,7,1,19,8,0,6,2,1,39,6,10,0,9,4,4,1,25,35,19,17,8,3,19,4,2,1,5,3,8,8,17,15,45,3,4,8,2,4,1,6,11,28,1,7,2,1,1,22,3,0,2,1,12,20,2,19,20,1,0,4,5,8,7,7,8
"1",27,2,3,3,18,0,18,14,7,3,0,29,9,3,18,0,7,1,16,22,4,35,26,17,1,1,9,4,58,7,0,2,3,4,33,2,26,18,5,13,1,2,1,35,10,7,4,3,35,3,23,2,2,6,2,0,3,40,2,11,1,6,1,0,0,2,11,33,29,17,1,41,2,0,5,0,7,12,12,20,11,6,9,0,8,13,1,3,1,5,0,12,15,12,39,1,3,1,22,19,10,5,11,1,0,22,4,3,19,6,1,32,23,10,1,3,1,6,3,0,1,4,9,0,2,18,7,6,3,6,5,0,5,8,0,13,1,22,1,30,2,4,4,12,2,1,18,4,6,13,14,2,1,20,8,22,3,10,3,7,14,1,4,9,1,2,6,11,5,4,1,9,1,5,0,21,17,5,19,0,2,0,2,2,25,75,5,3,18,13,8,2,2,1,13,18,5,1,17,7,5,4,4,0,6,3,0,7,13,14,25,16,0,3,45,1,1,4,0,3,10,5,1,25,25,0,21,1,4,11,20,5,0,0,0,11,16,4,4,5,1,1,6,13,23,0,1,15,17,6,2,8,2,4,7,1,11,4,4,6,6,1,32,7,12,3,9,1,8,0,27,30,18,12,7,3,22,3,7,3,6,13,1,9,27,23,27,2,10,3,1,8,2,7,23,31,7,8,5,2,2,23,15,2,3,1,20,16,1,20,10,3,0,3,5,14,12,3,7
"1",13,2,1,1,22,1,25,12,7,5,0,23,14,3,24,3,3,0,15,22,3,21,16,21,2,1,5,6,52,5,1,7,2,7,21,1,30,29,2,16,8,3,1,16,19,8,1,5,20,0,24,0,2,4,0,0,0,17,3,4,1,12,4,0,2,1,12,34,14,28,1,29,1,2,7,0,2,16,12,16,3,6,11,1,3,19,5,5,0,13,0,12,17,11,50,1,8,4,14,16,4,9,4,0,4,25,1,3,10,8,0,35,19,5,0,3,1,3,8,0,1,4,3,1,1,17,4,6,12,6,6,3,0,5,0,8,3,17,0,31,1,2,4,14,1,1,21,5,15,13,10,1,1,19,4,27,1,5,4,3,8,1,10,7,1,3,0,6,5,3,0,5,1,3,0,26,22,1,24,0,2,0,4,1,21,61,3,5,28,10,8,2,1,3,12,16,3,3,15,7,1,1,6,0,14,3,2,6,26,5,36,21,0,3,29,0,0,10,2,5,4,1,0,18,18,0,18,3,4,9,25,6,2,0,0,9,11,4,2,3,0,1,4,7,16,6,1,15,14,8,0,9,4,6,8,4,16,5,2,5,1,0,40,3,8,5,5,3,9,0,35,33,13,11,11,1,28,5,6,1,3,9,6,11,25,16,36,1,9,6,2,7,3,3,8,28,4,6,4,1,1,23,13,1,1,2,7,10,2,24,17,0,0,4,6,7,9,5,15
"1",11,2,2,2,29,1,13,12,11,0,0,26,18,1,9,3,5,0,17,27,2,35,25,10,2,0,10,4,34,0,2,6,0,17,16,2,25,24,2,22,1,3,2,15,9,9,1,6,27,2,24,6,2,10,0,1,0,15,0,8,5,12,4,1,4,1,16,29,22,19,3,25,1,2,6,2,4,8,13,22,8,4,6,0,15,18,3,8,2,4,2,12,9,8,34,0,4,4,15,14,10,5,4,2,1,26,2,3,3,0,1,24,18,7,0,1,1,14,7,3,0,5,9,0,1,8,3,11,9,7,4,4,3,12,1,13,3,12,1,36,2,6,3,4,1,2,28,8,10,8,13,5,3,23,5,23,1,1,3,5,8,2,5,11,1,7,2,10,3,3,0,6,1,5,0,23,16,3,19,2,2,0,1,0,24,55,8,3,16,9,3,6,4,2,12,26,0,1,17,9,0,3,4,1,13,5,0,2,25,6,24,4,1,1,41,5,6,3,0,2,2,4,0,22,17,1,19,1,5,9,19,2,5,0,0,14,13,8,0,2,2,0,3,4,22,4,1,13,4,5,5,14,4,2,4,0,19,17,0,5,0,1,42,7,13,2,8,1,8,0,27,20,34,16,9,4,14,2,6,3,2,6,11,4,23,18,51,2,4,1,1,4,3,9,18,27,4,6,4,3,5,26,10,2,1,3,10,17,1,20,16,2,0,1,5,10,7,8,17
"1",15,1,2,9,19,0,12,22,5,4,1,29,24,0,23,0,9,1,14,13,3,31,24,14,0,1,12,3,45,3,3,6,2,6,17,3,25,32,6,11,3,7,4,25,16,5,1,7,30,4,20,0,3,5,3,3,0,15,3,18,1,16,3,1,0,3,13,18,22,31,2,39,1,2,6,2,3,9,9,24,9,2,12,3,15,32,1,3,1,10,3,24,5,8,26,1,4,2,13,16,14,1,5,1,2,31,2,1,6,1,1,37,21,12,4,2,0,6,3,1,0,3,12,1,9,20,9,5,10,9,0,0,2,6,1,15,7,18,1,28,1,5,4,9,2,1,16,4,16,10,11,2,0,29,2,34,5,6,2,5,8,2,2,13,3,1,4,16,8,6,0,3,1,2,1,33,17,7,16,1,2,1,5,1,22,61,7,1,17,6,2,6,9,3,13,28,1,1,26,6,2,3,8,1,10,1,0,3,29,12,18,13,1,1,44,1,2,10,2,2,9,3,4,32,21,3,11,1,3,5,23,1,0,2,2,12,21,8,2,3,2,1,1,8,31,5,1,24,11,4,1,7,7,2,3,0,22,12,1,6,1,0,35,12,17,2,4,4,5,0,30,48,16,20,16,1,13,0,8,1,3,2,13,11,15,16,41,1,4,5,1,4,0,5,22,16,3,3,3,1,1,30,8,0,0,4,13,10,0,16,12,0,0,3,13,12,4,14,16
"1",29,0,2,3,28,0,23,13,8,0,3,36,28,3,13,4,1,3,16,23,3,26,22,19,1,2,10,6,45,6,1,5,2,6,9,1,20,30,1,12,2,6,7,10,14,4,3,5,11,1,17,2,3,5,4,3,0,33,6,10,1,18,5,1,4,5,12,26,22,17,2,27,2,2,6,2,5,15,11,19,3,11,12,1,15,18,0,1,0,8,2,15,12,12,35,4,6,4,20,26,11,6,9,2,1,36,1,1,16,4,0,32,25,8,0,5,4,6,5,0,0,9,9,2,5,24,8,7,13,5,1,1,5,9,1,8,1,23,2,20,2,4,3,12,2,1,19,7,15,12,7,1,2,25,10,17,2,3,7,2,7,2,3,8,3,2,5,12,4,4,0,3,1,5,1,26,20,5,19,2,0,0,3,3,21,59,10,12,17,11,7,5,6,4,16,18,0,1,22,8,4,4,10,0,7,3,0,4,26,12,24,19,0,3,48,1,2,9,1,2,9,3,1,21,25,1,22,5,5,11,26,1,6,1,1,14,7,4,0,5,3,0,2,8,15,4,3,18,9,5,5,6,7,4,12,3,34,7,5,4,3,0,32,8,15,1,8,2,12,1,16,34,29,10,12,1,17,1,14,0,8,5,10,8,24,23,34,3,3,5,4,7,4,5,20,22,1,9,6,0,4,25,6,2,0,3,10,13,0,7,9,1,0,1,8,15,7,14,13
"1",12,3,1,4,23,1,20,14,2,1,0,28,19,2,9,2,4,0,13,36,0,39,18,24,2,2,6,11,47,5,1,3,2,3,16,0,29,35,4,9,4,7,3,23,17,1,4,5,26,2,28,3,3,5,5,6,1,14,5,3,0,12,3,3,1,6,23,34,18,22,2,42,4,4,2,1,0,13,7,22,5,10,15,1,15,23,3,2,0,5,4,14,12,16,50,3,15,4,23,20,8,3,6,2,4,32,5,2,16,1,1,31,20,14,1,3,0,9,2,3,1,0,4,1,2,21,7,5,10,8,0,1,4,6,1,8,2,17,0,18,0,4,5,13,2,1,31,6,8,13,13,3,1,14,14,26,1,5,2,1,8,0,5,13,4,6,6,11,2,4,1,7,1,5,0,23,23,1,18,0,0,1,2,2,23,60,8,6,20,8,5,1,7,0,11,19,4,3,22,6,1,6,5,2,11,5,1,3,30,7,33,20,3,1,31,0,1,6,3,5,17,0,2,23,16,1,24,1,8,11,28,5,3,0,1,14,21,6,3,3,1,2,8,11,20,6,0,22,9,10,4,7,4,10,5,0,25,12,0,5,1,0,26,8,19,1,4,4,12,1,30,21,15,19,11,2,19,4,5,4,11,6,7,8,13,14,33,1,2,4,3,3,0,7,17,20,2,11,6,0,3,29,10,3,1,2,12,11,0,35,14,1,1,1,3,12,7,4,17
"1",13,4,1,4,24,1,9,22,8,6,0,30,17,3,12,1,0,2,11,23,2,23,17,20,2,0,11,4,58,3,0,5,3,9,17,5,27,27,2,11,1,14,0,24,11,9,1,7,30,1,14,1,1,6,2,3,1,15,4,10,2,8,7,0,1,0,21,15,19,29,1,35,1,1,3,2,3,10,8,14,2,12,9,0,7,22,4,3,0,14,3,28,14,9,53,0,6,5,13,12,10,6,7,1,2,33,6,0,8,2,0,40,23,9,3,4,1,8,3,1,0,1,15,1,1,14,8,5,3,4,2,1,3,8,2,13,2,26,2,29,2,2,1,6,5,0,28,6,11,17,12,6,1,18,5,16,3,6,2,3,7,1,5,10,0,4,1,8,2,3,1,8,1,4,0,30,15,3,14,2,0,0,5,3,18,61,8,5,18,11,8,1,7,2,22,12,1,1,23,4,1,0,4,1,17,4,0,6,23,11,42,11,0,1,39,0,5,8,1,3,7,2,1,19,22,1,19,0,4,9,25,4,2,2,0,8,25,6,0,6,2,2,3,8,24,2,1,15,7,7,8,3,3,3,6,1,22,16,0,7,3,1,42,2,22,4,3,1,7,0,30,27,17,16,14,0,19,2,10,1,3,7,10,3,34,19,29,0,1,9,3,5,1,9,16,12,3,10,4,1,2,30,13,1,1,0,15,13,0,13,21,2,0,1,12,10,7,10,15
"1",13,3,1,8,23,1,24,23,9,2,1,23,18,3,9,1,7,0,13,18,0,38,16,13,1,0,7,2,44,3,1,8,2,9,17,6,27,25,2,23,1,12,5,21,20,3,2,11,30,1,23,2,2,7,3,1,1,37,1,12,3,14,3,1,3,2,13,25,29,29,0,28,2,2,2,0,3,11,11,14,11,3,14,1,11,32,2,2,1,10,3,1,9,8,41,0,6,1,9,25,10,7,7,0,2,21,3,2,8,2,0,30,17,7,0,1,0,5,4,0,2,0,8,0,6,9,2,4,3,2,3,0,2,8,4,12,3,18,0,29,0,6,2,14,2,0,27,4,9,11,9,4,2,30,3,35,1,4,1,2,7,1,6,11,1,1,4,6,3,0,0,5,3,11,0,20,24,4,24,0,1,0,5,2,33,50,6,8,10,12,7,5,8,2,21,11,0,3,12,4,0,3,3,1,9,4,0,1,19,6,36,9,0,3,36,1,1,3,4,6,12,2,0,22,25,3,29,1,3,7,15,3,0,0,3,12,14,10,0,0,1,1,3,3,21,3,2,20,21,6,0,7,6,4,4,1,26,14,0,2,4,1,36,6,22,8,10,2,3,0,29,29,19,15,10,2,21,10,8,0,6,9,2,2,16,15,36,1,4,7,0,4,1,8,16,22,4,4,2,0,4,28,8,0,2,5,8,19,2,9,12,1,0,2,12,4,5,13,17
"1",14,1,3,4,16,0,21,14,8,3,1,43,13,10,15,3,6,0,15,17,3,32,23,13,2,4,7,10,64,4,1,5,1,10,23,3,15,24,2,14,2,3,1,26,11,4,1,4,29,1,15,4,3,5,0,3,1,23,1,16,0,14,4,1,1,1,21,31,28,21,4,46,2,3,1,1,3,6,7,21,12,8,9,1,3,24,4,2,0,6,2,12,7,6,42,0,7,3,26,17,7,7,9,0,1,35,4,1,12,1,0,27,26,4,1,1,2,4,1,1,0,4,14,0,1,14,4,4,6,6,1,0,0,11,1,13,1,28,0,21,1,4,2,16,2,0,17,3,8,8,11,1,0,16,2,22,5,6,7,4,10,1,4,11,1,3,1,3,7,8,0,6,0,6,1,23,21,1,26,1,0,1,1,1,38,68,4,3,15,3,9,3,5,3,16,25,1,2,22,7,1,3,1,3,7,1,0,2,15,4,26,15,1,3,36,1,5,3,3,1,3,1,2,21,13,3,10,2,7,10,22,2,2,1,3,20,20,11,2,5,0,1,6,6,26,5,1,17,15,7,2,4,11,6,9,2,25,14,1,8,2,1,40,8,16,5,7,1,12,0,24,44,15,10,13,2,16,3,8,4,6,7,5,4,34,16,37,4,5,8,3,3,2,7,17,27,2,5,7,0,5,14,16,2,2,2,19,13,0,19,13,1,0,2,9,8,7,2,18
"1",20,3,3,2,20,3,19,19,7,0,1,17,28,1,11,3,7,0,14,20,2,28,10,14,6,3,10,5,51,0,2,2,1,4,17,3,27,41,5,7,4,6,6,17,21,8,2,10,30,2,14,4,1,5,1,3,3,29,5,5,0,14,3,3,3,4,9,17,27,19,3,26,2,2,9,0,6,19,5,19,13,3,11,0,10,17,2,1,3,9,0,9,11,17,32,0,15,4,18,11,17,6,6,3,1,36,7,2,8,1,0,31,21,6,2,2,3,2,4,1,0,7,6,1,0,12,3,7,4,4,3,2,4,8,2,13,3,23,0,23,1,1,1,4,5,0,26,8,18,6,8,1,1,20,6,21,5,1,3,1,10,0,7,15,1,7,3,13,3,8,0,5,2,4,0,28,24,2,20,1,1,0,6,5,37,59,6,12,17,12,7,3,4,1,27,17,3,1,15,5,1,4,4,0,1,2,0,5,25,9,37,14,1,1,42,1,7,6,2,2,7,3,0,16,22,3,8,3,6,12,15,0,1,1,1,14,19,5,0,6,1,3,4,8,26,2,2,18,4,8,2,9,6,6,8,2,26,8,0,5,3,3,33,4,21,1,9,2,6,1,20,38,23,24,14,4,18,1,6,1,6,4,4,7,27,17,37,2,2,5,2,10,2,10,12,12,1,7,5,3,0,25,16,1,0,0,19,16,0,12,15,2,0,2,7,1,12,9,10
"1",14,1,2,3,16,0,16,10,3,1,2,20,7,7,7,0,6,0,3,18,1,30,10,14,1,0,17,5,49,6,2,5,3,10,17,0,22,43,0,7,2,5,2,25,18,11,2,10,30,2,24,4,0,6,1,1,1,28,3,9,1,14,4,1,3,2,18,29,28,26,1,42,0,4,9,1,0,11,5,16,3,8,8,0,10,23,4,3,1,4,0,14,5,7,37,0,11,2,21,13,12,1,9,0,1,18,0,0,8,1,1,34,26,4,0,4,1,7,7,0,1,2,14,1,4,20,3,8,5,8,7,2,4,9,2,10,2,13,0,24,1,4,2,10,4,2,29,10,6,5,4,3,2,25,11,20,3,3,6,2,12,3,4,14,2,7,3,11,1,4,0,5,0,4,0,28,16,4,16,1,0,1,2,1,28,63,7,7,8,14,5,1,6,4,20,14,1,1,22,3,1,6,8,1,6,2,0,3,17,13,28,8,2,3,40,0,5,4,2,1,5,3,0,14,16,2,10,1,9,5,29,1,3,2,3,11,13,5,1,5,0,2,4,10,16,4,2,13,11,6,1,5,9,3,1,1,30,16,1,4,1,1,26,7,18,2,4,2,7,2,29,46,23,21,13,1,15,3,8,3,5,4,4,6,20,25,46,0,5,7,1,5,1,10,12,18,0,2,2,0,1,16,11,2,1,1,11,14,1,10,11,3,0,1,8,7,8,7,20
"1",22,4,1,5,20,1,23,11,8,1,2,34,18,8,12,1,7,1,9,25,3,20,20,14,3,0,10,4,45,6,1,3,2,7,15,1,24,34,2,14,2,6,0,25,12,1,1,6,24,8,15,2,0,9,0,4,0,18,3,7,1,22,2,1,1,0,12,24,14,23,3,36,1,0,10,1,1,18,8,12,7,4,6,1,12,26,4,5,0,6,3,17,17,9,35,2,9,4,19,11,17,3,7,0,4,26,1,4,8,1,0,30,14,5,2,3,0,7,4,0,1,5,6,0,1,12,3,8,6,6,1,2,3,3,2,16,3,12,1,15,0,0,0,6,1,0,20,4,20,9,19,2,3,15,4,25,0,11,4,3,5,1,7,8,2,3,8,4,4,4,0,3,2,1,0,21,16,1,17,2,1,0,1,2,20,45,2,8,13,13,7,2,7,6,12,17,5,0,13,3,1,3,2,1,12,0,0,4,18,13,26,13,2,2,48,3,2,8,0,2,8,6,5,26,26,3,15,1,6,9,14,7,1,2,2,20,20,6,2,3,2,1,0,6,13,4,2,11,19,5,1,11,3,2,4,0,17,3,2,3,6,1,37,3,11,8,11,4,3,1,26,34,24,13,20,3,18,5,9,1,7,15,10,7,16,15,32,2,3,9,3,4,0,8,23,28,0,5,7,1,2,26,12,1,0,4,4,24,1,16,22,2,1,0,2,12,11,14,16
"1",8,1,0,1,20,1,15,11,12,2,1,32,22,1,15,2,1,0,20,39,2,13,15,24,0,1,9,4,50,3,3,5,2,6,16,0,28,27,0,22,1,7,6,19,18,6,3,5,32,2,14,0,4,11,1,1,1,19,3,4,2,14,5,1,2,1,11,21,12,28,1,24,0,3,9,0,7,10,14,14,3,4,8,0,3,15,5,3,1,8,4,6,10,5,46,1,5,3,11,9,11,2,4,0,4,17,4,0,13,0,0,44,13,9,0,3,1,8,9,2,4,2,6,0,1,10,2,4,7,4,2,0,4,11,2,10,0,13,0,23,0,4,3,6,1,1,16,4,8,9,13,2,1,22,4,23,3,4,2,4,12,0,11,9,0,1,2,11,1,7,0,3,2,2,0,34,32,3,20,1,2,0,4,0,22,69,5,5,15,11,3,0,8,3,18,11,1,3,18,7,0,6,2,1,10,3,0,8,17,7,30,10,0,4,33,0,2,7,1,3,4,3,1,16,19,1,10,1,3,7,23,3,4,0,0,4,16,13,0,1,5,4,1,5,22,8,1,21,6,4,4,11,8,4,5,0,26,14,1,5,0,6,35,9,17,4,8,6,8,0,28,38,28,18,14,1,29,8,8,4,6,7,5,9,30,17,43,3,3,5,0,5,0,1,14,13,6,7,9,8,2,19,5,1,2,0,15,23,0,15,25,0,0,2,9,3,9,8,9
"1",8,1,0,3,25,2,18,21,11,1,1,29,14,4,10,2,3,2,18,29,4,32,20,14,3,0,9,11,48,2,0,8,1,15,20,0,13,25,3,6,2,7,3,21,23,1,0,9,20,6,19,0,3,12,3,1,0,25,1,16,1,9,3,1,2,8,16,20,16,22,5,27,1,2,5,2,3,13,6,19,10,2,14,0,8,18,1,3,0,6,5,24,13,9,50,3,7,1,7,12,9,4,6,0,2,33,1,0,16,0,0,26,18,4,3,3,0,9,4,0,0,2,6,0,2,8,14,11,5,4,4,0,3,16,0,18,2,19,1,16,1,1,0,11,3,0,27,7,11,28,9,1,2,30,2,17,4,4,2,6,3,1,2,20,3,1,4,12,5,7,0,5,0,3,2,31,12,2,21,0,1,1,0,3,33,47,1,8,11,7,6,2,9,1,12,16,0,0,23,6,0,4,1,0,8,1,0,4,13,8,22,11,1,1,45,0,6,2,1,0,8,4,0,15,21,1,28,2,8,7,18,1,4,1,3,6,21,8,1,2,0,1,5,10,24,5,1,20,10,8,3,10,14,7,9,0,23,15,0,5,3,1,52,3,17,8,7,3,6,2,34,33,13,18,20,1,25,2,8,0,6,7,7,9,14,16,30,0,9,11,0,3,4,5,21,20,3,0,4,3,8,20,15,3,2,3,13,20,3,16,16,3,1,4,10,4,15,5,12
"1",11,3,0,5,14,1,23,18,10,3,0,20,13,3,17,6,8,1,11,28,3,35,19,12,2,0,3,7,64,2,0,9,2,8,20,0,27,23,2,11,3,7,0,23,13,9,0,10,31,3,25,1,2,11,0,1,5,23,1,18,0,8,8,0,0,0,21,23,27,24,1,32,1,2,13,4,2,10,14,16,5,7,10,0,11,17,4,8,3,11,1,20,6,5,50,1,6,5,17,15,7,10,6,0,1,17,1,0,8,3,2,26,16,9,2,4,0,8,2,0,3,5,12,0,3,13,2,5,8,6,3,0,1,7,0,9,2,8,4,18,1,5,5,13,0,0,11,4,7,7,12,0,1,31,4,27,2,3,2,5,6,0,7,7,1,2,0,14,6,12,1,7,0,1,1,27,19,8,10,0,2,0,1,1,20,60,5,7,16,6,6,1,5,4,14,14,0,1,23,8,1,5,4,0,13,2,0,3,34,16,42,12,5,2,36,0,2,5,6,3,7,4,1,17,25,4,9,5,10,7,21,3,9,2,2,15,17,5,1,9,2,0,1,2,17,8,0,12,17,3,6,9,5,3,5,0,29,10,2,7,4,1,32,6,17,4,5,1,8,0,24,35,25,17,7,0,17,2,6,1,4,5,7,12,16,14,36,1,5,9,0,4,7,16,22,19,2,6,6,3,2,22,14,0,1,2,13,16,1,18,20,3,1,1,15,3,10,12,10
"1",13,1,0,2,15,0,31,19,4,3,0,18,12,3,7,3,6,0,3,22,4,34,15,10,2,0,4,3,40,4,2,9,0,7,16,1,25,29,1,6,2,6,0,37,11,6,1,9,23,0,27,0,1,13,2,4,0,17,2,7,0,6,5,2,4,2,18,24,16,30,1,37,1,6,13,0,2,13,7,25,4,2,16,0,13,25,4,2,2,5,0,30,17,4,33,1,6,6,22,14,3,9,4,3,1,29,3,0,11,2,0,36,13,4,1,2,1,5,2,0,2,1,7,4,0,24,8,7,3,7,1,1,2,8,3,13,6,19,3,29,0,2,5,9,3,1,16,9,4,7,6,4,3,33,7,21,3,3,1,4,5,4,9,6,1,3,3,14,2,5,0,7,0,1,1,25,19,2,21,1,0,0,3,1,28,50,6,7,19,5,2,3,6,5,8,16,1,2,22,4,1,2,8,0,10,5,0,3,18,7,33,18,3,1,53,2,2,5,1,7,5,2,0,22,14,1,23,0,4,7,13,2,5,0,1,10,16,4,0,2,0,1,4,14,42,9,0,18,6,13,3,9,11,4,4,1,33,11,3,6,2,4,40,4,21,2,10,2,6,0,26,40,27,18,14,3,18,4,9,0,5,5,10,15,26,12,30,1,5,7,0,8,2,12,12,25,1,5,8,1,3,29,10,1,0,0,18,15,1,24,17,1,0,3,10,13,7,9,18
"1",10,3,2,2,15,1,23,9,10,0,3,13,13,7,11,3,6,0,11,24,1,20,23,12,1,0,13,1,52,2,0,3,2,6,19,2,23,26,6,20,0,8,4,21,17,4,1,9,23,3,27,1,0,7,0,3,1,27,3,7,1,13,7,3,1,3,7,37,19,23,3,27,5,1,11,1,3,11,13,23,9,8,10,2,12,21,4,3,1,6,2,12,4,7,47,2,8,5,21,7,13,6,13,0,1,42,4,0,15,3,0,37,21,6,2,3,0,2,2,3,0,2,13,1,2,22,5,7,7,3,0,1,2,14,1,13,0,16,1,25,1,1,5,14,1,0,22,3,7,15,16,2,3,30,3,38,2,1,2,3,5,2,4,9,3,6,1,10,1,3,2,5,0,4,0,38,17,4,12,3,0,2,5,0,21,52,5,5,9,5,15,1,1,6,15,21,1,1,24,5,0,1,8,0,5,2,0,3,13,8,23,10,4,0,50,0,3,8,2,3,8,3,0,16,14,2,14,2,9,9,17,5,4,0,2,11,16,6,1,3,0,2,2,8,18,4,0,28,10,15,4,12,11,2,7,0,28,9,5,7,1,0,32,6,11,2,4,2,7,0,29,31,27,19,9,4,16,7,7,0,5,5,5,9,24,18,47,2,3,3,0,11,0,11,13,21,5,1,5,2,3,32,7,2,0,1,9,13,2,19,14,1,0,3,6,15,5,11,22
"1",23,4,1,6,28,0,16,21,5,4,1,41,17,2,16,2,5,0,8,27,2,20,13,21,0,0,3,7,49,7,2,8,3,7,30,0,16,25,3,7,1,12,3,15,27,5,1,10,28,4,22,1,0,12,4,1,1,40,4,18,2,12,3,0,5,5,14,26,23,33,0,31,0,2,9,0,4,14,11,22,11,3,13,0,21,16,3,7,1,8,0,11,12,7,39,2,9,10,13,8,9,2,5,1,3,27,3,1,19,2,1,25,23,8,0,0,1,2,4,1,1,3,12,0,0,7,5,5,9,2,1,1,6,10,2,13,2,19,1,24,3,2,3,8,2,0,17,9,12,23,12,2,3,21,6,25,2,4,1,0,11,0,6,4,2,5,0,13,0,7,0,1,0,1,1,19,19,5,23,0,0,0,3,1,24,66,5,7,14,6,8,2,2,0,13,11,2,0,21,8,1,3,7,0,5,5,1,5,19,6,44,18,7,3,41,1,1,10,2,0,6,4,4,8,25,2,16,2,0,10,29,1,2,1,1,10,20,11,1,2,1,2,6,6,28,2,0,15,17,7,1,11,2,6,4,0,31,3,0,8,2,0,39,4,21,4,11,2,7,0,29,47,23,19,4,2,12,4,8,3,5,7,3,5,36,17,37,3,2,7,0,5,0,5,15,23,3,4,5,2,1,17,17,1,1,0,12,27,2,19,20,1,1,3,7,6,8,8,13
"1",13,2,1,3,21,0,15,9,19,4,2,28,16,4,12,2,8,1,8,17,6,23,15,10,1,0,13,3,42,1,2,2,4,4,15,2,28,25,4,19,2,3,3,15,9,5,3,2,20,2,18,1,0,2,3,2,1,24,6,13,2,8,3,1,0,2,14,33,18,33,1,33,0,7,3,0,1,19,14,24,11,3,14,0,6,14,1,5,2,13,2,9,17,4,43,0,11,0,13,21,14,8,8,2,2,19,1,0,7,1,1,32,15,7,3,2,1,3,2,0,0,3,10,0,3,16,10,10,8,3,7,0,2,6,3,10,1,16,0,22,3,2,4,9,4,0,23,7,15,7,5,2,2,38,1,27,8,7,4,4,4,1,6,8,0,5,1,11,1,4,0,4,0,0,0,22,17,1,13,0,1,0,5,2,32,61,5,6,18,6,5,1,7,2,15,25,0,0,10,6,0,1,5,3,17,2,0,2,20,6,32,11,3,2,33,0,4,9,6,3,7,8,2,24,23,1,20,1,0,12,20,4,4,0,0,10,12,2,0,11,0,3,3,7,18,7,0,17,15,4,5,1,6,5,6,0,16,7,3,4,1,2,30,4,13,1,5,2,5,2,18,27,18,15,9,0,17,1,6,0,8,15,7,7,28,14,32,7,4,5,1,2,1,7,9,32,0,6,1,3,6,21,15,1,0,0,9,15,3,23,12,2,0,0,6,6,14,7,17
"1",19,5,4,4,24,2,21,8,8,4,2,31,14,2,25,2,11,0,13,20,0,26,17,13,0,0,4,8,55,2,2,7,1,5,22,0,21,28,1,20,3,4,5,25,16,9,1,6,27,3,19,3,1,6,0,2,1,38,2,4,2,9,1,3,3,6,16,39,13,28,1,22,0,3,8,1,1,11,9,31,9,11,13,0,7,27,0,2,4,7,2,21,12,5,30,0,7,3,18,15,12,3,9,0,2,23,1,1,16,2,1,24,17,9,3,0,2,6,2,1,0,4,13,0,3,17,5,9,7,5,2,1,1,11,1,12,0,13,1,29,3,2,7,7,1,0,20,4,10,27,8,4,5,26,5,25,1,2,0,3,11,4,6,20,1,3,4,1,4,1,0,10,4,2,1,28,19,1,15,1,0,0,2,2,36,50,7,6,9,12,2,3,5,3,15,9,1,2,17,6,1,1,5,1,16,2,1,3,23,3,41,11,1,3,40,0,3,9,4,0,6,3,0,18,29,3,13,2,1,8,20,4,2,7,1,5,35,7,1,3,0,4,6,7,24,4,2,14,13,7,6,7,8,4,3,2,30,10,1,5,2,2,26,11,21,0,12,2,6,1,22,43,24,16,16,3,17,1,7,2,8,7,4,13,16,18,25,2,4,5,3,6,1,10,10,29,3,6,1,5,7,22,9,0,2,0,10,31,3,18,12,2,0,0,8,22,6,8,15
"1",12,4,1,6,18,0,12,16,9,2,1,32,17,3,8,2,10,0,12,25,4,22,9,12,1,1,9,1,40,2,1,5,1,9,30,4,25,32,7,14,2,5,3,24,12,11,2,5,36,3,25,2,2,6,1,4,1,18,5,15,1,16,2,1,3,4,12,25,21,28,1,30,2,1,9,3,3,14,7,11,6,5,18,1,12,16,0,0,0,14,4,18,13,9,34,1,6,2,15,18,9,8,7,1,7,12,1,2,13,1,1,48,28,8,5,1,0,11,5,1,4,5,12,1,0,16,6,3,3,1,3,1,2,14,1,12,1,23,0,23,2,2,6,16,4,3,18,6,7,13,10,3,1,15,7,30,6,3,3,6,9,0,7,19,2,1,0,5,3,9,0,2,1,2,2,37,19,4,30,0,2,1,1,0,20,72,8,8,16,10,7,3,11,2,19,9,1,1,19,4,1,1,4,0,8,3,1,6,12,12,29,15,2,3,42,0,9,8,4,4,9,1,0,23,26,1,16,2,4,7,19,2,2,2,1,13,15,13,0,1,1,2,3,8,21,1,1,7,18,13,3,8,5,3,3,3,30,11,0,4,3,2,30,3,14,3,5,3,1,0,21,36,10,20,5,0,16,8,8,1,2,3,4,10,19,11,27,2,3,9,1,7,1,6,13,21,2,2,3,1,0,17,13,1,1,2,5,12,0,19,19,1,0,1,1,7,10,8,12
"1",9,3,1,2,32,1,19,22,7,1,1,29,19,6,15,1,9,1,10,29,2,24,21,12,0,1,5,6,49,2,4,6,5,4,22,2,26,39,1,11,3,3,3,14,12,5,1,7,39,1,19,2,1,6,3,6,2,23,4,11,1,16,3,0,3,4,16,40,18,32,6,22,0,0,12,1,1,6,14,23,2,5,15,1,10,16,1,3,1,10,0,20,18,9,45,3,7,2,6,14,11,2,9,2,2,24,1,1,17,2,0,36,22,4,2,0,2,5,1,1,1,1,12,1,1,14,13,5,7,4,2,1,3,9,1,21,1,24,1,16,1,3,4,12,3,3,19,8,11,10,8,2,4,28,3,23,3,3,0,3,8,2,4,19,0,6,2,7,1,5,0,3,0,1,0,29,16,0,8,0,0,0,0,2,31,43,10,2,15,4,7,3,9,3,10,12,3,3,21,6,1,3,5,1,13,1,0,2,16,6,27,16,0,3,47,1,3,6,3,1,9,5,0,15,20,1,24,2,3,10,25,3,6,4,0,16,21,4,1,4,0,1,3,4,14,2,0,10,12,6,4,4,9,1,2,0,20,10,1,3,0,0,35,8,8,2,4,5,12,1,26,33,22,20,7,0,22,2,12,2,6,10,6,10,45,25,40,5,3,5,7,6,1,8,27,20,9,7,4,1,6,28,10,1,0,0,9,11,0,21,26,3,0,0,1,12,8,10,18
"1",12,5,3,5,31,1,9,10,5,6,1,40,23,5,14,3,2,0,10,33,2,25,9,20,1,0,4,4,63,3,0,3,2,9,24,1,27,25,1,13,2,11,1,21,14,6,4,5,27,3,20,3,2,8,0,1,2,25,5,7,1,12,2,1,1,5,21,23,20,19,0,29,4,5,7,0,2,18,9,16,9,5,4,0,5,16,2,4,2,14,5,11,10,4,43,5,3,2,22,15,11,3,10,0,0,18,0,0,14,0,0,32,23,7,3,0,0,9,5,1,0,3,14,0,1,13,8,5,4,4,2,4,2,20,0,15,1,21,2,24,4,3,6,10,2,1,19,7,7,16,7,1,1,22,4,24,2,2,4,4,3,2,11,17,2,3,4,9,2,6,0,6,0,6,0,18,16,3,21,2,0,0,0,1,24,61,3,6,15,13,5,2,8,2,19,17,0,2,20,10,2,5,6,0,5,0,1,5,17,6,37,16,1,4,42,1,3,5,1,2,6,3,0,25,23,2,10,1,0,10,18,7,1,1,2,15,19,13,2,5,1,3,5,3,29,5,0,16,12,9,2,10,8,9,12,0,24,11,0,6,3,0,37,9,19,0,11,3,3,0,35,59,24,15,5,4,20,2,2,1,8,8,5,3,40,13,31,1,7,3,4,5,3,8,9,15,2,1,4,0,6,30,28,2,2,0,14,23,2,15,18,0,3,1,2,8,3,14,12
"1",12,5,0,3,18,4,15,24,5,2,1,13,15,4,9,1,5,0,7,34,6,38,23,12,2,0,2,3,44,5,1,4,1,14,26,0,21,22,2,10,3,7,1,14,17,10,1,14,30,3,29,4,1,8,5,4,2,24,4,7,2,12,5,2,1,3,23,26,13,24,0,31,2,5,7,0,1,11,4,17,8,8,6,1,9,13,0,2,2,5,3,17,14,9,35,1,4,1,21,12,12,6,5,0,0,24,0,1,9,1,0,28,20,11,2,2,4,5,7,1,0,4,11,0,2,18,4,6,4,7,3,2,2,10,4,5,3,30,2,23,0,3,8,12,1,1,21,13,17,22,10,5,4,25,9,25,4,15,1,2,10,4,8,18,2,5,6,10,2,5,0,1,0,4,1,25,14,1,23,2,0,0,3,5,36,47,4,6,17,15,2,5,7,2,18,12,1,4,21,4,3,1,6,2,8,1,0,3,22,5,23,8,0,2,37,0,3,7,2,4,8,4,1,22,23,1,16,0,4,6,27,1,4,1,2,12,19,7,1,2,0,1,6,12,24,7,1,17,6,7,0,5,6,3,3,1,29,11,5,5,3,1,28,5,16,2,5,4,7,0,28,29,16,17,13,1,12,6,7,0,4,10,12,15,14,24,33,4,8,4,1,6,4,11,19,16,4,7,3,1,7,19,16,1,4,1,9,14,0,11,13,0,0,4,13,13,9,8,17
"1",6,7,0,8,19,1,17,13,6,1,1,29,15,5,11,1,6,0,8,23,0,24,17,16,4,0,6,4,49,1,0,3,5,7,25,1,34,22,2,16,3,5,6,27,7,4,3,3,22,0,22,6,4,7,1,3,3,19,1,12,0,12,1,1,1,3,13,27,15,20,1,39,4,4,6,1,2,8,12,10,11,9,6,0,11,24,1,5,1,11,3,15,5,10,57,0,5,5,23,12,5,3,9,0,4,27,3,1,13,4,0,27,16,7,2,3,1,16,4,0,2,3,9,2,2,20,10,8,8,5,2,4,3,13,3,15,1,17,1,34,3,3,8,7,0,2,15,2,9,17,9,1,2,26,5,22,1,7,2,5,10,2,4,2,2,4,3,8,1,4,0,2,1,1,1,30,20,1,24,1,1,0,1,2,23,58,12,3,13,5,5,4,6,4,15,18,1,4,21,4,1,6,1,1,12,1,0,5,26,12,36,10,1,0,55,0,3,4,1,2,13,2,0,17,12,2,25,2,4,7,14,3,6,2,2,7,14,10,1,6,1,0,7,10,23,6,0,21,12,6,3,4,3,3,9,0,28,14,0,5,1,1,29,5,11,3,5,2,7,1,27,28,16,31,17,0,11,3,2,0,8,8,10,5,20,19,34,3,3,7,2,6,1,6,11,25,7,5,5,4,3,26,13,1,2,0,5,16,1,24,15,0,3,2,4,15,7,11,21
"1",12,3,3,2,28,0,25,16,8,1,2,34,15,5,9,3,3,0,14,13,1,17,20,6,0,0,2,2,32,3,2,9,3,8,23,3,30,32,5,19,0,1,2,24,15,2,3,4,24,0,17,1,2,8,4,1,3,24,3,7,4,18,7,1,0,3,20,28,11,23,5,25,3,6,7,0,1,13,17,25,8,11,12,1,18,24,3,1,0,3,0,6,8,11,47,2,10,3,19,17,11,3,4,1,2,24,1,0,11,1,0,27,26,10,1,6,0,8,3,3,1,3,9,0,3,16,5,9,4,6,2,2,3,8,1,19,2,18,1,24,0,2,4,9,5,0,21,11,12,23,18,1,0,18,4,19,0,9,1,5,8,0,7,5,0,4,7,8,2,7,0,7,1,5,1,26,9,3,8,1,0,1,4,5,22,45,7,10,13,8,3,2,10,4,15,12,3,0,22,4,3,2,9,0,8,1,0,6,13,6,32,5,4,3,40,1,0,9,5,3,11,2,0,29,30,1,17,1,2,11,15,2,3,0,3,13,10,8,0,1,1,2,4,9,19,6,0,6,14,3,3,5,7,5,3,1,27,8,0,12,3,3,28,8,15,2,7,6,11,2,24,37,19,14,11,0,19,5,16,5,4,7,7,4,18,18,53,5,5,7,3,6,3,8,17,16,2,6,4,6,3,19,10,0,1,1,14,20,0,22,26,2,0,0,5,4,16,8,10
"1",13,6,4,7,17,1,11,21,7,3,2,31,3,9,17,2,8,0,6,23,7,25,21,18,2,1,18,2,38,2,0,1,0,9,23,2,21,21,1,10,5,7,0,16,18,16,3,10,17,2,15,2,5,12,2,3,0,25,2,9,0,11,3,1,5,5,15,35,27,22,1,28,2,0,6,2,1,11,9,22,5,4,10,4,18,15,2,3,0,10,0,9,16,16,34,1,5,3,17,16,9,4,14,1,5,31,2,0,14,2,1,25,20,6,2,2,0,1,2,1,3,3,11,0,1,8,6,2,6,6,8,0,1,12,1,12,2,28,0,32,3,6,3,10,4,0,14,7,11,15,7,2,3,24,16,25,8,6,2,2,12,1,11,14,0,1,3,7,0,5,0,4,0,3,0,19,11,4,20,1,1,0,3,2,34,61,5,4,8,3,5,3,5,0,23,7,1,1,17,2,0,3,4,2,5,2,0,7,19,5,35,11,1,0,37,0,2,5,7,3,5,2,1,20,21,1,13,1,3,2,18,4,2,0,0,13,21,9,0,3,1,1,4,7,14,4,0,13,9,3,3,10,8,2,9,0,18,16,2,5,4,0,39,5,25,0,4,5,10,1,28,37,17,20,16,1,9,3,7,0,3,5,6,7,25,25,35,4,2,4,2,9,2,10,16,20,9,5,4,1,1,28,12,0,1,1,16,21,4,24,11,1,1,0,11,10,9,10,21
"1",15,9,2,7,23,1,28,15,10,3,0,15,17,2,7,2,5,2,6,28,1,26,28,8,2,0,14,5,64,1,3,8,0,12,24,2,27,29,7,10,1,4,2,14,14,5,2,9,28,1,27,2,0,12,1,5,2,30,7,8,2,25,7,3,1,3,14,16,17,29,0,30,1,2,2,1,2,9,10,16,9,7,7,1,11,18,2,0,4,8,6,7,12,6,49,0,10,9,13,20,8,7,5,2,2,21,2,2,13,0,0,36,18,7,0,2,0,4,4,0,3,2,15,3,2,22,13,7,10,5,2,0,0,14,2,10,0,23,0,24,1,5,4,11,1,1,20,8,14,12,8,1,0,26,3,32,2,4,0,7,5,1,9,7,2,3,6,12,4,6,0,8,2,5,0,24,23,1,20,0,0,0,4,1,29,57,5,14,18,12,9,0,2,1,16,25,0,1,11,2,3,7,5,0,13,5,1,3,19,5,21,11,0,3,34,0,2,8,2,3,9,5,0,15,26,1,21,2,6,5,19,2,0,1,0,8,11,10,1,5,2,0,4,8,24,4,1,22,9,7,4,7,12,4,5,0,22,11,3,3,2,0,57,8,15,7,11,4,7,0,21,30,16,17,16,0,8,4,6,1,6,3,5,5,26,16,30,7,4,7,0,9,3,9,15,36,1,3,5,8,2,14,14,0,0,1,19,15,0,19,12,4,1,2,9,13,7,5,23
"1",14,7,2,4,23,2,22,6,11,0,0,23,12,8,12,3,4,1,12,33,3,33,14,13,1,1,7,3,54,3,4,6,7,3,18,4,13,43,3,15,0,5,1,22,15,6,1,8,28,0,14,0,7,7,2,7,2,23,3,10,1,16,6,3,1,3,20,32,20,26,2,25,3,2,6,0,1,14,9,25,6,7,3,0,4,20,2,4,4,5,1,15,14,2,55,1,7,3,26,17,10,1,9,1,0,20,1,0,1,1,0,37,34,6,3,1,0,7,2,0,3,2,14,0,0,18,6,6,4,9,0,3,1,13,2,12,2,17,0,18,3,1,6,7,2,0,26,6,12,12,9,4,1,21,3,29,1,2,3,5,9,1,7,9,2,6,2,6,8,5,1,10,1,4,0,33,12,3,27,1,0,0,0,1,25,50,2,5,12,11,2,3,8,3,9,16,1,3,14,11,0,5,2,0,14,7,0,2,13,6,15,17,1,3,43,0,3,4,7,1,7,7,0,12,15,2,26,0,3,5,25,4,0,2,1,9,17,11,1,3,3,3,11,10,24,5,0,20,9,6,2,11,6,2,2,2,21,8,0,6,4,0,34,2,27,11,7,2,3,2,21,22,12,24,11,2,11,7,4,4,3,10,3,3,32,14,43,4,2,4,3,12,2,6,10,34,1,5,2,6,1,20,16,1,0,0,14,13,1,17,18,1,0,3,7,13,10,7,9
"1",15,2,4,4,39,1,12,17,5,2,1,37,20,1,12,2,10,0,10,19,4,23,11,9,2,0,12,7,47,3,3,10,1,3,26,0,21,31,5,13,1,3,0,22,14,8,3,12,30,3,21,1,0,2,0,3,4,25,3,8,2,13,0,1,1,3,15,32,16,29,1,41,0,5,15,2,2,6,6,22,8,4,8,1,7,20,4,2,1,7,1,14,12,13,42,1,5,9,20,14,15,3,6,0,4,28,1,2,18,1,1,49,20,8,1,1,1,4,3,4,1,2,10,1,2,19,4,15,12,0,6,4,4,7,1,13,1,20,0,34,0,9,5,17,0,2,18,2,13,16,5,2,4,22,6,30,0,5,3,9,3,1,3,16,2,1,3,12,6,6,0,9,0,4,1,45,10,4,15,0,0,0,0,3,32,55,2,1,17,8,2,5,2,3,11,25,1,2,22,7,7,5,4,0,8,5,0,5,15,7,26,14,5,4,33,0,1,7,4,4,10,5,1,11,18,1,9,1,7,13,26,4,3,3,0,17,4,6,0,6,1,2,3,8,31,2,1,18,12,6,1,17,12,2,4,2,23,13,2,3,3,0,49,3,27,3,10,0,7,0,30,37,17,22,11,6,17,1,3,1,7,3,0,10,31,10,30,2,3,13,4,4,1,6,21,23,9,4,5,5,5,23,15,1,1,3,20,16,2,13,20,2,0,1,5,18,13,12,26
"1",19,7,3,4,25,0,17,17,10,4,3,32,17,2,18,3,5,1,6,22,5,26,18,15,2,1,10,5,40,2,1,2,3,5,21,0,32,24,1,11,5,10,4,28,9,7,0,7,26,0,17,3,0,8,0,0,3,28,2,7,0,9,4,3,3,3,17,22,19,15,1,38,0,4,8,1,1,7,5,27,7,9,5,2,4,18,1,2,3,7,2,14,7,14,51,0,7,7,8,15,13,11,5,0,1,24,0,0,7,1,0,35,12,7,0,3,0,6,4,1,0,5,9,2,0,9,7,8,8,4,1,0,1,13,3,21,2,19,0,22,0,2,3,11,1,3,27,2,10,15,7,2,2,22,5,32,7,5,2,6,7,3,1,8,3,8,3,29,5,5,0,10,0,2,0,22,18,2,22,1,0,0,2,6,19,60,8,1,17,9,12,7,5,4,13,20,0,0,23,2,4,4,1,1,13,0,0,7,12,14,18,13,2,2,31,0,5,7,2,0,13,2,1,20,33,3,19,1,8,4,17,2,1,4,1,12,18,5,1,2,2,2,5,6,25,4,1,17,15,7,2,9,8,3,2,0,20,3,2,5,4,5,28,4,17,5,6,0,7,0,36,20,19,10,10,6,28,2,6,1,3,5,14,4,24,12,35,0,4,5,1,3,1,10,13,19,5,7,8,5,4,31,24,3,0,2,12,17,3,21,16,0,0,3,4,11,4,12,13
"1",7,5,0,9,17,4,12,7,9,3,0,26,16,3,16,8,4,1,10,18,4,25,15,13,1,4,22,10,55,4,1,9,1,13,21,1,16,28,0,12,1,8,3,27,11,3,3,5,33,2,22,1,2,7,1,1,1,20,0,3,1,9,4,0,2,7,8,30,25,27,1,24,0,1,7,3,2,9,5,20,3,10,10,0,7,17,1,6,5,7,3,10,12,8,44,2,5,2,18,10,10,9,12,1,3,27,1,2,9,2,0,31,29,7,2,1,0,10,1,2,0,2,7,1,4,12,8,12,10,3,3,1,1,20,2,13,2,26,1,30,3,3,11,9,0,1,21,9,7,12,6,1,2,22,5,25,7,2,4,4,10,1,5,20,1,7,2,12,3,3,0,5,0,7,1,16,24,5,17,2,0,1,4,3,23,71,2,3,13,11,3,4,1,3,7,15,0,2,24,8,2,5,4,2,9,3,0,6,18,12,27,11,3,1,42,0,2,8,4,4,4,4,2,21,27,1,21,1,6,9,19,5,2,1,0,7,17,8,0,4,1,0,4,3,24,6,2,32,11,12,3,9,6,2,5,2,19,11,1,4,0,0,33,2,14,3,8,0,6,0,24,19,25,21,10,1,11,3,13,1,3,6,7,10,33,12,32,7,6,6,0,4,0,7,17,26,2,3,1,2,2,26,5,3,0,0,20,12,2,13,14,0,0,5,9,6,4,4,14
"1",5,2,2,1,13,1,7,24,4,6,2,27,15,3,10,3,3,0,7,18,3,23,23,18,0,2,8,5,60,5,1,3,1,9,21,1,33,28,3,22,2,2,2,10,17,10,1,6,29,1,19,1,2,7,1,2,3,22,5,7,2,16,0,1,2,1,17,32,17,16,3,32,4,3,4,0,1,17,7,13,4,7,3,1,6,21,3,7,2,11,1,12,14,11,52,2,2,3,17,13,14,7,6,1,0,39,8,0,10,4,0,43,22,1,0,4,3,8,3,0,0,7,20,1,1,17,6,7,7,9,3,2,6,10,1,14,2,22,1,42,3,5,7,12,0,1,20,3,12,11,14,4,0,25,0,22,10,4,5,3,4,2,6,16,1,4,0,3,4,10,0,4,0,2,0,25,16,4,16,0,1,0,0,0,31,50,8,3,16,19,8,2,6,2,9,16,1,2,35,6,3,3,6,1,18,2,0,11,15,9,47,17,2,4,47,0,3,10,3,10,11,0,0,22,23,2,17,2,9,4,16,4,2,3,1,12,21,10,0,3,2,3,3,6,17,2,0,28,14,4,3,11,4,9,1,1,26,13,0,8,3,0,50,2,21,3,6,1,8,0,27,42,26,12,10,0,20,1,4,3,9,8,7,9,19,15,35,3,0,8,2,6,0,4,15,23,5,4,5,1,1,27,14,2,1,2,8,18,1,15,17,1,0,0,10,6,7,7,13
"1",23,4,2,6,23,1,18,15,19,6,0,26,13,5,13,1,3,0,11,25,3,29,18,8,2,1,3,6,47,3,1,3,3,15,13,1,23,20,6,18,3,5,7,20,10,5,1,8,23,3,19,2,2,3,0,3,2,32,2,8,1,9,4,0,7,2,23,17,14,16,3,23,1,5,2,2,1,11,10,22,3,7,18,1,16,8,2,3,4,12,5,10,9,15,40,0,5,7,25,20,13,4,20,2,2,22,1,2,8,5,0,32,22,7,3,3,0,13,0,2,0,3,10,0,0,19,6,9,7,5,1,1,0,8,1,5,3,17,0,31,3,5,4,16,1,1,15,6,9,11,4,1,1,27,4,20,6,6,2,5,10,0,7,3,2,6,3,7,7,5,2,7,1,0,0,33,23,2,12,0,0,1,2,0,21,66,5,8,14,12,6,4,4,7,13,24,0,1,18,9,1,2,6,0,14,0,0,3,21,9,20,11,3,0,32,1,3,5,3,2,6,3,3,22,23,1,22,1,6,9,18,5,2,4,1,15,19,10,1,5,4,5,4,6,19,5,0,16,12,5,5,5,10,6,2,0,23,18,4,1,3,2,37,6,15,7,9,0,6,2,24,26,20,17,10,2,18,1,10,5,5,5,9,5,18,16,39,4,5,6,1,6,1,9,10,20,1,5,6,1,3,21,11,0,0,1,20,15,3,19,17,3,0,1,6,15,13,7,14
"1",16,2,2,4,24,1,16,13,7,1,5,27,19,6,14,5,4,3,18,26,2,27,25,18,3,0,9,3,63,3,2,3,0,9,11,2,31,25,3,13,3,5,7,28,7,8,2,7,23,0,10,1,3,7,0,6,1,20,3,8,1,18,4,0,0,6,11,34,26,24,0,27,1,1,9,1,3,16,5,22,2,3,13,3,4,13,2,4,2,11,7,15,18,7,41,1,10,3,25,15,16,7,5,1,0,30,2,2,14,0,2,20,18,7,2,2,2,6,4,1,0,5,9,3,0,28,6,5,8,4,4,0,6,6,1,16,0,18,0,27,3,7,4,10,1,2,17,6,7,12,6,1,1,21,2,19,3,5,0,2,12,0,9,5,1,7,4,11,6,10,1,6,1,1,0,28,17,1,23,2,2,0,0,2,21,69,5,1,11,10,3,8,3,3,15,13,0,1,25,9,4,4,8,0,9,4,0,6,18,8,41,15,3,0,44,0,3,4,2,2,7,2,1,25,25,1,17,1,8,10,31,5,4,2,7,11,16,1,0,3,2,0,8,9,15,6,0,17,9,14,5,5,5,6,6,2,27,15,1,10,3,1,23,9,17,1,10,1,6,1,29,31,19,19,5,4,16,4,4,2,6,0,17,6,25,23,49,3,6,10,2,5,1,5,21,21,4,5,3,0,6,15,13,2,3,0,20,14,2,19,13,0,0,1,9,11,3,9,13
"1",21,6,2,1,13,1,10,13,10,5,2,20,16,2,16,2,4,1,15,20,4,30,8,10,0,0,11,3,40,1,1,8,2,7,15,2,21,28,7,23,6,4,2,14,9,10,1,5,34,4,17,5,8,10,1,1,3,23,7,10,1,18,1,0,1,0,23,26,30,24,3,33,0,3,3,2,3,17,10,24,5,9,9,0,11,16,4,1,0,11,0,16,15,11,38,1,8,2,6,18,18,4,7,5,2,17,1,0,13,2,3,25,33,7,5,5,3,4,8,1,2,2,5,1,1,16,4,9,8,4,1,0,7,8,3,8,2,16,2,24,2,0,5,12,2,0,27,12,8,18,15,4,3,27,9,24,4,7,6,3,20,3,5,6,0,4,2,3,7,9,2,11,1,13,0,23,13,1,18,0,4,0,4,1,26,63,7,7,22,10,9,4,10,2,14,15,1,0,21,6,1,5,1,2,13,1,2,4,16,3,34,7,1,0,31,2,4,5,5,4,18,4,0,22,13,6,20,1,5,4,23,3,5,4,1,11,13,7,0,6,1,1,2,7,42,3,2,17,5,9,1,10,6,5,3,3,21,12,3,11,2,3,34,9,16,5,20,3,14,1,24,37,16,19,13,1,14,4,8,1,4,4,3,9,24,19,48,1,4,8,2,4,2,10,18,34,9,3,5,4,3,23,14,2,1,2,17,13,2,18,17,0,0,3,11,8,9,8,11
"1",7,6,4,1,23,1,7,21,11,2,1,24,16,2,14,2,0,0,12,23,3,24,16,17,0,1,11,4,39,4,3,4,0,6,23,4,24,24,5,12,1,6,2,15,7,9,1,4,26,3,26,4,3,15,0,0,0,14,5,5,2,10,1,0,3,2,22,29,14,29,2,31,2,0,8,0,3,13,9,26,2,3,8,1,17,21,4,2,3,3,3,13,12,10,37,0,4,2,12,21,10,7,14,0,1,32,0,0,14,2,0,31,16,7,6,2,1,8,4,1,0,0,18,0,0,14,4,9,6,8,3,0,2,3,3,12,1,24,0,24,1,4,6,16,0,0,24,6,9,18,14,2,1,18,4,22,7,4,2,3,2,1,6,16,2,2,2,14,3,4,0,6,0,11,1,24,22,3,15,1,1,0,0,0,29,77,2,8,16,18,3,2,3,2,17,21,0,1,23,4,3,3,7,2,10,6,1,2,21,12,12,6,1,1,47,0,4,7,2,4,16,2,2,16,23,0,16,4,4,13,18,3,3,2,2,12,9,10,0,6,2,1,5,15,25,11,1,16,10,8,4,7,10,2,8,0,29,19,0,6,3,0,31,4,23,5,9,3,7,0,28,31,21,26,8,2,13,3,9,3,4,2,7,11,28,17,49,2,3,6,3,8,6,10,21,24,2,6,3,4,3,31,9,4,0,1,24,14,3,18,11,2,0,1,8,5,17,7,16
"1",14,7,0,4,29,1,18,13,8,4,1,21,8,4,14,1,4,2,7,9,5,26,17,20,0,1,10,4,49,2,1,7,0,8,20,0,15,24,2,11,2,7,4,28,10,5,1,2,15,2,23,3,1,12,1,5,0,30,3,11,2,19,9,0,2,3,25,21,30,17,1,23,0,2,3,1,4,9,4,29,8,7,10,4,7,19,1,3,1,7,2,6,15,7,48,0,6,5,16,9,11,5,6,0,1,32,1,1,15,4,2,26,26,3,0,4,2,5,5,0,1,3,9,1,1,18,7,8,9,4,3,1,5,13,6,10,0,17,0,27,1,2,5,7,1,0,6,6,12,4,9,4,0,23,6,24,3,13,1,5,7,0,9,21,2,1,1,5,8,4,0,7,0,4,1,24,20,5,14,1,0,0,6,0,21,66,5,8,16,5,4,6,8,1,8,7,1,1,14,1,0,5,1,1,15,1,3,3,9,14,35,9,1,3,42,0,1,2,1,2,3,4,0,18,26,1,25,1,2,6,19,3,2,5,2,9,14,11,2,2,0,3,7,13,21,4,0,22,14,8,3,12,1,4,6,1,21,14,1,7,4,1,37,5,18,5,17,0,11,0,32,15,18,25,15,1,25,5,9,1,5,5,9,4,33,26,31,0,3,5,4,5,2,3,8,16,3,4,10,4,5,22,11,0,1,1,14,18,1,17,21,5,0,1,3,10,3,11,20
"1",25,5,0,5,13,1,21,10,5,6,3,40,20,1,8,5,3,0,10,22,5,27,17,13,1,0,9,9,47,2,5,1,1,7,17,0,25,31,2,16,4,9,1,11,14,4,1,8,30,2,19,3,4,8,2,5,1,32,4,8,1,15,4,1,1,6,26,24,27,17,3,30,1,0,7,1,1,13,5,15,4,9,10,2,8,17,2,2,3,7,1,11,10,10,54,0,9,3,15,17,12,5,2,1,1,25,1,0,8,2,1,40,23,7,1,1,1,7,3,0,2,7,15,1,0,12,6,10,4,6,5,2,4,11,0,12,1,15,0,23,0,2,5,9,0,1,12,13,10,8,12,0,2,19,6,25,2,4,1,0,10,1,6,13,2,0,1,16,10,4,0,6,1,9,0,27,16,0,24,1,3,0,5,0,32,71,3,3,11,7,6,1,0,2,9,20,1,1,21,6,2,2,5,2,6,1,1,6,13,9,22,16,1,4,47,1,4,10,1,2,7,6,1,16,28,1,24,1,1,3,16,4,3,1,1,14,19,10,0,6,0,0,3,4,16,2,1,23,12,11,1,16,6,5,5,0,24,13,2,1,2,1,26,4,17,3,4,3,6,0,27,20,26,7,14,0,20,4,9,1,9,10,9,9,33,19,50,2,4,5,1,8,2,4,15,22,0,2,3,1,0,32,14,2,2,1,9,16,2,9,12,1,0,3,7,13,9,12,16
"1",15,7,4,7,25,1,12,6,6,8,2,36,29,5,9,1,9,0,19,21,5,20,20,11,1,1,7,4,51,5,0,5,0,4,23,1,24,28,0,14,8,3,2,30,14,10,0,4,28,0,25,2,0,5,1,1,1,22,3,2,2,15,4,2,2,1,12,31,21,29,1,30,1,3,4,0,2,15,8,23,10,12,7,0,10,20,2,0,2,4,1,14,10,2,46,0,8,3,13,19,6,3,7,0,3,19,1,1,20,4,0,45,18,10,3,0,2,3,2,3,3,2,7,1,1,17,3,8,7,5,3,0,3,11,2,13,1,12,0,19,0,2,3,14,2,1,22,7,9,16,8,0,4,38,6,23,2,4,1,3,10,3,14,14,2,4,0,18,7,5,0,11,0,3,1,22,26,3,17,1,0,2,2,0,22,43,4,8,22,6,9,1,6,5,18,21,1,2,13,5,4,5,5,0,9,0,0,2,14,18,21,12,2,2,49,0,1,5,3,5,6,4,1,29,12,2,16,0,1,15,26,2,3,0,1,11,21,10,0,5,2,4,7,6,27,7,0,13,16,6,4,4,4,10,11,0,16,11,2,5,3,4,35,6,17,2,9,4,11,0,23,34,22,15,9,4,19,4,7,0,5,5,6,5,22,19,41,7,2,6,1,4,0,16,15,22,5,7,7,2,0,38,12,1,0,0,8,15,0,16,16,2,2,8,13,7,13,11,14
"1",14,4,3,1,20,2,15,16,6,3,2,21,12,7,15,3,5,2,7,19,4,20,16,15,4,0,15,9,47,4,0,12,2,12,18,0,22,33,1,12,3,10,3,18,10,2,2,7,28,3,33,2,0,15,3,2,6,20,3,10,3,9,4,3,1,5,14,20,24,31,2,29,1,0,6,1,0,10,13,19,9,6,11,2,9,14,2,4,2,4,1,11,13,10,38,2,8,5,19,13,17,3,6,0,0,24,1,0,18,0,1,32,14,10,0,5,1,4,2,0,0,1,5,1,1,23,5,7,11,12,5,1,3,8,2,7,0,18,0,26,2,2,5,12,0,1,27,4,12,22,11,1,5,29,5,19,3,3,0,4,3,2,4,11,4,2,2,11,2,6,0,6,0,8,0,22,9,1,14,1,0,0,4,2,26,55,3,8,22,11,2,2,2,3,20,13,2,2,15,1,2,4,10,1,13,2,0,3,32,11,33,10,0,0,39,1,4,5,3,2,12,2,0,13,23,0,21,1,4,8,15,1,8,1,2,10,17,12,0,5,2,2,1,3,20,8,0,11,10,4,4,12,4,2,1,2,18,23,4,7,1,1,38,3,25,4,7,1,7,2,23,50,26,30,13,0,21,3,8,4,8,10,8,2,27,13,35,0,2,5,3,6,3,13,19,18,1,3,11,3,2,19,15,0,2,2,17,20,1,17,9,0,1,0,12,6,10,12,16
"1",15,3,1,2,16,2,12,11,7,0,2,34,14,2,19,5,8,0,19,18,3,26,15,14,0,2,6,12,39,2,1,3,1,4,21,2,11,32,5,14,0,9,3,21,9,13,2,7,22,1,21,0,0,10,2,5,1,20,2,9,4,18,3,0,1,1,13,24,20,30,1,37,0,2,4,2,3,15,8,19,2,3,13,0,19,29,3,6,1,13,1,22,13,9,49,1,6,0,16,5,14,3,2,1,6,34,2,0,17,0,0,29,15,7,3,4,1,11,4,0,0,4,11,1,6,19,5,9,15,5,3,1,2,15,0,17,0,17,1,28,1,5,5,15,3,1,11,7,13,18,12,1,1,19,9,25,3,8,6,5,6,1,7,26,2,1,1,6,7,5,1,12,1,7,0,30,18,9,22,1,0,1,4,4,28,62,4,2,28,7,3,5,5,6,20,19,2,2,15,1,8,4,3,1,6,1,1,2,17,6,20,8,1,3,38,4,3,2,4,3,9,3,0,22,19,1,19,0,11,10,17,8,4,2,0,13,7,4,0,4,0,1,3,5,18,4,0,15,17,7,4,6,7,4,7,0,20,11,2,6,3,1,38,4,35,3,5,6,4,1,20,33,16,16,15,3,20,5,2,3,6,1,8,5,20,24,49,4,3,8,2,4,1,8,13,18,0,3,8,4,1,21,11,2,0,3,11,13,3,15,10,2,1,0,12,8,14,9,15
"1",15,2,1,2,14,2,15,16,14,1,1,28,19,10,7,2,4,0,13,17,3,25,17,17,1,0,10,5,42,1,4,12,2,10,8,2,26,25,1,17,0,3,3,9,11,4,2,6,26,2,26,0,3,14,1,3,3,25,1,2,1,20,1,1,4,3,23,38,15,31,0,31,2,1,10,2,1,9,7,18,8,11,10,1,10,19,1,7,2,8,3,13,14,5,42,0,6,4,23,7,18,6,9,2,5,16,5,0,8,2,1,37,31,5,1,4,0,6,6,4,0,1,12,2,3,17,1,1,13,5,4,1,3,9,3,12,2,38,1,25,0,5,3,14,4,2,18,3,19,15,8,3,3,27,5,15,1,7,0,3,15,2,6,7,1,5,0,10,4,4,0,4,3,2,0,24,19,1,12,0,0,2,0,2,28,72,4,2,20,5,4,2,4,5,11,13,2,1,23,8,1,1,9,0,11,0,0,3,26,7,27,13,1,3,43,1,3,7,6,3,9,2,2,13,15,1,19,1,10,15,19,1,5,4,2,6,25,8,1,3,0,0,5,11,28,3,1,17,14,6,1,5,15,1,11,1,30,10,2,10,3,0,35,7,18,3,4,6,6,1,41,16,21,21,12,4,20,0,6,0,8,7,5,7,34,17,43,0,1,5,1,6,4,6,8,21,1,9,3,6,4,20,12,3,2,1,9,20,1,15,16,2,0,4,6,6,11,11,9
"1",13,2,1,3,19,2,24,18,4,1,1,29,18,3,13,3,6,0,12,17,0,16,27,14,3,1,13,8,54,3,6,7,3,12,36,2,19,41,1,8,2,3,0,16,16,8,1,7,18,3,17,1,3,3,0,2,7,12,2,6,4,10,2,1,1,2,24,23,18,26,0,32,0,1,5,1,2,10,22,23,7,0,14,1,5,20,5,4,0,7,1,27,6,10,34,1,3,1,14,18,9,8,10,0,4,24,3,0,15,4,0,37,16,4,5,2,3,7,3,0,1,3,10,1,8,13,8,12,5,4,3,0,3,8,1,13,4,14,0,25,0,4,12,19,0,0,12,4,11,18,4,2,3,24,6,30,3,8,0,5,14,0,7,10,1,5,2,9,4,11,0,4,1,6,0,19,16,7,16,0,2,0,4,5,28,65,1,5,12,6,5,7,4,5,16,14,0,0,18,4,2,4,10,1,9,2,0,4,18,8,29,10,0,2,34,0,2,9,4,2,4,5,2,18,19,2,9,0,6,9,30,5,6,4,0,8,19,8,0,3,1,1,9,7,24,8,1,18,4,8,4,8,7,2,14,1,26,12,2,5,4,0,30,8,27,2,4,3,6,2,30,28,20,21,6,7,16,3,10,5,1,7,6,11,21,22,25,1,4,4,2,9,4,9,19,34,1,4,12,3,2,21,10,0,0,2,12,9,2,16,27,3,0,5,5,15,19,5,19
"1",15,5,3,8,18,0,14,8,9,4,1,27,19,1,8,6,3,0,28,21,1,30,21,12,1,1,12,2,41,6,2,1,4,7,27,2,20,28,4,15,2,6,3,18,7,9,2,7,35,1,25,0,1,13,5,5,3,27,4,5,0,19,2,2,1,2,20,43,9,29,3,34,0,1,11,1,3,12,9,22,11,7,8,1,3,22,1,3,1,11,3,8,6,3,40,0,10,5,24,19,6,4,19,2,7,23,1,0,14,2,0,28,10,10,4,5,1,6,1,2,1,7,26,4,2,10,3,10,14,4,2,1,2,1,1,10,3,32,1,22,1,5,7,9,4,2,23,4,14,12,9,1,0,27,16,32,7,5,8,2,8,0,11,11,1,10,0,10,4,3,1,6,0,4,0,32,19,3,31,2,1,0,7,2,39,60,2,5,14,9,4,3,2,2,13,15,0,0,28,3,0,5,1,1,7,1,1,6,32,12,29,7,0,0,38,1,5,3,4,6,10,6,0,18,32,1,15,1,6,8,14,1,1,4,1,12,20,4,1,8,1,0,2,8,12,6,0,7,13,8,0,9,5,2,3,1,26,14,2,4,1,1,33,7,15,2,7,3,10,0,41,32,20,22,16,4,13,4,10,2,3,7,10,11,15,14,38,3,3,6,3,7,3,9,16,16,3,3,6,6,4,19,20,2,1,3,13,24,3,14,12,0,0,3,6,13,10,6,20
"1",11,5,1,4,16,1,20,23,9,2,5,29,24,8,12,2,4,0,12,19,6,20,17,26,0,2,13,4,43,3,1,9,4,9,22,1,23,30,8,16,5,5,4,21,13,9,0,10,32,0,22,1,0,7,0,3,0,36,4,11,0,17,2,1,4,9,20,28,18,29,1,36,2,4,10,2,6,6,10,21,7,8,17,1,9,14,4,4,2,13,0,16,12,11,51,2,8,2,14,8,10,2,7,1,0,41,3,2,9,5,1,27,20,6,5,2,4,7,3,2,0,5,9,1,0,19,2,7,2,13,5,1,2,10,0,13,1,22,0,28,1,2,2,19,3,1,18,1,9,6,16,5,2,25,8,21,2,4,2,5,7,3,8,10,1,4,3,4,3,4,1,5,0,1,0,28,31,4,17,2,1,0,9,5,26,60,3,8,21,17,7,2,3,1,16,13,0,3,12,10,5,1,10,0,14,1,2,1,9,3,27,13,0,2,43,1,4,7,3,2,7,1,1,23,18,2,15,1,3,13,18,6,2,3,2,7,14,7,0,1,2,1,3,11,15,3,0,16,19,5,5,9,11,3,7,0,20,12,1,4,3,1,26,6,20,3,10,2,6,1,27,19,25,20,14,7,11,1,10,2,10,5,12,4,22,11,37,3,2,4,4,6,0,11,17,15,3,6,5,1,0,21,11,1,0,0,13,22,0,20,19,1,0,5,8,13,14,13,12
"1",23,6,5,7,25,0,13,20,8,2,2,30,18,6,9,1,5,0,16,31,1,25,10,17,1,1,12,2,41,4,1,4,2,13,31,1,29,31,4,11,3,4,2,26,17,9,2,7,17,2,17,1,2,10,1,2,1,18,4,10,1,15,2,1,2,3,20,26,25,25,0,42,1,0,7,2,2,8,7,26,7,7,3,0,8,15,2,2,4,8,0,8,13,6,42,0,5,3,21,11,8,3,5,0,0,24,1,1,11,1,1,34,20,11,2,1,0,5,4,1,0,1,10,1,1,11,8,8,10,4,1,0,5,8,2,9,2,33,1,18,1,3,2,14,2,1,19,9,21,16,11,0,1,21,5,32,2,2,1,6,4,0,5,6,1,5,3,8,4,5,0,3,0,4,1,21,17,0,14,0,2,0,6,2,22,63,2,6,16,11,2,5,5,2,10,17,0,1,23,4,1,1,4,1,7,1,0,5,19,6,24,4,2,2,45,4,1,4,1,3,15,1,0,22,27,0,12,0,5,16,25,2,2,3,3,10,13,5,0,3,4,2,4,11,13,3,2,26,11,2,8,8,2,3,2,1,10,2,1,7,2,3,49,5,14,5,8,2,13,0,27,25,33,14,24,0,24,0,7,1,6,6,4,4,25,14,38,0,1,2,3,5,2,5,14,17,2,4,3,5,0,25,17,1,2,3,12,14,0,27,19,0,1,1,6,9,8,5,9
"1",12,4,1,9,21,0,18,16,12,3,1,17,20,5,17,2,4,0,9,25,2,20,39,18,3,4,9,0,51,11,2,7,2,7,36,1,22,26,2,8,2,7,2,21,14,5,7,11,24,2,25,2,4,7,3,1,4,29,3,12,4,19,5,0,4,5,10,26,19,28,1,35,1,0,3,0,1,10,6,16,2,12,8,2,7,18,2,6,0,9,0,9,13,9,36,3,8,7,23,17,15,4,6,1,3,26,1,1,11,3,1,33,18,5,3,2,0,8,5,2,1,3,14,0,0,16,5,6,7,6,2,3,5,7,0,12,1,22,1,24,2,3,7,4,0,1,17,5,12,7,8,1,2,27,11,44,3,10,1,2,10,0,3,6,1,2,2,15,3,7,0,5,1,3,0,25,13,3,26,1,1,5,7,0,23,55,4,10,19,9,4,5,3,3,33,16,1,0,15,2,2,5,5,0,10,0,1,4,17,7,22,6,5,6,38,5,2,10,2,1,13,3,0,38,24,2,20,0,7,7,29,5,1,5,3,11,18,8,1,5,0,0,5,10,19,3,0,25,15,7,4,10,7,3,9,1,35,21,3,6,2,3,32,10,17,1,6,5,14,0,33,27,12,17,10,4,25,3,9,2,10,9,9,11,29,13,37,2,5,7,0,6,2,12,12,29,1,4,8,5,4,18,6,0,2,5,19,15,1,25,17,4,1,1,20,5,14,8,16
"1",10,10,2,1,22,0,17,12,5,1,1,32,14,5,14,1,8,0,9,25,0,20,23,17,5,1,10,9,52,4,3,3,1,13,20,0,21,31,6,10,3,3,4,27,20,4,0,4,20,2,26,1,1,5,5,0,2,20,3,12,2,11,6,0,2,6,27,35,24,20,2,23,0,1,3,2,2,12,8,26,12,7,5,0,10,33,0,1,2,9,2,16,7,5,45,0,7,2,16,6,15,6,11,0,1,30,1,0,14,2,0,29,15,13,3,4,0,4,0,1,1,5,8,1,4,10,4,6,6,3,4,1,6,14,0,22,5,15,0,28,1,4,4,8,5,3,15,7,11,22,21,2,0,20,6,31,3,4,3,2,4,0,13,9,0,1,1,10,7,6,0,4,2,4,0,21,13,3,27,1,1,1,4,2,23,66,2,5,16,14,6,5,1,2,10,26,1,1,22,6,1,3,6,0,9,0,1,3,26,7,28,15,0,5,37,3,1,11,6,5,8,3,0,12,18,2,15,0,5,9,15,6,4,6,2,9,21,9,1,3,4,4,6,10,28,5,0,17,10,7,3,8,5,1,8,0,24,13,0,1,1,5,44,4,21,0,8,2,7,0,24,13,21,16,10,2,15,1,7,1,9,4,7,13,31,22,25,1,3,9,0,8,2,8,15,37,0,6,4,2,6,14,11,2,2,7,17,21,0,13,7,3,2,2,6,6,5,12,20
"1",10,9,1,1,22,0,12,14,8,2,0,28,10,5,10,3,4,2,15,23,2,29,14,12,2,0,10,4,39,2,1,7,1,6,23,1,37,29,6,16,1,17,1,19,8,8,0,13,37,2,21,1,3,8,4,4,4,23,5,6,4,17,3,0,3,7,23,33,16,33,2,21,0,2,3,2,2,8,15,24,4,13,13,2,10,24,1,3,3,3,2,17,18,11,28,1,7,3,20,10,18,6,6,2,5,22,3,0,7,2,0,32,23,10,3,2,0,8,7,1,0,4,8,1,2,11,13,3,10,4,5,3,0,10,0,13,2,24,0,28,1,5,4,13,1,0,20,6,10,12,14,1,1,18,6,22,2,2,3,4,5,4,3,18,1,2,5,5,4,10,0,1,2,2,4,19,26,4,22,0,1,0,5,0,24,36,3,9,12,7,5,2,4,2,27,10,0,1,24,4,1,2,7,0,9,2,4,4,12,9,21,12,0,1,46,0,0,8,4,2,9,4,0,25,21,1,16,2,5,5,24,5,9,3,0,8,9,7,1,1,1,2,3,6,17,6,0,13,8,8,2,11,7,6,11,1,32,9,5,3,3,2,32,7,11,0,11,1,2,2,23,32,23,21,9,0,21,4,8,1,15,11,4,6,17,16,35,3,1,8,0,6,1,8,13,28,4,2,6,7,4,27,7,1,1,3,16,16,2,16,22,4,0,1,10,5,12,5,13
"1",11,6,3,4,11,0,20,13,10,1,1,18,19,7,9,4,8,0,10,19,3,31,10,17,1,0,11,5,55,3,2,8,1,4,27,2,29,16,2,9,3,6,3,34,12,3,2,10,25,4,18,0,5,6,4,6,1,15,4,9,0,14,3,0,3,3,24,11,22,23,2,30,1,4,6,0,1,12,6,17,8,8,17,1,7,20,1,8,1,4,1,18,10,16,50,1,8,4,17,13,13,3,12,1,2,26,1,1,15,1,0,24,21,8,2,5,1,6,7,2,0,2,10,0,1,20,4,7,10,7,7,1,3,9,3,9,0,16,0,26,0,5,6,8,3,3,19,7,10,18,12,1,0,10,7,24,6,7,3,4,8,0,4,14,1,1,6,10,0,4,1,7,1,2,0,31,16,1,30,0,1,0,2,3,22,61,1,6,13,6,7,4,2,3,9,16,2,1,12,8,1,3,6,1,14,2,0,3,17,10,33,9,1,1,40,1,3,3,1,2,7,5,1,22,13,1,17,1,5,7,22,2,3,2,1,7,7,12,0,5,0,3,3,8,19,5,1,11,15,6,6,3,6,1,8,0,23,12,2,6,1,1,35,11,20,3,8,3,8,5,28,35,17,17,14,2,28,1,10,0,2,10,8,3,22,19,29,1,2,2,4,7,4,11,15,21,2,6,3,5,2,27,14,2,1,2,14,15,4,19,18,1,0,1,10,8,15,14,11
"1",13,1,4,3,20,1,27,14,5,3,2,20,19,8,12,4,7,2,18,17,5,23,21,9,1,3,12,5,53,0,2,8,1,3,19,0,21,31,3,18,4,4,8,12,9,4,2,4,25,0,19,2,2,3,4,1,4,28,5,6,4,17,2,1,0,3,17,23,22,15,3,26,1,1,10,1,3,11,6,38,9,12,4,0,13,19,1,2,1,7,1,15,13,5,51,3,8,5,20,10,11,6,4,0,0,26,1,0,11,3,0,31,26,11,2,0,3,8,4,0,1,7,16,2,0,15,10,11,12,7,4,2,1,7,0,14,1,26,0,33,1,0,0,9,2,1,19,4,14,21,11,2,2,28,4,30,5,4,5,2,7,3,6,10,4,2,2,6,4,3,0,11,0,10,1,19,10,2,20,0,0,2,3,5,24,46,2,3,13,8,11,2,5,3,12,14,2,0,21,6,1,3,6,1,11,4,0,5,18,8,46,16,4,2,42,0,4,8,6,5,7,1,1,21,15,0,11,0,7,15,22,2,4,6,1,15,13,7,0,1,0,1,5,5,30,4,2,20,3,8,2,11,6,2,7,1,18,11,4,4,1,0,29,1,22,2,12,2,7,0,38,32,20,20,8,0,22,5,5,1,3,7,2,8,39,23,40,0,1,7,3,1,2,8,16,25,2,4,3,1,1,21,5,1,2,5,13,23,0,26,20,4,1,1,6,8,10,5,9
"1",9,7,1,2,6,1,14,12,5,6,2,15,20,7,8,1,7,1,17,39,5,42,13,14,3,1,7,4,41,4,1,6,4,12,19,0,14,27,0,8,0,6,0,18,24,9,2,3,33,4,18,2,2,8,2,3,0,23,4,5,1,6,5,1,1,5,18,29,20,22,1,25,1,3,1,0,1,18,10,15,3,12,13,1,8,16,1,2,1,8,1,8,13,15,35,2,10,5,19,10,7,4,6,0,2,29,0,0,18,1,0,32,16,5,2,4,3,9,7,1,0,3,8,1,1,12,10,11,9,6,1,0,2,11,1,9,2,20,1,21,2,3,9,11,2,0,17,6,13,10,12,0,1,26,5,27,4,4,1,6,8,2,7,11,3,4,2,9,0,5,0,7,1,5,0,24,16,5,10,0,0,0,2,4,29,63,4,3,13,12,4,1,7,3,9,20,5,5,19,5,0,3,1,2,6,3,0,3,17,8,32,7,2,0,36,0,3,4,2,6,14,2,0,22,29,1,14,1,6,5,13,5,4,3,5,15,19,15,1,3,1,0,8,5,23,9,1,15,8,10,4,5,3,8,6,2,33,13,3,7,4,1,37,2,17,3,14,2,5,3,37,29,19,20,6,1,15,2,9,4,6,4,4,4,14,6,44,3,5,4,2,11,0,7,13,29,3,5,2,1,1,31,7,1,2,3,13,26,0,22,17,2,0,4,7,9,10,12,12
"1",17,5,2,1,22,0,13,12,5,5,1,27,12,5,8,5,6,0,13,23,2,16,23,7,2,3,10,12,31,4,3,8,1,7,27,0,19,29,5,17,2,4,2,24,13,10,2,6,28,0,27,1,0,8,0,7,1,21,1,7,2,13,1,1,0,4,13,25,34,31,1,47,1,1,5,0,2,5,9,26,3,7,13,3,5,12,2,1,1,9,1,7,7,7,32,0,7,4,22,15,8,6,11,1,3,22,2,2,9,1,1,32,24,8,1,6,1,11,3,2,0,1,5,0,2,21,7,12,10,7,0,1,3,8,1,14,1,16,1,21,4,6,6,11,2,0,26,9,15,19,9,2,2,22,5,23,1,2,4,5,12,2,2,16,1,0,6,13,4,14,0,6,2,4,0,27,7,4,13,0,2,1,1,2,24,53,2,10,20,3,7,4,3,3,19,13,1,1,18,10,1,3,4,1,6,1,0,6,24,5,19,12,2,4,30,0,2,4,8,2,7,1,0,29,20,2,14,1,7,14,16,3,7,0,1,6,16,13,1,3,1,2,5,2,19,2,1,8,12,6,4,10,7,9,3,2,26,10,2,5,2,0,28,3,22,4,10,1,10,0,33,38,15,25,8,1,14,7,9,1,5,4,6,8,27,15,26,0,4,6,3,5,1,8,17,14,4,3,4,4,3,21,9,0,1,4,20,7,1,19,16,1,0,2,7,8,15,5,10
"1",19,5,1,3,18,0,14,14,12,1,0,18,15,4,17,1,3,2,11,28,4,26,14,21,2,0,7,6,44,1,0,3,2,5,11,0,28,29,3,15,3,5,0,26,12,8,0,5,35,1,26,0,1,6,4,3,0,21,1,4,3,17,5,0,1,3,17,27,13,27,1,29,1,4,3,0,0,10,8,21,6,6,12,0,8,16,4,1,1,7,1,16,9,6,45,2,6,4,7,25,17,3,8,1,4,29,2,0,20,2,1,44,19,3,1,3,0,9,2,0,5,9,12,0,0,12,9,6,4,2,1,1,1,9,3,17,1,23,0,25,0,2,3,15,1,0,20,2,7,14,7,2,4,33,4,22,3,4,1,3,11,0,12,7,3,1,3,0,4,4,0,6,1,5,0,18,16,4,29,0,0,0,0,1,24,64,1,8,14,12,10,3,4,3,12,22,1,1,16,9,3,3,3,0,6,1,1,1,13,7,38,11,3,4,40,1,3,4,4,4,7,1,0,22,14,4,20,3,8,13,24,2,0,2,1,6,22,8,0,3,0,2,1,10,18,7,0,14,10,4,4,9,4,2,3,1,31,14,1,6,3,0,31,4,7,3,15,1,6,0,27,37,10,19,10,2,10,3,6,4,5,9,6,7,31,16,36,4,4,5,4,2,0,2,18,8,1,1,7,4,4,24,11,0,0,2,11,19,0,33,19,4,0,3,10,9,5,14,13
"1",24,3,1,4,19,1,16,14,4,8,1,31,14,6,22,0,6,0,19,29,0,46,20,18,2,0,9,6,39,2,2,9,2,15,15,0,21,23,5,10,2,5,2,28,19,7,4,4,26,0,21,0,1,4,3,5,0,31,2,7,2,13,4,2,2,4,12,25,22,30,3,26,1,5,10,1,1,15,6,15,6,7,10,0,5,17,1,5,3,11,3,21,8,6,40,0,9,8,16,13,11,2,6,2,5,25,1,3,10,1,1,25,22,13,1,2,0,5,3,1,1,3,8,1,1,11,8,5,2,8,2,0,3,8,0,13,0,12,2,39,1,4,2,8,3,0,14,10,6,5,7,1,2,19,4,13,4,1,4,9,8,2,4,13,1,0,6,5,1,3,0,11,0,11,1,17,19,0,22,2,0,1,2,3,21,64,2,7,20,10,3,5,1,3,18,14,0,2,18,4,1,0,3,0,8,5,0,6,21,7,40,9,5,0,34,5,3,8,2,5,10,0,1,19,17,1,14,0,1,8,30,2,4,2,3,13,23,5,2,2,1,0,5,4,27,7,0,11,10,11,3,8,4,1,6,3,28,17,1,5,0,0,31,4,16,6,6,1,3,0,21,40,16,16,9,4,16,4,11,0,11,9,9,7,27,11,33,2,8,8,0,3,3,7,11,28,2,1,2,0,6,21,10,2,0,1,14,13,0,15,12,1,1,1,11,14,9,16,13
"1",9,2,3,6,14,1,14,12,5,4,1,28,15,2,9,0,8,0,10,30,2,32,14,11,2,0,7,1,60,3,1,6,3,6,18,0,21,24,1,13,3,7,1,19,12,7,2,2,23,0,18,1,2,6,2,4,0,17,3,7,1,15,5,0,0,3,12,25,30,19,4,22,5,4,8,0,5,13,6,16,7,19,10,4,7,24,2,4,1,6,4,13,10,10,37,1,15,3,21,16,21,8,11,2,0,42,1,0,16,2,0,27,12,11,3,1,0,4,2,0,2,5,1,2,4,15,9,10,7,1,2,1,4,8,0,7,5,16,1,26,3,5,6,15,2,0,12,9,14,10,11,4,0,21,8,21,4,6,3,4,7,0,5,7,1,2,1,7,3,4,0,9,3,4,0,32,23,4,11,3,2,0,5,1,33,65,4,5,16,9,6,3,6,1,15,17,1,0,21,2,6,3,5,2,8,4,0,2,18,14,35,17,3,4,50,1,2,8,3,5,7,2,2,17,16,0,8,0,3,9,18,1,6,2,0,19,11,10,1,2,0,2,4,4,31,7,1,15,14,3,2,8,7,1,8,1,25,13,3,5,4,1,40,5,13,3,8,1,2,0,27,36,17,23,11,1,16,2,8,3,6,7,7,6,27,14,35,5,13,9,1,4,0,7,13,30,2,4,5,2,5,22,9,1,0,1,19,22,1,18,14,3,1,1,6,9,14,7,22
"1",15,8,2,2,24,1,22,12,9,4,2,24,19,5,11,5,4,1,9,29,5,26,17,16,2,0,6,2,52,4,2,4,1,4,13,1,22,29,4,10,3,3,6,26,21,8,1,10,43,1,23,0,3,2,1,4,1,25,2,5,5,12,1,2,2,1,8,19,29,20,3,38,2,5,8,0,2,14,11,18,8,10,6,1,6,15,3,8,2,10,4,18,12,6,40,0,4,7,21,22,9,3,6,2,1,19,3,1,14,1,1,32,24,8,5,0,1,5,8,0,1,1,12,1,5,12,10,11,13,5,2,0,3,14,0,13,0,21,0,25,0,2,4,9,2,0,13,7,11,9,11,3,5,26,10,26,4,7,2,5,8,0,5,8,1,7,0,7,1,5,0,6,0,4,0,31,20,3,7,0,0,1,2,3,24,58,8,6,5,9,3,3,4,0,19,18,0,2,22,9,3,3,4,1,3,7,0,1,25,9,32,5,1,2,23,1,1,5,2,8,5,8,2,19,18,1,27,2,4,17,28,6,6,1,3,7,12,10,1,2,3,1,2,11,30,4,0,8,9,5,2,6,4,10,6,1,24,11,0,10,4,0,23,4,10,3,10,1,8,0,28,28,23,15,7,2,19,4,7,6,8,6,11,3,30,10,33,5,2,7,2,6,1,9,21,13,4,4,4,2,4,21,7,1,2,2,12,6,0,23,13,2,1,4,9,8,9,5,19
"1",17,6,2,7,15,1,22,24,9,3,3,16,20,4,9,5,4,0,6,23,2,28,11,14,1,0,7,0,41,9,1,4,7,7,17,2,20,37,2,17,8,5,8,18,12,7,2,6,33,2,28,2,1,10,1,5,0,16,3,4,2,9,3,2,1,3,16,42,29,23,3,31,2,4,6,4,3,13,4,24,3,7,7,0,8,25,3,6,2,4,0,16,8,6,30,0,8,4,15,17,15,4,7,1,1,25,4,0,19,1,0,39,18,10,1,3,1,7,2,5,2,1,16,3,0,16,7,11,13,5,0,1,4,15,2,12,1,27,0,18,2,1,7,9,3,0,20,7,11,20,12,1,4,24,4,29,3,5,4,1,9,2,2,11,1,2,4,10,3,7,0,4,0,0,0,26,24,4,24,0,2,0,1,2,19,42,0,3,15,10,7,1,1,0,21,13,1,1,19,6,3,5,5,1,9,7,0,2,11,8,25,12,2,0,37,2,0,2,2,4,7,2,0,31,15,0,18,1,7,7,26,7,2,0,2,11,22,14,0,3,0,1,12,3,23,3,0,12,10,9,5,11,5,8,2,1,22,13,1,6,1,0,40,7,16,4,5,2,4,0,28,24,17,22,10,4,14,5,8,0,5,4,7,5,30,13,29,4,2,6,1,4,3,7,12,29,2,4,4,2,4,27,8,0,1,2,13,24,2,19,13,1,0,5,7,9,9,9,19
"1",15,3,1,4,17,1,20,13,8,4,0,35,13,7,8,1,6,1,6,21,5,25,18,16,1,0,13,6,32,4,2,9,0,3,19,3,28,26,2,11,2,3,2,18,8,3,1,3,23,0,22,1,2,5,1,4,1,19,2,13,1,20,7,2,2,2,15,25,19,22,1,34,0,1,7,6,1,12,6,14,7,8,10,0,8,12,0,1,1,10,3,15,22,3,48,0,16,3,17,19,5,6,11,1,1,21,1,1,11,0,1,32,34,5,0,4,0,1,6,0,1,6,11,2,1,8,7,12,6,8,1,1,4,10,1,16,1,18,1,23,7,7,5,5,2,0,18,1,12,11,8,2,2,17,10,15,5,5,3,3,10,3,6,10,2,4,4,6,2,7,2,10,2,0,0,20,11,3,20,0,2,4,5,2,35,44,8,4,14,8,10,2,5,2,15,15,1,2,19,3,1,6,4,0,6,3,1,0,19,9,18,9,1,4,31,2,2,4,2,7,7,3,0,20,22,2,18,3,4,17,14,3,1,4,0,12,15,7,1,5,2,0,3,8,20,3,1,19,9,2,3,10,4,1,5,2,16,10,3,9,3,1,25,7,9,7,5,2,8,0,37,28,16,18,13,2,13,3,5,2,6,12,4,5,44,23,29,0,2,2,4,7,1,8,18,24,9,1,3,1,3,31,14,1,1,0,5,23,1,24,9,1,1,6,11,5,11,10,19
"1",9,7,1,3,20,1,12,22,8,10,0,28,16,6,10,4,2,0,10,21,0,18,28,21,1,1,3,13,44,3,1,4,0,10,21,2,28,30,3,19,0,4,1,31,15,3,1,6,17,6,21,0,0,11,0,1,1,23,3,10,1,9,4,1,1,2,14,39,26,31,2,38,2,2,4,0,3,8,10,14,7,4,12,1,5,22,3,3,2,13,1,16,13,8,37,0,13,3,21,19,8,8,6,1,0,17,2,2,20,2,0,39,24,11,1,3,2,3,4,2,1,6,7,2,1,10,8,8,15,4,1,0,5,11,0,17,2,19,1,20,0,3,8,15,2,3,18,8,12,14,12,3,0,24,9,29,1,3,1,7,5,3,2,21,1,6,2,7,2,1,0,3,1,0,0,28,28,0,15,1,1,0,2,2,33,67,7,4,9,21,10,6,8,5,15,17,0,0,17,6,3,5,2,1,8,0,1,6,18,23,19,9,4,2,35,0,2,3,3,3,9,2,0,26,24,0,21,0,7,12,26,8,2,5,1,12,25,6,0,4,3,2,7,17,18,8,0,16,13,6,1,8,10,5,6,1,29,8,1,8,1,0,34,4,10,3,6,2,12,0,32,42,20,21,10,2,22,3,5,1,10,4,4,8,26,12,38,1,4,9,3,4,1,8,18,17,5,11,2,0,5,23,12,2,0,5,9,17,2,18,13,1,1,1,4,10,11,2,6
"1",17,11,4,6,20,0,13,9,10,4,1,28,10,3,15,3,3,0,14,26,3,21,15,7,0,1,7,5,45,2,2,6,1,9,10,1,27,19,1,10,5,5,5,28,9,5,1,5,33,2,23,1,2,5,0,3,3,25,1,5,2,15,5,0,0,3,22,12,36,19,6,53,0,2,6,0,3,19,5,26,3,11,13,1,17,32,0,1,2,7,1,14,8,7,53,0,6,2,12,9,13,8,1,1,1,32,0,0,21,4,0,33,24,4,2,0,0,3,1,1,1,4,3,3,4,13,7,11,13,10,1,0,1,11,1,5,2,19,1,30,1,4,2,6,1,0,24,8,9,14,7,0,1,38,3,13,7,9,1,3,10,2,12,14,0,3,2,8,1,2,0,7,4,5,0,21,17,7,12,1,0,0,3,1,23,67,8,5,27,8,9,4,6,2,12,13,2,1,21,6,0,2,8,0,7,0,0,1,16,10,25,15,5,3,38,1,4,9,3,2,7,5,0,28,14,1,20,2,1,6,21,3,5,1,0,10,15,16,0,5,2,3,4,10,21,1,1,12,6,6,0,10,10,0,4,1,25,15,1,6,3,0,31,5,8,2,9,1,12,1,27,34,26,21,6,2,27,0,3,2,5,6,6,4,22,24,24,5,9,5,1,0,0,10,15,21,1,5,1,2,2,25,12,3,0,2,6,15,0,20,15,3,0,4,7,5,11,6,7
"1",21,2,2,4,20,1,16,14,7,4,4,20,27,3,10,2,10,1,16,27,8,35,15,8,2,1,6,3,58,0,2,5,2,11,30,1,21,32,4,6,4,6,3,16,14,9,2,4,25,4,34,0,1,9,4,5,5,20,2,11,0,15,2,0,2,10,20,28,22,33,1,20,0,4,3,1,3,9,3,20,11,5,10,2,9,28,4,3,0,10,0,19,9,9,42,0,5,4,19,21,8,9,8,1,4,30,0,1,9,3,1,22,24,3,2,4,1,10,5,4,2,7,12,1,1,11,5,8,11,6,2,0,2,8,0,12,1,25,1,18,0,2,1,12,6,0,25,8,19,21,9,2,2,20,7,23,5,2,4,6,7,5,6,10,0,6,0,8,2,8,1,6,2,5,2,30,14,1,24,0,1,0,1,1,42,67,8,7,14,13,10,5,1,3,10,9,2,0,23,5,1,2,1,0,2,5,1,6,23,7,45,12,2,2,44,2,3,8,2,6,12,5,0,13,17,3,20,1,2,8,24,5,2,1,2,11,16,5,1,0,0,3,6,14,19,9,0,21,13,14,1,7,4,6,1,0,33,11,0,10,2,0,27,2,15,6,6,4,5,2,18,37,22,19,11,1,23,2,3,1,4,12,13,11,26,15,31,0,6,5,2,0,1,9,19,19,1,10,4,1,3,21,9,4,1,2,6,10,1,19,20,0,0,3,6,11,14,10,7
"1",11,6,2,2,19,0,17,16,6,6,5,41,16,3,17,2,4,0,11,31,4,20,12,25,0,1,11,7,39,1,0,6,1,13,19,2,22,20,4,10,3,3,1,13,9,6,1,6,30,2,21,2,3,7,2,3,2,22,3,8,0,13,4,0,0,0,10,40,16,21,2,19,1,4,4,2,1,13,8,24,7,9,7,1,8,20,2,3,1,6,1,18,6,8,43,0,5,4,20,11,9,3,7,1,2,23,0,1,12,2,0,48,17,10,0,2,0,4,3,0,2,4,8,2,1,19,5,6,10,1,3,4,2,11,2,6,1,23,0,28,4,2,8,12,0,0,16,6,9,13,10,3,3,24,8,26,8,7,2,8,10,0,3,13,2,9,2,23,3,6,0,2,4,7,0,21,23,1,26,0,1,1,3,4,22,49,6,7,12,9,1,3,2,4,10,17,1,1,26,6,2,3,4,0,13,6,2,1,29,8,24,16,2,4,40,0,5,10,8,3,13,2,0,17,18,1,14,2,5,2,13,5,7,3,5,13,19,8,1,1,2,4,2,7,30,2,0,12,3,8,4,8,7,2,9,3,35,6,1,6,2,0,35,4,13,2,6,4,5,0,29,33,21,15,6,2,24,2,5,0,2,5,9,6,26,25,32,2,2,6,0,6,2,10,13,23,7,3,4,0,1,16,17,0,0,2,7,25,1,18,13,0,0,3,3,13,4,10,16
"1",19,9,0,2,29,0,18,9,10,6,0,16,18,5,16,2,4,2,12,33,2,36,14,13,2,1,14,6,33,2,0,4,0,6,23,5,27,26,10,15,0,5,2,28,21,5,2,10,23,0,25,1,4,11,0,0,6,27,2,14,0,17,1,0,0,6,13,34,28,18,0,28,0,0,6,2,4,13,4,14,12,4,10,2,7,14,2,4,0,4,2,7,18,13,36,0,5,6,32,15,13,6,6,0,0,29,2,3,10,2,0,21,24,12,1,0,1,4,2,2,0,2,13,2,2,17,7,5,6,6,2,1,6,4,1,16,2,15,0,29,2,1,3,7,5,1,18,10,19,18,13,2,2,22,9,20,4,14,3,4,12,0,4,11,1,2,1,6,2,5,0,6,0,1,0,19,15,6,22,0,0,0,3,6,28,68,1,5,10,9,4,5,1,6,15,12,0,2,20,5,1,6,4,0,17,5,0,3,21,13,30,13,2,4,32,2,1,8,6,4,9,3,0,23,13,3,17,1,3,6,18,1,2,1,0,9,17,7,1,2,1,1,5,6,22,2,0,20,11,3,3,11,6,2,1,1,21,8,4,6,4,1,41,6,18,4,6,2,10,0,31,34,14,25,12,0,17,7,5,0,6,6,11,5,27,20,43,1,6,11,3,2,3,8,14,21,3,5,5,0,4,34,18,2,0,3,9,25,1,18,13,1,2,3,7,11,9,9,7
"1",14,6,1,3,27,1,18,11,12,0,2,43,26,2,14,2,4,1,9,26,1,26,28,16,1,0,2,14,42,2,1,6,4,8,17,4,28,14,5,7,2,3,4,18,16,11,0,11,26,6,18,0,2,5,0,1,0,21,5,4,1,6,4,2,6,6,12,28,17,24,0,31,5,1,2,1,2,14,8,16,8,3,11,0,10,24,3,1,1,8,3,14,10,11,30,0,8,7,7,8,7,5,5,0,2,23,0,3,14,3,2,36,16,13,3,0,0,3,5,0,0,4,8,0,4,15,9,11,2,7,5,1,2,5,3,16,4,21,1,19,3,3,6,11,5,0,24,5,8,11,11,1,2,19,13,43,5,2,4,2,5,0,7,6,2,6,1,6,0,5,0,7,2,4,1,22,29,2,26,1,0,0,5,3,31,58,5,1,16,4,5,0,6,2,18,12,0,1,19,8,1,5,4,3,14,2,2,2,17,9,17,10,1,3,43,0,1,6,1,4,5,4,1,22,18,1,11,4,8,16,19,4,1,6,1,11,8,7,0,4,1,3,5,11,13,4,1,21,12,4,4,18,5,5,6,2,35,6,0,9,3,0,38,3,23,3,12,5,6,1,17,39,18,23,7,2,22,3,3,1,9,10,6,8,22,15,26,0,3,10,2,4,2,4,14,22,2,3,6,0,2,36,13,1,4,3,9,23,1,17,14,0,2,3,8,5,11,10,15
"1",19,3,4,4,24,0,16,9,8,1,1,35,8,3,12,1,8,0,10,18,3,24,17,19,2,0,13,14,68,5,1,8,3,4,33,2,20,30,1,17,0,2,2,22,19,6,3,3,34,2,24,1,1,6,2,1,0,19,3,10,4,18,7,2,0,3,18,25,23,23,0,38,5,1,10,1,4,10,5,17,5,6,8,1,6,21,0,0,2,3,4,19,18,7,49,1,11,4,16,16,14,8,10,2,3,22,2,3,6,2,0,34,14,4,1,5,0,8,1,0,1,4,7,1,4,25,1,5,13,1,3,4,0,14,0,18,0,21,1,24,0,4,2,13,3,1,11,3,14,16,7,2,1,32,4,21,1,9,3,3,10,0,6,21,1,5,3,9,1,11,0,5,0,2,1,29,21,2,18,0,0,1,3,2,33,57,6,4,18,13,4,2,8,2,16,13,1,3,22,6,4,2,7,0,10,3,0,2,20,15,27,14,3,4,32,1,2,2,7,3,5,8,0,12,19,1,15,0,5,8,14,4,2,1,0,15,10,8,2,7,0,0,7,10,20,4,0,9,15,5,6,7,6,6,2,1,35,9,1,9,4,0,33,3,23,3,10,6,4,4,25,43,13,10,18,1,8,0,12,2,4,9,5,4,29,19,38,3,4,11,2,0,3,7,14,20,2,5,7,1,4,34,7,5,1,1,8,13,0,26,21,3,0,3,5,8,12,12,10
"1",16,7,3,1,15,3,9,21,8,1,1,26,27,3,14,1,2,0,10,29,6,19,15,15,2,1,5,13,57,5,3,3,0,9,23,1,31,22,3,11,3,3,4,23,19,7,4,5,24,1,29,0,2,5,4,2,6,21,4,2,2,15,3,0,2,1,16,16,10,39,2,32,3,3,5,0,1,11,5,17,7,6,8,0,5,19,1,7,1,11,2,16,19,8,44,0,5,1,24,21,9,2,12,2,2,25,1,1,15,6,0,38,13,6,5,0,1,2,3,0,0,7,8,2,4,15,9,9,8,8,2,1,5,7,3,10,1,29,0,31,1,4,9,10,2,1,18,9,7,17,8,3,1,15,7,28,3,5,3,6,8,1,5,7,3,6,1,12,2,7,0,9,0,6,0,35,33,1,18,2,1,1,2,1,59,60,8,6,25,8,2,2,6,5,9,12,1,1,21,3,1,1,3,0,15,4,1,7,26,5,17,19,1,2,37,0,3,5,3,4,12,4,1,18,13,2,15,1,7,12,19,4,7,2,2,12,22,3,0,2,0,1,3,12,18,2,0,17,11,5,0,6,6,6,8,0,17,11,2,2,3,1,40,5,30,2,6,1,4,1,27,40,24,21,13,0,12,1,7,0,7,4,4,6,26,13,46,0,3,4,2,8,3,11,19,30,3,6,5,1,2,21,13,0,0,0,11,18,3,24,12,2,1,1,7,8,6,17,12
"1",13,3,2,4,24,1,11,12,3,2,1,31,14,5,9,2,1,0,9,22,4,19,11,14,0,0,12,2,50,5,2,9,4,4,19,2,30,26,0,16,0,6,6,20,12,5,2,7,20,1,18,1,2,7,4,3,4,23,2,5,1,12,4,0,2,3,15,32,23,19,0,34,6,2,7,0,1,8,5,18,8,11,9,0,7,17,2,3,4,9,5,15,9,7,29,1,8,9,10,11,13,2,10,1,4,21,4,1,7,5,0,36,24,7,3,2,2,8,6,0,2,8,13,2,0,21,4,5,15,5,0,1,2,8,2,3,2,17,2,23,1,5,7,11,2,1,16,4,9,10,6,1,0,30,9,25,2,5,6,4,11,0,10,15,2,5,1,10,2,6,0,4,3,0,0,30,17,5,13,1,2,1,1,1,22,61,3,12,15,5,7,2,2,1,11,20,0,2,26,3,1,0,6,1,2,5,1,3,34,7,9,14,1,4,41,1,2,5,5,5,12,4,0,18,19,3,17,0,8,4,17,7,2,1,2,10,16,10,1,4,2,0,4,8,17,6,1,19,15,4,3,11,10,4,9,2,21,5,0,4,0,0,39,8,16,3,6,0,10,0,34,30,18,19,7,1,14,4,7,0,5,8,6,8,19,23,35,2,6,4,0,5,1,11,9,22,2,5,2,1,6,28,9,0,1,0,14,10,1,17,13,0,1,1,7,9,8,9,16
"1",11,3,4,4,22,0,12,19,11,6,2,21,16,5,11,2,3,0,11,20,2,25,8,7,3,2,8,4,47,1,2,7,2,9,12,2,18,39,2,14,3,12,1,27,25,8,1,1,30,1,22,1,1,9,2,2,5,32,1,13,2,23,7,0,1,3,18,33,35,13,2,28,3,4,7,0,1,10,6,9,7,6,13,1,11,20,2,2,2,14,4,11,16,6,31,0,13,4,16,19,16,5,8,1,2,23,0,0,12,2,1,27,18,8,2,2,0,14,7,1,0,5,9,1,4,15,3,9,10,8,0,1,4,15,1,21,4,19,0,24,1,4,2,12,1,1,18,3,10,16,13,0,3,27,6,29,7,7,1,3,9,0,1,13,3,4,7,11,1,6,0,10,0,4,1,31,15,2,21,1,0,0,2,1,26,67,6,5,16,6,3,0,9,4,11,24,0,0,22,5,0,6,8,0,10,1,0,8,30,7,39,14,0,3,37,0,2,6,2,3,7,4,0,19,21,1,28,2,3,6,13,2,2,2,1,12,16,10,2,2,2,2,3,9,24,2,1,20,8,3,8,6,3,4,3,1,23,7,1,3,1,0,31,10,17,0,2,2,4,0,31,24,17,20,6,3,16,2,7,4,4,16,7,5,30,12,43,2,5,7,1,8,2,11,21,21,1,6,10,2,2,19,18,1,0,1,19,22,3,24,8,2,0,5,5,19,6,11,12
"1",23,6,3,6,20,0,18,15,8,1,2,33,24,5,10,3,2,2,7,18,4,37,23,14,3,0,8,3,58,3,5,3,2,6,24,1,22,16,4,16,6,4,1,29,12,5,2,10,31,1,19,0,1,11,7,4,0,26,2,6,0,12,14,0,3,5,19,28,22,35,2,32,0,2,1,1,2,17,7,17,7,9,9,3,8,16,1,3,6,7,2,10,12,3,44,0,4,5,18,9,16,5,2,0,1,31,2,3,15,0,2,37,10,7,3,5,1,9,5,0,1,10,8,1,1,11,8,10,15,8,0,1,2,6,8,15,3,16,1,30,0,3,5,10,1,1,19,5,12,13,13,3,2,41,11,26,1,4,7,3,8,0,3,18,1,2,10,6,3,5,0,0,0,3,0,29,21,0,29,1,1,2,4,0,29,71,3,4,24,3,1,3,5,3,18,22,1,0,22,7,1,4,9,0,15,3,0,6,17,12,27,14,2,1,32,0,2,5,4,5,4,2,0,14,18,4,18,0,1,7,23,4,5,1,4,10,29,3,0,0,0,3,4,9,29,5,0,14,10,8,4,4,9,1,6,0,23,6,0,3,0,0,27,11,12,3,4,4,7,2,38,27,15,20,10,1,24,3,3,4,6,10,6,7,28,20,40,2,3,7,2,2,0,10,10,21,5,3,3,3,1,17,16,2,2,1,11,22,1,20,11,0,0,1,7,5,18,7,12
"1",16,6,0,6,20,1,14,10,1,5,2,31,31,3,11,2,4,2,15,22,2,25,12,19,0,2,6,6,55,4,4,7,0,8,20,0,30,28,3,7,6,6,4,20,13,7,3,5,25,1,19,4,6,10,1,3,2,31,3,8,1,9,4,2,3,6,8,35,23,27,1,35,2,1,5,1,2,10,12,23,5,6,10,2,9,23,4,6,1,7,0,16,8,7,48,1,10,3,17,14,17,8,8,0,4,31,5,1,6,2,0,44,19,6,4,6,2,15,3,0,0,6,7,0,1,7,7,14,5,5,3,1,3,9,0,9,1,14,0,25,1,4,1,11,2,1,18,7,9,12,5,0,1,28,11,28,3,8,1,5,8,3,10,15,1,1,3,13,2,4,1,9,1,5,0,22,17,5,19,1,1,0,4,0,35,59,4,5,19,8,5,3,7,4,19,18,2,6,19,7,1,2,10,1,8,3,0,3,38,6,21,9,1,4,38,1,5,7,11,0,8,7,3,14,17,0,16,4,4,10,19,6,2,0,2,15,20,8,0,5,2,5,2,5,14,4,0,14,13,1,3,7,7,6,8,0,20,2,1,4,3,0,43,5,23,1,11,7,6,0,34,41,17,22,10,3,18,3,6,5,9,4,8,1,15,14,36,1,3,8,3,7,0,9,10,32,2,5,6,0,2,24,14,2,1,1,17,23,4,21,15,3,0,1,12,7,10,6,20
"1",21,3,1,4,18,1,17,17,12,1,3,33,12,4,17,4,5,1,16,21,4,32,22,11,1,3,12,7,56,5,1,3,1,8,31,5,19,30,2,5,2,8,9,26,21,9,2,9,33,4,15,4,1,9,2,2,4,18,4,8,0,13,3,0,0,1,14,26,21,23,4,22,4,3,4,0,4,10,10,17,5,17,12,1,11,23,2,5,1,1,1,16,8,6,41,1,6,1,15,7,13,7,8,2,2,20,3,5,9,4,0,44,31,2,0,3,1,10,2,0,0,11,12,2,3,16,6,5,5,2,1,1,4,8,2,11,1,15,1,24,1,1,6,7,1,2,23,4,7,12,14,3,0,26,3,14,2,4,3,3,11,1,11,10,4,2,3,14,1,10,0,12,1,1,1,32,19,5,11,2,1,1,5,4,42,54,7,5,20,5,7,3,7,4,5,17,1,0,10,7,5,3,5,0,12,2,1,1,23,8,36,9,0,2,36,2,5,7,2,0,18,1,1,16,29,1,15,0,1,14,20,3,2,1,3,11,14,6,1,3,0,0,7,6,30,6,1,9,15,3,7,8,2,10,4,1,38,8,1,8,1,1,35,8,13,3,6,2,12,0,34,34,12,15,9,0,9,6,4,1,7,9,3,5,28,19,41,0,2,7,2,4,1,6,20,21,4,11,2,0,7,31,14,1,2,1,20,18,0,23,20,3,1,2,3,15,9,12,13
"1",25,5,0,2,22,1,19,14,16,2,1,24,23,2,15,1,3,0,5,16,5,24,23,12,2,1,9,3,43,1,0,6,1,10,12,2,20,34,4,15,5,9,1,13,16,3,1,9,29,5,17,1,2,4,3,2,0,23,4,5,2,5,3,0,2,1,14,32,23,22,2,31,0,4,7,3,2,13,6,16,6,6,8,0,10,22,0,3,2,6,3,16,15,6,40,1,13,1,11,19,13,8,8,2,4,27,3,1,8,3,0,24,19,8,7,3,1,13,4,0,1,5,10,0,2,17,6,5,5,3,2,1,3,12,3,8,3,22,1,32,2,3,2,15,0,1,18,6,20,12,9,1,1,24,4,22,4,2,2,1,9,1,2,9,3,4,1,12,1,10,0,5,0,1,0,29,16,4,27,0,2,0,3,2,20,47,6,9,13,8,6,2,7,2,16,9,3,3,19,3,1,0,4,0,12,1,0,1,17,14,37,10,1,2,45,0,7,6,3,0,4,5,0,23,17,1,19,1,7,9,15,3,7,1,3,9,19,10,1,3,1,1,9,11,20,9,2,15,15,8,3,6,7,3,5,0,24,12,1,5,2,2,34,5,20,4,6,4,11,0,23,40,19,17,11,2,25,2,5,0,5,8,3,6,29,17,41,4,4,2,1,9,1,6,11,11,2,3,1,2,0,21,9,1,1,2,10,13,2,14,16,2,2,0,3,10,8,5,15
"1",16,3,5,5,17,0,15,14,8,1,1,21,20,3,8,4,6,1,17,18,3,25,28,9,1,1,9,3,57,3,4,4,2,5,14,2,21,23,4,11,3,4,2,30,13,6,4,7,25,2,16,2,1,5,2,4,1,26,4,13,0,10,5,2,2,1,26,35,36,27,0,28,1,4,7,1,5,11,6,17,4,1,13,0,8,18,1,2,1,3,0,13,14,14,47,0,11,0,11,13,14,3,5,0,2,25,3,1,19,3,0,32,9,13,5,3,1,4,1,0,0,10,4,2,0,16,6,6,4,3,2,0,3,14,4,13,1,16,0,24,2,3,9,6,2,1,20,7,11,17,14,3,2,18,8,35,2,3,3,3,11,3,7,2,5,4,2,9,2,11,0,8,0,6,0,35,16,4,13,0,1,5,4,6,25,57,6,4,17,6,4,5,1,3,23,25,3,0,19,8,0,6,8,1,8,1,0,1,24,15,44,10,2,4,35,0,4,3,6,2,7,4,1,16,23,0,10,0,4,12,19,2,6,2,4,11,18,10,1,2,3,1,2,12,24,4,1,16,8,5,4,8,10,10,6,2,29,20,2,6,4,0,32,4,14,2,6,2,7,1,40,37,17,15,9,2,13,8,6,1,7,8,9,8,29,15,23,0,1,11,1,4,2,7,17,20,1,5,4,2,3,28,10,2,2,1,7,15,3,13,12,4,0,0,6,5,13,13,17
"1",18,6,0,8,22,1,14,14,7,4,4,25,23,6,13,3,9,0,7,22,0,26,19,20,5,0,7,2,50,4,2,6,6,13,20,3,16,26,3,11,5,14,2,28,18,5,1,4,25,1,27,1,5,5,4,6,1,32,3,8,1,6,5,0,2,1,16,31,34,18,3,22,0,4,8,1,1,7,7,22,5,4,8,1,10,9,4,2,0,6,1,7,16,9,36,0,5,4,16,9,8,4,3,0,1,24,2,0,7,8,0,20,33,11,0,4,1,13,2,0,0,3,9,1,3,18,7,10,9,8,3,4,3,8,0,18,1,22,1,28,4,4,5,7,2,1,24,7,7,8,8,2,1,17,6,32,1,0,2,2,4,2,7,10,1,3,3,8,3,8,0,6,0,4,0,36,23,1,20,1,1,0,4,3,34,68,5,3,14,4,1,3,5,4,18,23,0,2,17,4,0,2,8,0,11,2,1,7,16,12,27,14,2,2,38,1,1,4,3,3,10,4,0,8,22,1,20,1,4,11,16,10,1,0,4,3,16,7,0,3,1,1,4,10,18,7,0,9,11,2,3,6,3,7,6,0,40,12,0,9,4,2,37,6,12,5,6,0,13,0,25,26,13,11,15,1,19,1,9,3,3,7,6,7,19,17,30,3,3,5,1,3,5,6,13,38,5,6,3,3,2,38,10,0,3,5,10,17,1,18,19,1,0,2,16,12,15,6,10
"1",14,3,3,5,13,1,24,9,13,10,1,27,16,0,11,0,8,0,10,18,3,22,27,16,3,2,3,6,52,3,2,6,4,3,16,2,23,25,1,18,3,8,4,34,16,5,0,9,35,3,32,3,5,5,1,0,2,37,1,4,1,10,2,1,0,0,10,24,31,25,0,22,0,5,4,1,2,8,8,19,2,6,14,0,11,28,1,4,2,13,1,19,11,9,46,0,16,4,18,13,13,4,7,1,2,28,1,0,20,1,0,33,33,9,2,3,0,8,3,2,3,8,13,0,1,17,6,10,10,4,1,1,1,7,4,21,2,15,1,23,4,1,8,11,0,0,25,9,10,16,2,1,2,21,2,29,7,8,4,2,3,2,11,13,1,3,6,14,1,6,0,4,0,1,0,22,19,2,13,1,1,0,1,2,49,67,4,3,17,9,7,2,3,3,21,21,0,1,22,8,0,2,5,0,7,8,0,7,19,12,32,14,0,5,39,0,4,9,5,4,8,6,0,26,18,2,20,3,5,15,16,11,3,2,3,14,13,8,0,5,0,1,1,5,18,11,0,15,15,3,4,14,3,2,3,1,28,7,1,4,4,1,36,4,15,3,8,1,6,2,11,40,17,19,8,1,8,5,6,1,6,7,11,6,20,16,42,2,8,6,3,7,4,14,22,23,2,3,0,1,2,40,14,2,1,3,12,22,2,23,18,1,1,2,8,7,10,8,19
"1",13,6,2,1,19,2,18,8,7,9,1,27,13,5,26,3,3,0,8,25,3,24,11,18,0,0,10,2,36,6,2,10,1,13,15,2,27,19,6,15,3,4,4,20,16,12,1,7,23,3,12,1,0,10,4,1,1,30,3,10,3,14,5,0,2,1,20,28,16,22,3,25,1,1,9,0,4,6,6,25,1,7,10,1,8,15,2,4,2,5,2,15,23,8,42,2,8,5,16,10,10,2,7,3,4,30,0,1,4,5,2,31,19,10,4,6,0,3,4,3,3,6,11,1,4,15,5,6,3,3,1,1,1,6,3,12,4,19,1,19,0,6,4,5,2,0,14,6,9,9,6,4,3,19,10,35,5,4,3,1,9,2,8,10,1,4,3,7,10,4,1,7,2,4,2,24,15,2,13,0,1,0,4,2,24,61,9,6,13,3,10,4,2,5,16,13,2,2,16,2,1,3,4,0,5,4,0,4,24,12,24,9,1,4,46,1,5,11,8,3,15,4,2,28,23,0,21,3,9,10,19,1,4,3,3,13,16,5,0,4,0,3,3,6,31,4,1,23,14,9,1,9,13,5,5,0,31,8,1,7,3,2,36,3,17,3,10,2,10,0,30,33,19,15,13,1,15,3,12,3,5,0,7,4,31,19,40,5,5,9,2,5,0,6,11,32,4,5,2,5,3,30,14,2,0,0,17,10,1,17,16,2,0,5,12,5,13,8,10
"1",15,8,1,5,17,0,22,18,12,4,2,19,16,4,13,7,9,0,19,27,4,16,17,14,1,0,15,7,28,1,2,11,1,9,13,2,20,25,1,6,2,8,3,11,12,3,2,7,30,3,11,1,2,8,2,3,0,23,2,6,2,23,3,0,1,3,11,21,17,23,1,26,0,3,7,2,1,12,5,27,3,8,18,1,16,15,3,5,1,8,3,8,6,14,31,1,5,3,10,20,14,2,4,2,1,22,3,1,12,3,0,16,26,6,0,3,1,12,4,2,1,5,8,0,2,10,6,3,6,6,4,1,2,11,2,17,2,11,0,24,0,3,7,12,1,1,18,8,9,17,13,8,4,26,7,29,3,6,0,3,11,0,2,9,1,3,4,4,5,6,1,9,2,2,0,32,14,1,16,0,1,1,3,2,20,64,5,5,15,8,10,2,5,6,11,18,1,1,25,7,1,4,3,2,13,4,3,5,13,3,29,11,1,4,30,3,7,4,7,5,13,4,0,31,21,3,23,1,9,12,21,3,3,1,1,17,13,2,0,4,1,3,3,8,17,4,0,24,21,5,1,7,6,5,2,0,25,11,0,8,1,0,36,6,15,5,8,5,5,1,27,37,15,23,14,3,20,4,10,2,13,4,8,12,25,18,38,2,3,5,1,2,2,8,12,22,1,8,9,0,8,19,13,5,1,0,8,27,0,18,16,2,0,3,9,6,6,13,15
"1",23,5,1,5,12,0,32,19,10,3,0,17,21,4,13,1,3,0,14,28,1,37,12,6,1,1,21,7,41,4,1,1,4,11,19,1,26,23,2,17,3,10,4,19,21,2,2,9,21,0,24,1,0,10,6,2,2,26,3,9,0,9,2,2,4,0,24,27,24,27,2,26,3,1,7,1,2,11,7,15,8,3,8,1,5,15,0,2,1,16,3,12,7,8,59,3,4,6,21,27,16,2,7,1,0,24,4,0,13,3,0,38,21,11,3,1,1,7,2,2,0,10,14,1,3,13,9,7,5,2,3,6,0,7,0,14,3,26,0,26,1,3,6,11,1,2,17,4,5,10,6,5,1,25,2,23,0,5,2,2,5,2,4,11,0,4,0,9,5,4,2,4,0,1,0,20,22,2,26,3,3,1,2,1,36,68,10,4,16,5,5,2,4,4,16,17,0,2,11,11,0,0,4,1,6,3,0,8,26,9,26,9,0,0,41,6,3,6,6,0,6,2,0,19,21,0,20,0,9,11,21,6,6,3,0,5,22,6,1,5,1,1,1,4,16,6,1,13,9,6,5,14,8,4,3,0,25,11,1,9,1,0,27,5,19,4,4,2,2,0,23,43,22,20,10,2,19,2,7,2,7,5,13,4,21,14,33,0,0,8,2,6,1,12,11,17,2,5,4,2,3,15,11,2,5,1,9,20,1,29,18,0,1,0,9,7,12,8,14
"1",11,6,2,2,15,1,21,19,7,6,1,25,26,6,17,1,4,0,7,20,2,35,22,16,1,1,19,5,46,3,1,5,1,8,12,1,24,25,2,13,2,3,2,22,17,9,1,3,18,4,17,1,5,8,1,3,2,25,2,7,2,14,1,0,0,2,17,22,32,27,3,23,0,1,4,2,2,7,7,18,4,8,16,0,8,21,5,4,2,7,4,14,7,12,39,0,7,4,16,8,15,5,9,2,1,32,0,0,8,5,0,29,21,5,2,3,0,12,0,0,0,4,14,0,4,19,9,12,4,6,2,0,4,6,4,10,1,20,1,17,1,3,3,14,2,0,13,3,7,16,9,2,3,21,8,20,2,5,3,4,4,2,5,10,1,4,1,9,6,14,0,6,1,2,0,15,18,3,18,0,0,1,5,3,18,71,6,4,22,9,6,7,6,2,17,17,0,3,22,4,2,4,5,0,7,2,0,4,27,8,26,14,1,0,58,2,5,5,5,0,9,6,1,22,23,3,13,0,4,3,24,4,8,1,3,11,15,14,0,8,5,3,9,7,14,5,0,14,11,5,3,8,1,1,3,1,23,14,1,7,0,0,27,9,16,3,9,1,4,1,21,22,12,17,8,2,17,4,9,1,5,10,5,4,15,17,51,5,6,8,3,4,1,8,18,25,3,2,9,3,0,26,11,2,0,3,19,11,3,17,13,2,2,1,6,11,14,8,9
"1",19,3,4,1,34,1,25,13,17,8,1,35,21,4,15,0,3,0,18,17,3,21,17,17,1,0,3,2,31,5,3,5,1,6,19,3,22,37,4,14,3,3,5,18,11,7,0,7,26,0,28,3,2,6,3,1,1,30,7,8,1,11,5,0,2,3,16,25,12,11,2,17,6,1,4,2,1,12,1,18,5,1,7,0,11,16,0,3,2,8,3,10,13,13,49,0,7,2,18,15,11,8,8,3,0,23,1,3,11,2,0,25,22,8,2,1,3,9,1,1,0,7,12,0,6,14,7,8,5,7,0,2,4,6,1,18,2,19,0,21,3,6,3,12,1,0,13,6,18,11,10,2,1,26,5,19,4,9,3,6,6,2,6,12,1,2,0,17,8,3,1,7,1,2,0,15,20,1,24,0,0,1,4,0,26,65,3,6,17,8,6,2,7,4,12,10,0,3,26,5,0,2,4,0,14,2,1,1,32,11,24,11,3,4,35,0,4,4,5,3,3,2,0,18,34,1,24,3,2,9,27,6,3,4,2,13,14,8,1,0,0,1,0,8,21,3,0,14,12,1,4,10,5,1,5,0,23,11,1,10,1,2,34,7,10,1,7,6,5,0,27,37,22,29,11,1,13,0,5,0,10,5,2,7,37,13,34,1,1,8,3,3,2,11,27,21,4,5,1,2,0,23,13,2,1,0,17,15,0,23,18,4,0,2,5,8,12,13,15
"1",12,3,1,1,30,4,14,18,10,5,2,29,15,8,8,0,2,0,20,23,0,27,14,13,2,2,14,5,47,3,4,3,5,3,33,2,30,30,1,13,3,3,3,24,21,6,2,3,30,4,21,1,1,7,5,2,0,35,1,5,3,11,2,1,3,1,21,43,24,22,0,41,3,0,9,2,3,16,6,19,4,17,5,2,5,22,0,0,4,5,4,22,7,6,57,1,6,4,9,18,8,7,4,1,4,20,1,0,9,4,0,37,18,9,3,7,1,6,3,0,1,1,15,2,2,16,3,13,6,8,4,1,0,11,0,9,1,17,1,26,1,2,4,9,3,3,13,4,18,6,10,2,1,23,5,33,3,7,2,2,14,0,5,3,1,1,1,10,4,8,0,5,0,0,0,20,20,5,20,0,0,0,0,2,25,59,3,6,13,8,8,3,7,2,15,24,1,1,21,7,1,3,6,0,9,3,0,7,17,11,38,16,3,2,41,4,4,3,0,4,10,4,0,14,11,1,20,3,5,5,15,2,10,4,5,11,14,6,0,5,0,0,8,8,15,8,0,15,20,11,3,8,11,5,5,1,27,16,0,4,2,2,40,8,7,2,7,2,10,0,26,22,22,15,8,4,22,4,12,5,8,10,10,6,19,19,35,1,3,3,2,5,2,4,20,28,1,2,3,2,1,24,9,0,2,0,12,29,0,24,8,0,0,7,5,19,3,7,18
"1",15,6,1,3,21,0,23,10,14,1,4,18,31,3,11,1,3,0,9,23,2,21,19,9,0,1,7,6,39,1,1,6,1,8,28,0,25,34,2,4,5,11,1,31,14,7,2,2,35,1,24,2,2,9,0,2,4,19,3,5,2,7,7,1,3,1,12,25,16,26,3,41,0,5,5,2,0,16,7,27,6,1,9,1,8,35,1,3,3,17,2,13,14,6,30,0,5,7,10,16,10,1,9,3,2,25,2,0,15,3,0,28,19,9,0,1,2,6,4,1,1,2,11,0,1,13,6,6,3,1,4,0,2,5,2,11,2,15,0,31,3,3,1,9,1,0,18,11,11,11,9,3,0,21,7,35,5,5,3,6,11,2,1,11,0,5,1,17,4,7,0,5,0,0,0,22,16,5,12,2,2,1,4,1,27,59,6,4,9,8,9,2,2,1,11,14,1,6,17,7,1,3,2,0,11,1,1,3,18,7,22,25,0,3,34,1,1,3,2,1,5,3,1,19,21,2,16,0,5,9,27,3,4,4,1,7,19,10,0,5,2,1,3,7,20,6,0,28,9,6,1,12,8,0,2,0,18,13,1,5,5,0,30,6,15,2,13,5,12,0,30,36,14,15,12,1,22,4,10,0,9,6,2,4,22,12,37,1,1,5,1,5,5,7,10,22,3,1,3,1,1,31,9,0,3,3,7,13,0,28,16,4,0,0,7,9,4,9,16
"1",17,5,0,5,16,1,15,24,5,2,0,24,21,5,17,2,6,0,13,24,3,32,19,24,1,0,10,4,40,5,0,13,2,5,9,0,29,32,0,17,7,9,3,14,14,11,3,12,32,1,24,2,3,4,1,4,2,27,2,6,3,7,2,1,4,0,22,25,25,20,1,22,1,4,13,0,5,8,4,30,10,4,5,3,5,16,3,3,3,20,0,11,9,14,39,0,11,2,21,25,6,3,9,2,2,32,2,0,8,1,2,36,14,9,2,4,0,5,7,5,0,5,5,4,5,15,7,7,11,2,3,2,2,12,2,15,2,34,0,31,2,4,1,5,1,0,23,10,9,8,14,3,3,29,8,21,5,3,2,5,8,1,5,21,0,3,3,12,6,7,0,10,0,3,0,25,16,0,18,0,0,0,4,4,12,60,9,8,8,14,8,1,6,4,9,9,1,3,17,4,1,0,5,1,10,5,1,3,21,5,29,10,2,1,35,0,2,9,4,1,14,2,1,15,28,3,11,0,1,11,25,6,3,2,1,8,13,11,2,1,0,0,2,3,17,3,1,22,10,5,3,9,1,0,5,1,22,7,2,5,3,3,47,3,21,1,4,3,7,0,31,24,15,16,12,1,12,3,11,3,5,5,11,10,23,18,37,4,4,3,0,3,0,7,15,24,2,8,3,1,2,13,7,2,1,0,8,7,0,21,17,1,0,5,9,8,6,8,10
"1",19,6,0,7,19,0,17,14,4,2,3,26,17,10,7,2,3,1,21,27,1,33,20,16,3,0,4,6,59,3,1,9,5,7,17,0,29,33,2,12,3,11,6,12,14,7,0,6,17,2,20,3,0,9,0,2,3,18,0,7,2,13,6,1,1,4,14,37,20,28,1,32,2,1,4,1,3,11,7,15,7,9,16,1,7,26,2,2,1,7,7,19,9,9,47,0,4,1,24,15,17,3,12,0,2,20,2,0,8,2,0,31,19,4,5,2,0,4,1,1,0,3,10,0,1,18,11,13,5,4,4,1,1,13,1,10,1,22,1,27,0,7,3,8,3,3,29,8,14,9,7,3,2,21,0,19,0,4,2,3,11,1,6,13,0,1,4,11,5,13,0,10,1,2,2,25,16,2,17,1,0,0,1,4,24,71,7,7,31,9,6,4,7,3,19,18,0,1,23,7,0,3,3,0,9,3,3,9,23,11,29,10,1,2,52,0,6,6,2,6,16,2,0,18,34,1,14,4,6,5,17,2,8,0,0,9,21,6,0,3,0,1,2,3,22,3,0,15,13,5,2,5,3,4,13,0,25,10,1,7,4,0,29,5,18,0,4,3,5,0,44,36,21,15,7,2,19,5,7,0,1,9,6,4,28,22,31,2,0,1,2,10,0,1,9,29,2,4,4,2,2,18,12,0,1,1,17,21,2,20,12,0,0,6,8,8,10,12,15
"1",12,4,0,2,18,0,15,17,7,1,0,38,24,7,16,3,6,0,12,20,2,35,22,16,1,0,12,4,44,3,2,4,0,7,20,1,17,42,4,15,7,6,7,20,8,8,1,6,31,1,24,0,0,5,2,1,0,24,1,10,5,13,5,2,2,1,17,37,25,25,1,20,0,0,4,1,3,11,10,19,11,8,8,0,4,24,2,6,2,11,2,15,4,7,47,1,10,6,13,20,11,1,9,0,2,27,5,0,20,1,1,33,16,8,1,2,1,3,3,1,1,3,7,1,2,13,6,5,12,4,3,0,1,13,2,15,0,15,1,27,2,3,6,9,5,0,26,10,6,8,12,1,3,29,9,29,0,3,2,6,9,3,7,13,2,2,6,7,6,7,0,8,0,1,1,33,19,2,13,0,0,0,0,3,19,57,5,8,19,7,6,5,5,1,19,20,0,2,25,4,3,3,1,0,11,5,1,8,20,7,24,19,7,5,40,0,6,8,2,1,5,2,0,28,15,2,10,3,5,13,16,2,3,0,1,13,17,10,1,3,1,0,4,12,17,10,1,18,7,7,3,6,3,10,9,0,29,9,3,4,5,0,23,6,15,2,14,2,8,0,29,33,18,17,12,0,16,3,6,2,6,13,9,6,32,17,37,1,2,4,0,4,1,4,11,28,1,0,2,4,5,12,10,5,1,2,15,14,0,21,13,1,0,2,5,4,15,8,13
"1",14,4,4,2,15,1,28,18,10,2,2,33,20,3,11,1,1,2,14,29,6,23,6,15,2,3,11,8,51,4,1,6,0,7,10,0,23,31,8,11,5,5,2,30,23,9,0,5,21,2,16,1,2,3,2,2,0,38,0,15,1,18,3,0,0,3,13,24,20,31,2,31,0,2,8,0,2,21,9,16,12,7,10,0,6,10,3,3,1,8,0,15,14,10,56,1,12,1,10,14,9,10,6,2,3,33,3,0,10,1,0,22,22,5,2,1,1,2,1,0,0,3,12,0,5,15,8,5,1,4,1,0,4,12,1,15,0,14,0,28,0,2,2,11,3,0,33,8,11,13,7,3,1,23,9,22,2,3,1,4,8,2,3,11,2,5,5,7,9,9,0,6,0,4,3,16,17,3,20,2,1,0,4,0,35,70,5,8,11,2,3,5,4,1,10,23,0,2,17,6,2,3,2,1,4,0,1,4,19,3,28,17,2,4,42,2,1,5,3,3,3,3,1,14,18,0,17,0,4,10,19,11,1,4,3,13,12,10,0,8,3,3,0,8,23,7,1,11,11,6,1,10,9,6,7,1,25,8,2,5,1,2,35,5,20,2,10,4,11,0,30,38,25,18,9,2,21,5,13,2,5,7,10,7,15,22,34,7,4,4,2,8,3,10,14,36,4,8,4,1,5,27,7,0,2,1,8,11,0,18,7,2,1,2,5,10,14,9,8
"1",18,4,0,1,15,2,17,14,7,0,0,26,21,8,6,1,4,2,15,22,2,24,12,10,2,2,8,10,43,5,1,8,2,7,17,3,20,24,3,17,6,5,2,17,11,2,1,6,26,4,13,0,1,2,2,1,1,26,1,9,2,8,3,1,1,3,16,24,25,24,2,31,3,2,6,0,2,14,10,9,3,4,5,5,4,17,3,5,5,12,5,10,12,2,29,1,6,6,16,23,6,1,4,0,5,25,1,1,10,6,1,43,16,4,0,3,1,9,4,0,0,7,13,0,1,12,15,7,6,4,2,1,4,14,0,18,2,25,0,35,0,0,2,3,0,0,27,6,11,17,8,0,4,17,2,22,2,3,5,3,13,1,6,11,0,4,5,16,4,6,1,10,1,2,1,22,15,0,9,0,2,0,0,8,29,59,5,5,17,6,4,3,4,0,24,11,1,1,21,3,0,5,10,1,12,0,2,3,20,11,29,14,5,2,52,2,3,5,5,2,4,6,0,11,21,4,16,3,10,10,33,4,3,1,0,11,14,9,1,4,1,0,4,12,17,1,1,15,15,4,3,1,7,2,12,0,21,9,0,9,0,0,36,9,18,3,7,1,11,0,25,25,23,17,12,1,29,4,9,1,6,4,4,11,34,12,30,2,2,5,1,9,4,11,13,22,4,9,3,2,3,27,14,4,0,1,13,19,4,24,12,0,1,1,1,12,9,8,17
"1",18,3,2,3,23,0,21,12,8,5,2,21,24,4,13,1,4,1,14,22,5,41,21,18,1,1,6,4,54,3,1,5,2,7,29,4,25,27,3,9,1,5,0,22,16,7,0,5,22,4,25,3,2,4,2,4,7,17,2,7,4,8,5,1,0,5,26,39,9,18,2,20,0,2,8,3,5,4,3,15,9,8,3,4,9,21,2,2,5,10,1,13,12,11,64,2,6,2,16,13,11,6,11,0,3,16,0,2,8,0,0,39,27,6,3,2,1,14,8,2,1,6,9,0,1,12,9,9,7,6,1,2,4,9,0,10,2,19,0,29,0,2,2,13,2,2,19,7,6,9,7,0,4,21,7,16,5,7,1,3,12,4,5,8,1,4,4,7,6,8,0,5,0,2,0,26,22,1,23,0,0,1,7,3,22,58,2,7,6,13,4,2,8,3,12,17,0,1,16,8,2,4,5,2,5,3,0,6,40,15,28,16,5,2,21,0,1,8,4,4,6,4,0,17,19,2,15,2,5,11,20,5,3,1,1,14,22,4,0,5,1,0,3,4,19,3,0,14,12,2,5,9,17,6,5,1,28,16,3,9,6,1,37,9,24,6,4,0,2,1,22,36,13,13,14,2,17,2,9,3,5,4,7,7,21,20,29,2,5,4,4,5,2,4,17,29,1,9,7,0,3,24,5,0,0,1,19,11,2,23,11,4,1,3,4,5,5,5,12
"1",19,2,2,3,21,1,12,14,5,1,2,20,18,8,16,1,6,0,9,18,2,17,17,9,1,0,5,9,45,4,2,7,4,5,21,2,34,33,1,14,2,6,2,26,10,7,3,7,35,3,20,0,0,12,0,2,2,17,2,5,0,11,4,0,1,5,16,19,22,19,0,26,0,1,3,2,0,7,10,17,2,1,5,2,9,28,6,5,0,7,1,13,10,4,35,0,10,6,19,12,7,3,4,2,2,21,5,1,13,1,0,34,35,2,0,3,0,7,5,0,2,6,4,1,1,12,8,6,7,7,5,2,2,10,1,8,2,26,2,30,1,2,3,12,0,2,20,8,15,9,7,0,2,23,4,20,1,0,7,3,5,2,1,6,0,2,5,14,4,3,1,9,1,4,2,17,17,1,23,1,0,0,4,2,31,55,2,4,14,5,8,3,3,5,19,11,2,0,13,5,1,5,4,0,15,3,0,7,25,12,35,13,5,1,37,0,5,10,2,2,7,7,0,23,31,3,20,0,6,9,16,4,3,5,1,14,19,5,1,2,0,1,3,9,27,8,0,22,6,3,2,9,5,7,8,3,24,11,4,5,1,0,32,2,17,3,6,4,9,0,15,35,24,17,8,2,19,1,11,1,8,6,3,5,14,17,44,2,5,7,3,6,2,11,7,16,1,5,4,1,2,25,14,2,2,2,10,18,2,9,15,3,0,2,10,13,16,8,18
"1",20,4,3,2,27,0,14,11,17,5,0,18,15,2,8,0,6,2,18,18,3,23,17,15,3,2,11,4,56,5,1,6,2,7,14,0,27,22,1,23,4,6,3,17,18,7,2,4,24,0,23,3,1,8,0,2,1,26,2,13,0,21,8,2,2,6,15,24,15,26,1,28,0,3,6,2,7,10,11,24,2,8,12,1,6,25,3,1,2,5,0,18,18,5,34,2,10,4,21,17,13,2,7,0,8,22,0,1,13,0,1,36,17,8,1,2,0,5,1,1,1,5,6,0,4,15,5,11,9,1,1,1,3,13,1,9,1,17,3,36,0,1,2,7,2,3,25,10,9,13,7,1,0,28,10,24,1,3,1,4,8,1,11,16,2,2,1,8,8,5,0,2,1,4,1,34,14,2,27,3,3,0,2,7,29,77,2,8,15,6,4,7,8,7,14,17,1,2,25,7,1,1,5,0,8,1,0,6,32,10,16,12,3,2,41,0,6,17,4,8,5,3,0,18,22,2,17,0,6,13,21,5,5,2,1,10,23,7,2,2,0,0,7,4,21,5,0,21,12,11,3,13,9,3,6,1,31,7,1,9,1,1,33,2,9,3,6,1,6,2,27,36,21,17,21,0,14,2,11,4,9,5,7,8,20,18,36,3,1,5,1,9,2,6,15,23,2,3,4,0,4,22,6,1,0,1,18,29,4,19,20,1,0,0,16,16,7,12,13
"1",20,6,2,4,22,0,10,30,10,1,0,30,20,5,7,2,7,0,10,25,4,22,15,14,1,1,6,4,59,4,1,7,2,12,22,3,21,29,4,22,1,7,3,25,18,5,3,8,33,0,14,2,1,13,1,4,1,31,4,8,1,12,8,1,0,1,17,26,23,34,1,32,1,1,5,0,2,11,5,21,5,8,6,1,2,33,0,2,1,5,1,8,19,7,39,0,11,0,14,10,20,5,7,2,2,20,1,0,9,2,1,21,17,4,0,0,0,9,5,0,2,3,12,0,2,11,9,12,13,6,2,2,2,12,1,8,4,16,1,24,1,0,3,15,2,2,12,8,13,15,14,1,2,17,2,22,4,8,0,9,13,0,4,10,2,4,3,10,5,11,1,7,3,4,0,33,15,2,14,1,0,3,3,1,36,64,4,8,10,13,9,0,3,6,21,21,0,2,16,4,2,3,2,0,7,4,1,5,22,8,26,11,6,3,33,2,2,1,6,2,18,2,0,22,25,2,12,2,7,7,14,0,2,5,2,9,13,10,1,2,4,2,5,10,13,7,0,15,7,5,4,9,11,5,6,0,32,12,1,7,3,0,40,8,17,4,7,1,8,2,33,28,37,18,12,0,18,0,4,2,9,5,4,1,29,16,41,3,2,3,0,5,1,7,23,25,2,6,3,1,5,23,19,1,0,3,6,18,0,20,23,0,1,0,7,10,5,8,8
"1",19,1,0,5,20,0,22,12,13,2,1,32,25,2,11,5,4,0,5,21,3,27,20,22,2,1,8,1,49,3,1,5,2,2,25,1,22,19,3,25,4,4,4,12,11,11,1,7,28,2,23,2,0,8,2,0,0,10,5,15,3,12,8,0,0,3,12,22,14,18,2,25,2,2,17,0,1,11,5,24,7,9,14,0,8,12,1,3,3,10,2,7,7,8,32,1,10,1,8,12,11,5,13,1,1,23,1,0,12,2,0,18,20,7,0,4,1,13,7,0,2,6,14,1,0,15,7,10,2,4,1,0,3,11,0,11,2,19,0,25,3,4,4,18,1,1,17,5,10,17,11,4,5,21,1,25,0,8,1,2,6,0,2,20,3,5,2,12,9,4,0,6,1,2,0,23,20,6,22,0,1,0,4,5,30,52,2,2,10,13,9,2,6,3,19,18,2,3,23,4,2,3,1,0,11,5,3,10,14,3,33,10,0,1,37,2,3,6,4,6,11,2,0,26,27,0,17,1,8,15,20,1,1,1,2,23,13,6,1,2,1,2,4,4,19,7,1,20,13,6,1,11,7,9,8,0,24,15,3,4,1,1,39,4,26,4,3,4,6,0,34,35,17,16,22,1,13,6,3,1,7,7,14,3,29,16,21,3,6,5,5,5,3,3,12,19,3,5,5,2,2,29,12,0,1,0,3,11,2,22,13,1,0,3,5,7,5,6,18
"1",20,1,0,3,25,0,29,15,6,3,0,25,18,5,20,2,7,1,7,20,2,33,13,19,7,0,13,0,39,5,1,3,0,11,27,3,25,29,3,20,0,6,9,19,11,7,2,13,30,0,19,2,1,8,4,3,1,16,3,11,1,13,6,0,0,3,23,30,21,29,1,40,3,2,6,0,3,11,9,16,5,10,6,2,7,17,2,4,5,9,3,15,15,12,26,4,7,3,13,14,16,6,5,2,2,19,3,1,18,1,2,24,16,10,0,1,1,6,2,1,3,3,11,2,1,9,8,7,5,3,4,2,5,3,2,6,0,23,0,16,1,8,5,9,4,1,18,3,10,6,6,2,2,27,7,22,1,7,4,2,5,1,7,9,0,1,0,19,8,3,1,6,1,10,1,29,13,10,15,2,0,0,1,1,22,66,1,9,20,11,5,6,2,1,17,19,2,2,21,9,1,4,9,0,9,10,1,4,21,10,19,13,1,1,48,0,4,11,5,8,7,6,0,17,18,0,14,2,6,9,21,3,6,3,4,14,19,9,2,5,3,0,8,3,15,4,0,24,16,10,6,8,6,6,7,0,19,9,0,10,0,3,29,8,19,0,7,0,3,0,19,42,29,21,24,2,20,4,6,1,5,1,15,11,25,20,40,2,6,4,1,9,0,13,10,24,1,5,5,4,11,28,12,1,1,0,13,18,0,16,14,2,0,2,8,6,6,9,19
"1",14,2,1,8,19,0,19,13,8,1,0,17,25,4,13,3,1,1,13,20,1,33,17,13,2,0,7,7,32,3,5,8,3,13,22,1,15,34,0,16,1,6,4,18,11,9,1,8,21,0,15,2,2,11,4,2,0,21,0,11,4,13,1,1,1,3,21,31,25,32,2,31,2,1,9,0,2,10,7,28,6,8,8,0,4,33,4,4,2,7,0,18,10,14,38,0,5,7,13,13,13,4,8,3,1,19,0,0,15,0,0,29,16,7,2,1,0,3,1,1,2,1,15,1,0,13,6,14,3,3,4,1,6,5,0,12,1,13,0,29,3,2,2,5,1,0,16,5,5,15,7,0,1,27,14,27,4,4,4,2,9,2,3,11,1,4,4,7,7,7,0,6,2,1,0,18,16,4,19,0,0,1,2,3,21,60,2,5,12,8,3,0,0,2,7,13,1,1,21,3,1,4,0,0,11,1,1,7,19,13,25,9,1,0,48,0,1,8,4,5,14,5,0,10,19,0,13,4,4,9,16,2,3,1,1,9,19,3,2,0,0,2,8,6,19,6,1,15,9,4,1,16,8,4,4,3,34,12,1,9,2,1,47,5,22,1,6,3,6,0,34,46,18,19,11,0,20,6,3,1,7,10,4,4,33,9,37,0,0,8,3,7,2,5,14,30,4,1,1,0,6,25,13,0,0,1,12,17,0,19,16,1,1,1,9,12,9,6,15
"1",21,4,0,3,19,0,22,14,8,1,0,30,21,4,16,3,14,0,9,27,4,26,16,15,2,0,9,6,50,5,2,8,0,10,42,1,24,35,4,16,4,4,4,26,18,8,3,8,25,4,31,1,1,5,1,2,1,28,2,7,1,11,1,1,2,6,12,29,24,31,3,20,2,3,5,1,1,5,14,10,3,8,7,0,10,25,2,4,1,15,1,22,10,10,41,1,7,7,11,18,7,7,10,2,1,20,0,2,12,3,0,39,14,7,0,3,0,7,2,2,0,4,11,0,1,9,3,12,7,7,3,0,5,12,2,16,2,19,0,24,1,2,8,11,2,0,21,4,8,19,10,5,3,26,13,30,3,6,2,5,9,0,8,12,2,2,2,13,4,4,0,3,0,3,0,35,17,2,10,0,0,1,6,2,27,60,7,9,19,9,4,3,3,3,10,16,3,1,18,3,2,2,7,1,14,1,0,3,12,8,35,9,1,2,41,0,3,5,4,1,10,2,0,17,24,2,14,9,5,7,22,1,3,1,4,15,19,4,1,5,0,3,8,4,22,5,0,14,14,6,4,7,4,2,6,0,14,12,3,11,1,2,32,1,11,3,5,1,8,0,31,34,19,14,7,1,21,6,8,2,5,9,8,6,18,18,39,1,0,4,1,8,2,9,9,21,3,3,8,1,1,29,5,1,4,0,18,18,2,22,18,2,2,2,9,7,22,12,15
"1",19,6,1,4,19,1,10,21,8,1,0,12,23,3,20,5,7,0,6,20,0,26,8,13,0,0,11,4,37,4,2,5,0,8,12,1,26,27,2,14,1,2,8,23,17,4,0,4,29,2,18,2,2,6,0,3,0,24,3,11,3,9,1,6,2,4,10,33,20,24,0,24,3,1,13,1,3,15,5,10,6,8,4,1,3,15,1,3,3,4,4,9,11,6,37,0,9,6,22,16,7,2,8,2,2,27,5,0,18,0,0,44,20,5,5,3,1,2,4,1,1,5,14,1,2,17,6,8,12,3,3,3,4,11,1,21,1,26,1,32,5,5,3,8,2,1,20,7,3,15,7,2,1,29,8,27,2,9,0,6,9,3,6,18,2,5,0,5,4,8,1,3,4,2,2,32,18,3,22,0,0,0,6,0,35,70,4,3,19,5,5,6,11,1,18,17,0,0,32,6,1,0,3,0,12,0,0,5,18,9,22,15,2,2,45,1,6,3,0,3,11,4,0,25,20,2,18,4,1,6,19,14,5,0,0,8,14,6,0,6,1,2,10,10,25,13,0,17,10,9,4,11,7,1,8,1,23,5,5,5,1,1,45,7,23,2,7,3,7,3,29,36,25,21,15,2,30,7,14,1,3,10,9,7,18,24,39,0,1,8,0,3,2,12,16,19,3,3,6,0,0,19,5,3,0,4,19,9,3,19,17,3,1,0,6,7,17,10,7
"1",9,4,2,7,20,0,18,14,7,0,1,27,21,6,18,4,3,0,12,23,4,33,11,17,1,0,10,8,45,4,0,9,1,5,28,1,23,20,3,12,5,2,7,32,19,4,2,9,35,2,23,1,4,6,1,3,1,24,6,3,3,19,2,1,1,4,16,19,27,29,0,30,2,0,7,1,2,5,4,25,3,1,14,2,4,25,2,0,2,20,1,13,11,9,51,2,8,4,19,17,12,5,11,0,1,26,0,0,4,3,2,37,29,6,1,1,0,6,2,0,1,3,16,2,1,18,6,8,3,6,2,0,7,12,2,11,3,23,0,25,2,5,4,13,1,1,24,8,3,18,10,1,4,19,5,28,3,6,3,3,9,1,3,15,0,1,1,9,5,7,0,8,1,4,0,23,29,8,25,0,1,1,0,2,22,45,4,7,19,11,4,2,4,1,16,13,2,1,16,8,1,4,4,0,12,5,0,4,22,6,45,19,1,5,44,0,3,3,2,2,11,3,0,21,17,3,13,4,1,10,16,2,4,1,1,11,26,4,1,3,2,2,3,8,35,8,0,11,9,8,4,8,4,3,6,1,26,8,1,6,2,0,33,2,11,3,12,6,14,0,28,30,20,8,13,2,12,2,16,1,8,8,8,3,27,24,38,0,5,0,0,8,0,9,19,12,0,9,6,4,5,12,13,0,1,2,12,21,1,15,14,1,0,0,8,6,10,8,24
"1",16,5,2,6,28,0,11,16,4,3,1,33,33,6,11,5,5,0,10,19,1,25,21,16,1,0,9,1,35,4,2,1,2,3,16,0,21,20,3,15,2,7,6,29,12,6,2,13,24,0,26,2,1,7,1,2,1,26,4,6,0,16,5,2,4,6,13,34,17,15,2,28,1,0,7,0,1,14,6,12,6,2,17,1,3,24,1,6,1,10,1,10,9,7,43,2,8,5,21,14,12,12,5,1,1,37,3,0,8,4,0,33,17,3,0,3,1,6,5,0,1,3,14,1,1,12,5,9,7,1,0,2,3,5,0,13,2,17,0,34,2,5,1,9,0,1,27,5,13,10,11,1,3,22,10,14,2,5,1,4,6,0,2,15,3,1,1,8,2,6,0,7,1,2,0,26,13,5,18,0,1,1,3,5,23,56,2,3,19,8,10,3,3,2,12,14,0,2,18,7,0,5,3,0,11,2,1,4,24,6,31,9,0,2,48,0,5,7,3,4,6,2,1,18,24,2,22,2,3,9,19,2,8,1,0,8,15,4,0,1,2,0,7,4,19,4,0,24,6,2,4,6,5,3,7,0,15,17,5,3,0,0,32,7,10,4,10,3,14,0,23,24,11,15,11,1,18,2,9,1,3,7,2,5,17,22,28,1,2,7,1,6,0,10,18,30,0,2,2,2,0,32,17,2,0,0,12,19,1,16,15,1,0,2,6,8,11,11,13
"1",9,5,1,4,20,2,16,14,6,5,4,29,26,4,16,3,4,0,13,15,1,28,21,17,1,1,7,3,54,3,2,5,5,7,18,0,20,17,7,8,1,9,2,17,17,11,4,12,26,1,23,0,0,9,0,1,1,28,5,11,0,17,6,1,4,6,11,26,25,30,0,34,1,2,16,0,3,8,7,20,5,4,5,1,13,24,4,5,1,6,2,15,11,5,53,0,7,2,15,13,12,2,7,0,5,22,1,0,12,2,1,39,25,6,2,4,2,5,5,0,3,3,13,0,1,17,6,6,6,6,2,0,2,12,2,6,1,27,0,28,0,4,6,13,2,3,27,3,9,17,13,1,1,24,3,22,4,3,3,5,10,0,2,18,3,3,4,12,3,1,1,5,1,3,0,28,13,3,17,0,0,1,8,3,38,59,3,5,20,5,10,0,10,1,18,17,0,0,21,6,1,3,6,0,13,2,1,2,15,8,29,7,1,1,32,0,8,9,2,1,9,3,2,18,22,4,19,1,9,6,28,2,4,1,3,7,27,8,0,0,0,1,1,10,15,6,1,17,13,2,2,7,7,7,6,0,23,10,1,0,1,1,28,5,18,6,6,3,9,3,25,23,19,13,11,1,16,2,14,0,3,1,14,6,23,17,32,1,4,4,0,8,1,3,15,23,3,2,3,1,3,33,22,2,1,2,19,19,1,23,19,2,0,3,7,8,11,7,11
"1",9,4,1,0,33,0,17,16,8,3,1,27,17,7,17,2,1,0,9,24,6,31,22,15,1,0,11,4,36,3,0,5,4,6,21,0,19,29,1,17,0,12,3,19,16,7,2,9,23,1,28,0,2,3,4,1,0,34,1,8,0,12,3,1,1,5,21,26,18,18,2,24,1,2,3,0,3,8,11,17,6,6,10,0,10,26,4,4,1,10,1,10,14,1,53,0,9,1,21,12,11,6,5,1,1,27,2,0,10,4,0,23,19,10,0,2,1,7,4,6,0,3,10,3,4,23,8,6,12,3,2,1,0,18,2,15,0,16,0,26,0,5,6,15,3,1,11,7,10,22,14,4,3,23,5,29,8,3,4,2,5,0,10,12,0,0,3,6,7,11,0,3,1,6,0,21,14,2,15,1,0,1,5,4,30,63,2,14,15,11,9,4,5,4,17,24,0,2,17,9,2,0,10,1,12,3,1,3,26,9,18,9,3,3,41,0,6,12,5,1,18,4,0,26,28,3,15,1,9,14,27,6,1,1,2,6,22,7,0,1,1,1,4,1,18,4,0,14,9,5,6,6,8,4,4,0,30,12,1,5,3,3,29,6,15,5,3,1,10,2,25,40,20,19,17,1,12,1,8,3,3,8,7,5,22,17,38,4,0,12,2,5,1,7,13,33,1,2,3,2,3,25,13,0,1,1,17,26,2,13,6,2,0,2,10,10,8,5,23
"1",13,1,4,3,18,0,17,15,5,2,1,32,14,7,17,1,2,0,3,30,4,34,17,18,1,0,10,5,55,7,2,4,5,2,17,1,26,23,3,19,3,9,2,23,19,10,1,6,31,1,20,2,0,3,0,3,3,21,1,7,7,16,4,1,1,7,13,25,13,26,3,41,0,6,5,0,0,11,8,23,7,10,5,2,6,13,1,5,0,7,2,7,8,12,34,1,6,6,17,8,8,3,8,1,0,28,0,1,4,3,1,30,24,9,3,2,1,10,1,0,1,3,10,0,3,12,3,9,7,5,3,0,2,15,2,11,1,28,0,15,1,2,6,7,3,1,32,5,14,13,12,5,5,23,7,32,1,7,0,4,7,3,5,14,3,1,3,11,3,11,0,3,3,4,1,33,22,1,18,1,0,0,6,1,22,56,1,6,29,5,2,2,4,4,12,9,0,0,21,2,1,4,9,1,5,1,0,4,13,13,23,14,0,1,51,1,5,2,5,0,3,4,0,16,19,1,13,1,9,9,20,10,5,10,1,12,10,13,0,1,2,0,6,5,25,3,1,21,13,3,1,8,7,2,10,1,29,11,2,5,4,1,31,1,14,4,8,3,13,0,17,30,20,17,14,2,12,2,6,1,9,10,9,15,22,21,36,3,3,5,0,6,1,12,13,21,3,5,3,2,6,20,20,0,0,0,20,17,3,16,16,5,0,0,7,10,8,12,17
"1",8,3,0,12,23,0,18,8,8,2,0,26,14,4,11,2,2,1,16,28,1,28,21,14,4,0,7,4,29,2,1,4,2,7,24,0,18,22,2,11,1,3,4,24,17,5,1,12,29,3,17,3,2,10,0,1,4,16,4,5,0,12,5,0,5,5,12,24,20,18,1,33,0,1,2,0,2,12,4,15,4,7,13,1,6,16,3,0,2,13,3,13,10,13,47,1,5,0,14,16,12,3,4,1,4,28,2,2,11,0,0,48,22,3,4,5,1,2,3,0,2,1,14,1,1,17,7,19,4,4,5,0,2,5,1,2,2,19,2,20,1,2,7,7,1,0,11,6,17,15,13,3,1,24,16,20,2,1,1,1,8,1,6,7,2,4,3,7,1,11,0,7,1,3,1,36,21,3,22,1,0,1,3,3,24,71,2,3,17,12,9,4,5,0,17,19,2,4,22,7,1,2,3,1,13,3,0,6,23,2,18,12,0,1,41,2,6,8,4,3,5,8,1,26,20,2,13,0,8,16,21,6,4,1,1,15,23,9,1,1,6,2,8,10,27,7,0,11,8,10,2,7,4,2,13,0,16,12,0,8,1,1,27,2,16,4,6,1,8,0,23,32,22,16,16,2,20,5,2,2,2,13,6,9,16,22,31,2,4,6,5,4,1,10,12,22,1,4,3,2,4,32,9,2,0,2,13,18,0,15,14,1,1,0,6,10,9,9,22
"1",12,7,2,3,8,1,8,14,7,1,0,17,12,5,21,1,5,0,11,27,3,26,15,15,1,1,8,4,58,4,0,8,6,5,25,2,20,30,6,10,2,6,9,27,23,10,5,6,18,2,21,1,1,6,1,1,0,17,6,10,0,20,5,1,1,2,12,24,18,28,1,24,1,1,8,4,3,15,8,20,6,10,15,0,10,20,2,3,1,6,6,13,12,10,46,1,13,1,12,20,3,6,7,0,2,37,3,0,8,2,1,35,23,6,4,1,0,4,10,0,0,3,12,4,1,13,5,5,15,5,0,1,0,12,0,11,1,31,0,28,0,0,3,9,0,0,14,6,12,10,6,2,6,24,4,19,2,4,1,1,10,0,4,15,1,4,1,5,1,9,0,5,0,4,0,18,15,4,14,0,0,0,1,3,25,58,4,11,13,7,2,2,4,5,10,17,0,1,18,10,2,5,5,0,7,1,2,5,22,11,25,8,2,1,42,1,3,9,3,3,5,2,0,30,16,0,17,11,5,7,31,2,6,2,1,8,25,10,0,1,0,4,5,8,21,3,1,14,11,9,2,11,4,5,7,0,26,11,2,6,1,0,26,2,13,6,12,1,9,0,33,32,26,14,11,4,19,4,4,2,6,5,8,11,25,13,31,2,5,6,4,10,3,7,16,24,3,3,1,2,4,22,13,1,3,3,10,22,2,23,15,1,0,1,8,19,10,8,20
"1",11,3,0,5,31,1,22,21,8,1,0,36,25,2,8,0,7,0,13,33,2,22,20,18,0,2,6,5,65,2,2,4,5,6,32,3,34,32,7,16,3,13,7,19,14,10,2,6,34,0,25,0,1,7,1,4,4,26,1,9,0,10,5,0,1,7,11,28,22,25,5,32,1,2,4,1,3,10,6,25,0,6,7,6,5,20,2,2,0,8,4,8,16,8,46,2,8,2,22,8,11,5,3,3,3,31,2,1,16,2,1,31,9,7,4,4,1,12,3,1,0,4,5,2,2,17,8,5,10,6,4,0,3,14,1,9,2,26,0,32,0,5,6,6,0,0,26,8,10,15,5,3,4,37,7,28,3,3,3,6,5,2,8,23,0,2,12,10,4,4,0,5,1,2,0,17,19,3,14,0,1,1,2,3,36,72,2,5,13,17,3,2,4,2,12,22,3,0,16,5,3,1,3,2,13,3,1,6,22,4,41,10,0,3,43,0,5,10,1,1,6,3,1,21,31,2,16,3,4,10,26,5,3,5,3,4,22,7,0,5,1,1,1,15,27,8,0,22,10,10,2,7,0,6,5,0,22,25,1,4,5,0,29,12,6,2,8,2,7,0,36,42,22,25,11,3,21,4,11,0,2,3,8,10,22,32,46,2,4,6,3,3,0,7,10,38,2,4,2,0,2,22,14,2,1,1,9,22,3,19,18,1,1,1,14,12,9,9,18
"1",21,1,2,7,25,3,14,11,7,2,3,29,20,1,13,0,4,1,9,33,6,23,13,16,0,1,8,5,52,5,0,3,3,6,28,1,19,37,4,13,2,7,6,26,12,10,0,7,31,0,26,2,3,9,0,4,4,33,6,8,0,16,4,1,2,4,15,33,28,30,0,35,3,0,13,2,0,11,11,18,8,2,8,1,5,23,8,6,4,7,5,14,11,5,38,0,13,5,15,24,14,9,7,4,2,27,3,0,19,7,0,39,24,8,4,1,2,10,2,1,0,10,7,0,1,21,5,5,3,7,5,2,6,8,2,15,1,22,1,20,1,1,6,10,2,0,17,12,9,6,8,3,8,34,8,25,4,6,4,2,13,1,2,12,0,4,4,14,1,8,0,9,1,4,0,20,26,2,20,2,1,0,2,1,26,54,5,7,22,10,3,2,3,1,15,13,2,1,31,4,1,1,3,1,10,6,1,2,26,5,26,9,2,1,45,0,2,7,1,5,15,3,1,21,14,4,7,0,8,10,23,4,6,3,1,11,11,9,1,5,1,4,3,3,32,4,0,13,7,6,4,13,5,9,8,1,20,10,0,7,1,7,39,3,13,6,5,1,12,0,25,26,26,27,13,2,18,1,8,2,9,13,7,5,12,17,25,2,6,10,2,5,1,11,10,27,1,5,6,1,0,31,12,1,0,1,13,25,2,17,14,0,0,0,6,9,11,7,18
"1",16,4,3,3,26,1,13,12,9,4,1,17,18,2,11,2,9,1,20,20,2,28,13,17,2,0,7,2,50,5,0,1,0,7,19,4,31,28,2,15,0,4,4,23,11,5,1,2,30,1,29,2,4,7,1,1,4,34,2,8,1,13,8,0,4,11,15,23,27,24,2,39,2,1,3,3,4,14,11,26,7,7,18,1,17,20,3,5,5,6,2,21,9,8,38,2,4,12,18,16,11,0,7,0,1,30,1,0,12,3,0,27,19,1,2,4,1,8,1,2,1,3,14,1,4,16,9,5,6,5,6,2,2,8,0,15,5,41,5,23,0,6,5,6,6,0,19,5,11,4,8,2,3,23,19,21,2,9,4,8,11,1,4,8,2,3,2,11,2,9,0,7,0,1,2,18,14,2,12,1,1,1,3,1,17,53,3,2,18,5,4,2,1,4,10,15,5,3,19,8,0,4,1,0,8,0,2,5,30,6,32,11,0,2,45,1,4,6,3,5,6,3,0,26,16,0,17,3,2,11,23,3,3,4,2,18,20,5,0,4,3,2,4,6,25,2,0,12,15,7,3,6,9,3,6,0,24,0,2,6,2,0,29,7,22,5,10,2,7,1,32,25,24,20,8,2,23,2,5,2,8,8,14,9,21,13,35,0,2,6,5,2,1,8,13,33,6,3,10,1,1,18,16,1,1,0,13,16,1,27,17,3,2,1,13,4,13,10,15
"1",20,9,4,3,14,0,23,14,3,2,1,29,16,9,26,3,7,0,15,19,5,20,17,13,1,2,17,5,61,9,0,1,1,10,24,6,28,27,3,19,6,5,4,24,10,1,5,19,20,4,26,0,4,8,3,6,2,23,3,8,5,14,4,2,2,3,9,25,20,23,1,51,2,3,9,0,1,17,7,15,4,4,18,0,14,16,4,7,1,12,2,13,12,8,43,0,6,3,9,11,9,5,8,1,2,34,1,0,17,1,0,27,11,11,0,1,1,6,4,0,1,2,16,1,2,15,1,6,7,4,1,3,2,10,0,8,1,12,0,20,2,3,3,10,2,2,9,4,8,14,12,4,1,24,4,15,1,4,1,6,9,0,13,10,0,3,4,2,1,2,0,5,0,0,1,31,13,9,22,0,3,0,3,3,33,61,4,8,13,18,4,4,2,4,15,13,1,2,23,8,4,2,3,0,12,3,0,4,23,8,21,12,2,1,41,0,6,0,3,1,12,2,0,12,19,2,20,1,8,9,13,6,3,1,1,14,14,7,1,7,1,5,4,8,15,8,0,13,13,6,4,17,4,6,3,0,30,8,2,6,0,0,42,3,12,5,16,3,9,1,21,39,8,21,9,4,9,4,14,3,11,6,5,4,14,24,42,3,2,5,1,11,3,9,10,22,2,5,5,3,1,32,7,1,0,1,13,17,0,12,14,2,1,2,15,12,9,5,15
"1",21,3,2,2,17,0,14,17,12,1,3,20,15,6,14,1,3,2,12,35,1,32,22,15,2,0,12,4,32,4,1,5,1,3,19,2,32,17,5,19,2,2,2,32,24,7,2,6,33,2,24,0,0,8,2,1,2,31,3,7,0,12,2,3,1,2,13,21,23,27,3,44,4,2,9,0,2,18,6,17,5,1,11,1,8,13,3,3,2,12,2,8,15,5,34,3,10,6,19,10,10,8,3,1,2,21,7,3,12,0,1,28,19,3,2,3,1,8,0,0,3,2,12,1,6,10,7,1,8,7,4,1,5,8,2,13,1,25,1,12,3,2,4,13,1,0,21,6,13,12,8,2,1,27,5,26,2,8,6,4,5,2,7,11,1,2,4,12,5,5,0,10,2,2,1,36,14,3,16,0,0,0,1,3,27,62,4,9,16,7,8,5,2,2,27,20,2,2,16,2,7,4,3,0,7,2,1,2,28,4,23,17,3,1,51,0,2,4,1,7,13,3,4,19,18,5,28,3,3,13,14,1,4,2,4,12,22,3,0,6,3,2,9,15,14,1,0,34,10,8,3,4,9,3,6,0,26,8,1,2,1,1,41,7,18,2,14,2,9,0,25,42,17,24,22,0,18,3,1,1,11,2,6,4,24,14,36,5,4,5,1,3,0,8,26,14,3,3,4,4,4,21,13,1,0,2,15,15,0,18,19,3,1,1,12,13,7,8,15
"1",13,5,0,1,15,1,21,19,9,3,1,23,23,2,14,0,6,0,11,23,1,24,22,10,1,0,8,5,44,2,3,3,3,6,19,1,26,37,2,27,6,5,2,22,16,6,1,8,21,1,26,5,0,2,1,3,2,15,4,8,0,20,3,1,5,2,14,36,22,26,0,29,2,5,12,0,5,12,9,20,5,2,14,0,5,18,2,2,2,9,2,3,29,7,50,1,4,4,23,14,6,3,6,2,3,24,1,1,19,2,0,37,18,7,0,0,2,9,4,1,3,5,10,0,6,14,3,7,13,3,4,2,3,5,1,14,5,18,1,36,1,4,6,11,3,0,15,4,16,11,7,4,1,23,1,22,3,8,1,2,9,3,9,10,1,1,4,7,2,3,1,8,0,6,0,22,11,4,13,0,0,0,1,2,32,66,4,10,21,13,7,2,3,0,22,19,0,2,16,2,5,4,6,0,3,5,1,6,19,7,29,16,0,3,40,2,6,7,5,3,14,8,2,15,17,4,24,2,6,7,21,2,5,3,2,11,15,6,1,5,1,3,3,8,26,3,0,17,12,7,2,9,7,4,7,1,20,7,0,0,1,1,19,7,16,2,12,0,10,0,21,23,16,16,9,0,18,6,4,0,3,14,8,5,14,13,29,1,6,8,1,3,1,11,14,26,2,2,4,2,0,22,21,0,0,0,10,11,0,22,16,3,2,3,19,15,11,9,17
"1",11,5,2,5,24,1,11,16,11,1,2,19,23,2,10,2,4,1,11,30,3,24,15,17,1,1,11,6,47,6,1,5,1,3,24,3,19,36,4,12,2,6,2,25,18,2,1,11,30,2,19,3,2,11,2,0,5,30,5,5,0,13,3,0,1,4,17,27,22,25,0,47,0,1,0,2,3,11,8,17,12,12,8,4,10,18,3,1,1,12,1,10,10,12,54,0,7,2,14,4,11,10,2,2,3,20,1,0,16,1,0,30,10,6,3,3,3,2,6,2,0,4,13,0,2,8,4,4,6,4,4,1,2,8,4,8,2,18,0,26,0,5,5,12,0,0,23,12,8,12,6,1,0,36,14,20,7,4,4,1,13,0,7,13,1,10,8,9,1,7,0,0,1,1,0,22,20,0,14,0,3,0,2,0,33,62,7,8,15,9,4,7,5,3,18,23,0,1,18,11,3,4,5,1,8,5,1,1,23,9,42,9,1,5,50,0,3,4,2,5,9,2,0,15,22,1,27,1,5,20,19,5,8,3,2,11,18,9,4,5,3,1,4,11,23,6,0,12,6,6,1,4,7,5,7,1,27,13,1,5,2,0,42,6,20,1,6,4,9,3,24,33,16,18,7,2,25,2,5,0,3,9,8,2,21,15,29,3,1,1,2,6,2,8,14,18,2,5,3,3,9,29,18,4,1,0,14,18,2,15,21,1,0,0,20,4,14,11,17
"1",23,3,0,4,17,0,21,14,10,2,2,21,20,2,13,1,6,0,14,19,3,20,14,13,1,0,12,7,49,2,0,8,2,7,25,0,31,15,2,12,2,8,1,21,16,9,1,8,18,0,17,2,2,6,1,1,2,28,1,4,3,14,3,0,1,7,20,20,16,24,0,28,0,3,5,2,2,9,12,15,8,8,16,3,6,22,1,5,4,10,2,19,14,8,30,2,7,0,16,9,13,3,11,0,4,22,1,0,18,0,1,31,24,3,1,3,2,7,6,4,0,1,8,2,1,17,8,12,8,6,2,2,4,12,1,10,1,22,1,24,0,4,5,6,1,0,32,0,6,13,3,3,4,27,11,14,2,5,2,3,5,2,2,7,4,6,3,18,2,5,0,9,0,4,1,20,21,1,13,2,0,0,4,0,25,52,13,7,15,4,2,2,9,5,19,20,3,2,27,8,1,1,2,0,11,4,0,2,25,16,29,11,2,3,24,1,0,6,3,6,2,1,0,11,20,2,24,3,5,9,26,7,1,3,2,17,10,11,0,2,1,0,4,6,42,4,1,18,8,3,4,12,9,6,4,2,23,16,1,3,3,0,37,7,16,2,8,6,8,0,21,38,18,31,8,5,14,5,7,3,6,9,7,3,31,13,24,6,0,5,2,4,2,2,23,17,1,6,4,3,0,23,16,2,1,2,17,16,0,24,15,0,0,2,16,9,9,9,22
"1",18,6,3,4,21,0,17,11,10,3,3,41,17,3,11,2,7,0,8,19,1,27,16,20,1,0,6,5,36,5,2,6,2,9,16,0,21,34,4,7,1,2,2,19,14,7,4,7,22,2,17,3,1,10,1,4,2,17,5,9,1,16,2,0,1,3,14,24,22,27,0,31,0,2,8,1,4,11,10,16,10,4,21,0,9,23,1,0,4,8,1,20,9,16,33,1,7,2,21,13,11,5,15,1,5,14,2,1,14,2,0,35,25,10,1,1,0,0,1,2,2,5,11,0,1,9,8,12,6,6,6,0,4,8,4,9,4,24,0,23,3,5,10,14,2,0,17,9,11,9,9,1,6,26,4,35,1,4,4,2,14,1,11,10,1,2,2,9,2,2,1,6,0,2,1,25,26,1,22,0,1,0,2,2,20,51,10,7,13,10,5,1,5,2,20,15,1,1,29,7,4,2,6,1,16,1,0,3,24,8,34,14,1,2,43,1,4,8,3,2,5,2,0,13,12,0,17,0,5,12,13,2,3,4,0,18,16,15,0,4,1,2,4,8,28,4,0,18,11,7,8,19,7,6,8,1,23,14,2,6,1,2,26,6,10,3,7,4,12,0,27,25,16,18,8,2,11,0,15,3,4,8,7,7,37,14,39,2,5,5,1,4,1,10,22,29,4,2,2,6,2,24,11,0,3,2,15,15,4,10,15,2,1,0,11,8,8,10,21
"1",11,6,2,6,33,2,14,26,4,2,0,31,24,2,14,4,4,1,10,15,2,42,7,12,1,2,11,6,39,6,2,0,2,4,13,0,24,34,3,21,6,1,5,26,9,4,0,9,25,0,25,2,2,5,0,2,1,23,1,9,0,7,3,2,0,4,16,29,22,28,0,26,1,2,2,2,6,12,7,17,2,4,13,1,13,19,3,5,0,9,0,14,17,13,43,0,4,2,27,23,21,5,13,0,3,21,0,1,7,1,0,29,17,6,2,4,0,6,4,2,1,5,4,3,2,22,0,7,13,3,3,0,4,14,0,6,1,20,1,28,4,2,3,11,1,0,19,8,10,17,8,3,3,26,6,18,1,2,2,2,11,1,14,13,0,5,3,8,1,1,0,5,1,3,0,34,14,3,22,0,2,0,3,2,28,58,7,6,16,10,6,6,2,3,23,17,0,4,10,4,1,0,5,1,7,3,0,4,19,8,20,9,7,1,32,0,4,8,1,7,9,6,0,24,12,1,19,2,8,8,19,5,3,2,5,14,24,10,0,4,1,1,2,8,23,8,0,18,17,10,5,8,10,3,5,0,34,8,0,4,3,1,24,11,21,2,10,5,4,1,23,44,29,28,8,1,17,3,4,5,2,7,4,4,23,12,43,3,2,4,0,4,1,10,13,26,1,7,4,6,4,24,15,2,0,1,19,18,1,21,24,0,0,1,4,12,4,2,14
"1",17,3,4,1,19,0,18,17,4,2,1,25,16,4,7,4,10,0,9,34,3,29,16,15,0,4,12,7,37,3,5,6,3,3,31,1,26,24,1,22,2,1,10,23,7,11,1,2,25,0,24,0,0,5,1,5,1,36,3,7,0,10,4,0,3,7,13,42,22,23,1,35,2,1,6,1,4,18,9,28,10,2,11,1,15,22,4,5,1,12,2,12,11,4,31,2,5,1,10,17,21,6,2,2,0,22,4,0,6,1,0,26,13,4,4,1,0,15,1,1,0,4,7,1,4,11,3,9,10,1,1,1,2,7,3,14,0,10,3,27,1,4,8,7,0,2,12,8,11,16,8,1,0,23,5,32,6,9,0,2,8,3,8,9,0,4,1,11,2,4,0,2,1,1,1,30,21,11,10,2,2,0,1,2,32,42,7,3,11,10,6,3,1,3,20,17,1,3,14,5,1,2,8,0,2,3,0,6,13,9,27,8,3,3,36,0,3,5,3,4,11,4,2,30,27,2,20,2,5,8,19,5,4,3,2,14,19,10,0,5,0,2,5,11,17,3,3,15,11,5,3,5,2,0,13,0,16,15,0,4,2,2,25,7,18,1,9,4,3,1,31,31,23,17,11,1,19,4,10,1,7,6,10,4,22,21,27,1,7,6,1,4,8,5,19,33,3,1,4,2,0,16,16,0,0,0,11,25,3,25,24,2,1,3,9,12,13,3,27
"1",17,5,7,1,29,0,13,21,12,1,1,18,27,6,21,3,4,1,10,31,5,15,16,25,0,3,8,6,56,1,1,1,4,8,20,2,24,22,1,15,3,0,1,15,12,3,0,12,23,1,18,2,3,5,1,0,1,19,3,7,2,9,3,0,0,5,13,26,20,25,2,37,0,1,2,0,2,18,5,21,8,5,13,1,5,23,4,7,2,5,0,21,6,4,43,0,8,3,14,20,17,5,8,0,6,29,1,0,5,0,0,32,24,10,3,0,0,6,4,4,0,3,7,0,3,21,4,10,6,5,2,6,1,7,1,11,1,28,2,24,0,6,1,10,2,2,21,5,5,10,9,1,1,32,5,28,6,4,3,5,12,1,4,7,0,6,1,6,4,13,0,8,0,0,0,23,18,5,21,1,2,1,5,2,16,57,6,7,10,13,3,4,5,2,17,16,1,8,14,7,2,3,1,0,11,3,1,7,25,6,25,7,0,3,41,2,3,5,1,4,4,2,2,28,15,0,16,0,8,16,13,1,8,2,1,8,26,6,0,0,1,0,2,9,14,7,0,15,8,8,1,4,12,3,10,4,28,11,1,8,4,1,39,1,11,3,12,7,8,1,25,30,9,16,22,2,27,5,5,3,8,3,5,12,32,13,40,3,4,12,1,6,5,10,15,23,6,6,1,2,1,17,11,3,2,1,15,17,1,10,14,2,0,4,4,9,13,13,13
"1",16,2,1,2,36,2,17,19,4,5,1,19,18,4,15,4,7,2,11,21,4,33,19,18,0,0,9,7,44,4,1,7,0,3,20,2,24,28,2,10,2,2,6,21,16,3,2,4,21,1,23,4,0,10,1,4,3,28,3,6,0,15,2,0,3,12,22,35,25,24,1,26,2,2,9,1,3,17,12,19,5,7,10,1,8,27,3,4,1,4,7,21,11,9,41,1,11,2,14,25,18,1,7,0,0,22,4,0,24,1,0,31,13,4,5,4,1,8,7,0,0,8,9,0,0,13,5,9,7,3,3,1,3,15,1,14,0,13,2,18,1,3,5,10,2,2,19,7,7,17,13,3,5,22,8,20,3,3,1,1,6,2,6,9,0,3,2,4,5,10,1,7,1,2,3,31,20,4,22,1,1,0,1,3,32,65,9,5,8,13,4,3,11,2,13,17,1,3,17,6,2,2,1,1,6,0,2,3,25,16,20,20,1,2,45,2,4,3,8,3,8,2,0,14,21,0,26,1,8,8,20,5,1,1,0,11,14,6,0,2,1,0,4,9,17,6,1,20,15,4,3,5,4,6,9,0,29,8,1,8,2,2,40,3,9,2,3,7,9,0,29,30,19,19,14,1,14,3,9,1,5,8,8,6,20,11,39,1,2,4,1,5,3,7,25,17,2,4,7,2,4,33,7,2,3,2,12,12,1,20,14,3,0,1,10,7,8,4,23
"1",12,1,3,8,16,0,21,23,4,2,1,36,19,2,12,5,1,1,11,19,4,18,19,16,2,1,9,3,53,5,2,8,0,12,12,0,27,24,4,16,0,0,6,19,16,8,1,7,42,2,20,1,6,6,1,4,1,17,3,8,3,19,2,0,2,9,19,19,27,21,0,37,1,2,5,2,3,18,5,14,5,6,6,1,12,15,1,5,1,5,2,7,3,11,30,0,16,4,21,12,12,6,7,0,3,34,6,0,18,3,0,24,22,5,1,3,2,4,6,0,0,0,22,1,2,19,7,5,8,6,1,1,4,7,0,9,1,21,1,24,2,6,10,12,3,0,22,7,17,10,13,4,0,24,7,24,5,3,2,1,7,0,4,12,1,10,4,7,2,2,0,12,0,4,0,26,9,3,25,1,2,0,3,2,19,51,4,7,10,10,2,3,5,2,15,18,2,1,16,6,0,2,4,0,14,1,1,1,23,4,41,17,0,3,42,2,2,3,5,2,8,4,1,25,18,2,21,1,1,11,15,5,2,1,0,10,27,13,0,4,0,1,6,4,17,6,0,18,15,8,2,14,12,9,0,0,26,8,2,7,1,1,29,3,21,1,5,4,11,1,18,20,23,24,15,3,22,0,7,1,3,5,9,12,19,16,26,0,3,7,0,3,0,6,14,21,4,5,4,5,3,45,12,2,1,0,21,18,1,19,12,3,0,2,5,12,15,10,11
"1",13,5,0,4,19,1,20,15,8,4,1,22,14,6,8,7,3,0,10,20,5,44,14,11,0,0,7,6,33,5,3,6,2,6,23,3,22,40,1,12,1,8,8,25,16,12,1,4,37,0,17,1,0,4,4,4,1,24,7,14,1,16,3,1,3,4,29,26,14,22,2,35,0,1,4,0,1,8,7,16,5,4,7,0,10,20,3,4,0,9,1,8,11,9,38,2,7,3,13,13,13,7,7,1,1,30,3,0,11,1,0,31,24,8,2,0,0,6,7,7,0,5,8,2,2,11,5,6,5,5,3,0,4,7,4,13,2,16,1,25,2,0,6,11,2,2,19,7,14,7,7,0,2,20,8,18,6,8,1,4,13,3,15,7,2,3,5,7,2,4,0,4,3,2,0,27,16,1,9,1,1,0,4,3,22,68,7,7,21,4,10,0,3,1,27,9,1,0,11,4,1,4,5,2,7,1,0,3,11,15,21,13,0,2,44,0,2,6,2,3,4,1,1,21,26,0,18,0,6,3,18,1,5,1,0,9,14,7,3,0,2,1,6,7,21,5,1,19,13,6,3,8,8,4,3,2,18,5,3,4,3,3,32,7,18,2,11,2,5,0,34,26,22,14,8,3,19,8,7,4,11,3,4,7,35,18,29,4,2,8,2,3,1,7,8,16,3,2,9,4,10,17,15,1,2,0,13,22,2,19,18,1,1,1,6,8,14,7,19
"1",19,5,1,2,19,1,18,15,9,4,2,31,14,4,20,0,11,1,14,21,2,31,13,21,1,2,9,14,52,2,0,4,1,7,14,2,21,12,3,16,3,3,2,26,11,8,2,4,22,1,26,0,5,7,0,3,2,22,4,14,0,12,3,0,4,3,16,27,11,31,1,32,1,1,5,1,4,9,11,25,4,9,6,1,5,18,7,4,1,4,5,16,4,12,30,1,7,12,22,22,10,5,7,4,6,18,1,0,11,2,2,18,22,6,0,1,2,6,0,1,0,3,7,0,1,7,4,12,11,6,1,1,2,16,0,11,0,25,1,22,0,6,8,7,1,1,16,12,3,15,5,2,2,18,4,31,1,5,3,7,7,2,7,5,4,1,4,3,5,4,0,8,1,9,1,26,8,6,9,0,0,2,5,3,38,49,2,6,21,8,7,2,4,3,19,15,2,5,14,8,1,6,3,1,10,1,1,5,17,7,35,20,0,0,35,0,3,1,5,2,2,1,4,18,19,1,16,1,5,8,15,3,0,1,3,12,14,15,1,1,2,2,3,10,16,4,0,19,13,4,2,5,8,2,5,3,35,8,3,7,1,0,43,5,8,0,8,2,6,1,18,44,16,12,7,2,31,3,8,5,14,6,9,4,29,14,29,1,1,13,1,9,1,8,9,30,0,4,4,7,2,22,11,3,1,1,4,10,0,23,18,1,0,2,5,8,10,12,19
"1",15,6,3,2,26,1,10,14,7,4,3,34,22,2,19,1,8,1,16,21,2,26,18,17,2,0,7,8,65,2,1,12,3,10,21,3,27,19,7,15,1,10,6,26,11,10,2,5,33,1,22,1,5,13,0,3,0,29,5,14,0,7,1,1,1,6,23,23,18,19,1,47,0,1,9,1,2,16,11,16,9,12,14,1,13,24,2,1,0,11,3,12,15,12,45,0,13,4,14,20,11,2,9,0,1,18,1,2,9,6,0,43,22,4,2,3,0,4,5,1,0,6,3,0,3,12,3,8,15,1,1,0,8,10,4,7,1,16,0,34,1,0,1,9,2,2,18,7,10,13,12,0,0,27,6,43,2,9,0,5,10,2,12,12,1,4,3,6,6,10,0,4,1,3,0,20,18,3,23,1,1,1,1,1,28,56,3,3,9,17,6,5,6,3,15,18,2,0,3,7,1,2,2,0,2,1,1,2,21,6,25,11,3,1,53,1,7,3,0,3,6,5,0,23,20,1,23,2,6,5,29,3,5,2,4,16,24,5,0,3,0,2,4,5,14,5,0,15,11,15,1,9,7,1,8,3,23,16,3,1,1,0,42,9,19,5,11,2,12,0,24,38,11,22,12,0,18,7,3,2,8,14,6,15,34,14,46,4,1,2,2,4,0,10,8,23,2,6,4,7,2,15,10,4,3,1,9,15,0,14,14,1,1,3,11,6,5,12,17
"1",14,2,2,8,13,1,13,13,8,3,1,34,17,6,19,3,3,0,15,24,0,23,18,20,1,0,10,5,44,1,2,5,4,6,25,5,37,24,3,19,1,5,7,20,15,6,2,10,30,3,14,1,5,2,2,2,3,37,6,5,1,20,1,0,3,0,28,33,31,27,2,27,2,3,5,1,2,15,19,17,6,8,9,1,9,21,5,4,1,13,0,13,8,10,41,0,10,3,21,15,6,8,3,1,1,28,1,0,9,1,0,27,20,3,1,2,3,0,3,2,3,2,9,1,4,20,4,4,8,2,1,0,1,12,1,14,0,30,0,28,1,2,3,7,2,2,19,13,10,10,13,2,2,27,1,24,2,5,2,2,11,0,9,11,3,7,2,8,2,2,0,0,0,7,0,25,18,6,15,0,0,1,0,2,26,56,6,8,15,8,6,5,2,1,15,10,0,1,20,4,0,3,3,3,10,3,0,5,26,10,31,17,4,1,40,3,5,10,1,1,8,4,0,18,13,2,23,0,10,3,22,8,5,0,1,13,19,3,2,6,0,1,4,13,26,4,0,16,16,9,7,15,16,2,3,1,16,8,2,2,3,2,24,3,23,5,3,4,6,0,18,37,22,17,11,1,11,6,9,0,9,14,4,5,22,17,35,0,1,9,2,9,1,15,24,27,5,3,5,4,1,22,16,2,1,2,7,18,0,15,21,3,1,3,8,17,5,13,8
"1",6,6,4,5,22,0,11,13,3,7,2,19,15,1,13,2,4,0,15,26,5,21,13,23,2,1,12,8,36,1,0,4,2,4,29,0,34,30,7,11,2,4,6,20,13,7,0,7,20,2,21,2,8,6,0,5,2,22,2,8,1,15,5,1,0,0,14,17,27,21,1,27,0,1,3,1,4,12,8,21,8,17,8,0,5,20,3,5,2,5,0,12,7,11,46,0,8,6,14,26,13,6,8,2,4,27,1,4,13,1,1,28,19,5,0,1,0,1,3,1,1,4,14,0,2,14,7,5,11,3,0,0,1,10,2,8,2,19,0,34,0,4,6,8,0,2,23,3,6,11,11,4,0,19,9,18,3,7,1,6,7,2,5,7,0,6,1,10,2,5,0,4,0,3,0,32,15,3,25,0,2,0,0,1,17,54,10,7,18,5,8,3,3,3,16,10,2,0,22,3,0,1,7,0,10,2,1,3,24,17,30,11,3,2,58,1,8,6,1,5,8,2,0,11,21,3,24,1,3,5,24,4,2,0,0,12,16,12,0,8,2,0,1,9,20,7,0,14,14,3,9,9,7,7,5,1,22,11,0,6,1,2,28,2,14,6,6,4,8,1,35,34,17,19,9,3,25,1,9,0,8,4,3,3,14,7,36,3,5,9,0,5,3,4,13,20,0,9,10,3,0,22,12,3,1,1,15,18,0,16,14,1,0,2,12,4,14,7,11
"1",22,2,1,5,22,1,22,17,5,2,0,30,16,5,13,3,6,0,11,19,4,32,16,17,1,1,5,8,56,4,2,3,3,4,31,3,21,39,2,10,3,3,0,19,20,4,3,4,27,1,25,5,4,6,3,2,0,20,1,7,3,16,2,0,2,4,18,17,30,40,2,36,0,1,8,0,2,9,6,19,9,5,22,1,9,21,1,1,3,9,0,23,10,7,39,0,4,1,18,15,9,7,5,0,3,25,2,0,9,0,2,43,32,13,3,2,1,7,5,0,1,7,12,3,1,10,8,9,7,3,1,0,1,9,1,16,1,29,2,29,1,7,4,26,0,6,13,7,4,11,8,2,5,24,4,31,2,8,2,2,8,0,5,13,1,5,5,11,4,8,0,5,1,7,0,29,23,3,14,3,0,1,9,1,28,68,5,6,14,8,5,0,7,5,16,14,2,1,28,7,4,7,10,0,5,5,2,12,26,7,25,15,6,3,40,0,3,5,3,0,2,5,0,38,20,1,10,2,7,7,19,2,2,0,0,5,12,2,0,0,1,0,3,4,17,5,0,17,11,8,1,11,9,6,6,1,21,4,2,7,3,0,27,6,19,8,3,2,8,1,30,30,26,19,10,2,15,3,7,1,2,7,6,9,22,21,36,1,5,9,1,11,2,8,14,27,0,9,6,1,1,24,10,7,3,5,17,13,0,18,16,1,0,1,10,11,10,3,18
"1",18,2,1,2,19,2,11,14,13,2,0,25,25,3,11,6,1,0,13,28,2,33,29,14,3,0,9,1,42,4,0,4,2,6,25,1,17,25,2,19,0,3,4,38,19,13,2,11,31,3,13,1,2,7,0,0,1,33,7,11,3,6,3,1,1,5,15,38,34,16,3,43,1,4,9,6,2,9,12,19,6,11,1,1,10,14,1,2,0,9,2,7,13,4,41,1,7,4,20,14,15,8,7,1,2,20,2,0,9,0,0,36,31,4,2,1,1,5,4,1,0,1,6,0,5,5,5,14,1,3,4,2,4,8,0,8,1,30,0,13,4,2,2,16,4,2,23,5,3,10,13,1,1,26,6,22,5,5,0,3,6,2,3,9,1,7,6,9,6,10,0,3,1,3,0,23,19,2,23,0,0,1,2,2,31,64,10,3,19,12,7,1,6,4,18,12,3,1,16,7,5,3,5,0,19,5,0,3,21,12,35,8,1,1,50,4,2,9,0,2,4,2,1,29,20,2,16,3,5,4,13,7,5,2,2,11,14,5,0,4,1,0,3,8,24,4,0,10,10,8,3,15,4,5,2,2,32,12,2,4,0,1,37,10,12,6,5,0,7,0,25,30,17,15,21,2,24,5,6,1,7,9,4,12,18,12,47,3,4,5,1,7,0,3,16,32,4,3,8,5,7,23,18,1,0,4,23,15,2,20,14,1,1,1,10,4,6,12,7
"1",26,7,3,7,22,1,19,10,4,7,3,29,17,7,16,2,2,0,15,22,3,33,14,18,1,1,3,9,51,3,2,8,3,9,22,3,28,28,1,11,3,5,2,25,16,7,2,9,28,1,24,0,3,7,3,4,0,41,5,10,0,12,2,0,2,8,16,36,23,24,1,33,3,2,10,0,1,12,11,9,10,9,7,0,8,25,0,3,2,3,1,7,15,7,25,2,6,4,21,17,9,4,9,1,2,21,4,0,12,2,0,33,15,6,2,8,4,6,4,0,1,5,5,2,1,9,2,5,2,0,4,1,7,4,3,6,2,12,2,20,3,3,2,15,3,0,11,5,13,20,4,4,4,18,8,23,1,3,1,5,8,2,1,15,2,2,2,11,3,8,1,5,3,2,0,28,19,1,15,1,1,1,2,1,29,62,7,9,11,5,5,2,0,3,18,24,2,3,25,2,0,0,4,1,11,1,0,6,21,8,29,10,4,0,43,0,3,5,1,3,13,5,0,20,30,1,20,2,4,4,17,5,1,0,0,13,17,12,0,8,4,0,5,5,26,5,0,13,18,7,2,4,7,4,9,1,23,8,1,5,0,0,41,7,13,5,8,4,7,0,20,38,29,24,12,3,20,2,11,5,9,0,13,6,21,15,36,5,1,3,2,2,5,9,16,22,1,7,4,5,5,25,13,3,1,6,13,14,2,24,15,1,2,0,8,7,8,12,18
"1",11,3,1,7,17,0,12,9,4,5,2,26,23,6,11,3,3,0,12,14,1,32,17,16,0,1,12,7,53,2,0,3,4,24,22,1,28,22,1,6,2,6,3,22,16,7,0,7,33,2,36,0,1,6,6,4,2,29,1,11,3,8,4,0,3,6,8,35,29,23,0,29,3,3,4,0,3,7,3,15,6,2,8,1,7,15,4,1,0,3,2,10,12,9,35,2,3,2,13,30,10,1,3,1,1,23,2,2,8,3,0,27,37,8,1,3,1,6,6,2,1,4,10,0,0,14,5,10,7,5,2,0,5,10,0,9,4,18,1,23,0,0,4,11,2,2,31,7,11,18,10,2,4,25,5,28,1,4,2,3,16,0,4,11,2,4,1,3,6,1,0,3,2,4,0,22,23,2,15,3,0,1,4,2,23,62,4,9,17,6,8,6,5,1,20,12,1,1,18,5,0,2,4,2,11,5,4,4,21,6,25,9,2,4,55,0,1,11,1,3,4,5,2,14,24,2,18,2,6,12,23,1,4,2,1,15,17,10,0,5,0,1,4,6,12,5,0,10,6,3,2,11,10,2,6,2,25,13,1,5,3,3,36,10,13,2,15,7,6,0,18,20,25,14,10,1,11,2,5,1,5,7,7,4,11,13,33,1,1,6,2,4,0,12,17,33,3,6,6,4,2,39,12,0,0,2,17,12,2,24,19,1,1,2,10,8,7,4,12
"1",10,6,3,3,19,1,17,7,6,3,0,21,22,4,10,1,7,2,21,30,3,29,15,14,1,0,8,8,49,2,0,8,4,5,19,2,37,29,5,12,5,4,3,27,21,7,3,9,27,1,21,1,2,11,6,1,1,32,1,2,5,7,0,1,0,5,15,20,16,17,1,36,0,2,7,2,4,5,8,23,1,4,16,2,7,15,2,1,1,10,4,11,20,11,30,4,7,3,15,14,7,7,6,0,1,32,1,0,13,5,0,24,15,10,5,0,1,4,2,1,0,3,7,1,2,14,6,7,11,4,0,5,3,6,2,4,1,20,0,28,0,8,5,10,2,0,26,7,8,9,12,2,1,22,3,13,5,2,1,7,9,2,5,5,0,3,6,5,5,8,0,2,0,6,0,28,17,2,22,0,1,1,1,2,36,63,5,6,15,17,4,1,5,1,17,14,0,3,22,3,0,1,4,2,8,5,1,2,17,10,24,8,1,6,44,1,4,8,0,6,9,5,0,15,27,1,27,1,11,10,28,2,7,0,2,16,22,7,1,4,1,3,3,6,19,1,0,18,8,10,0,13,11,5,5,0,25,10,3,5,1,2,23,8,18,1,7,4,7,0,26,34,28,21,11,1,17,6,8,1,4,6,11,3,24,23,50,0,3,9,2,7,1,5,6,30,2,4,3,8,1,16,16,1,0,2,9,11,0,19,19,0,0,0,6,6,13,18,19
"1",14,2,2,6,34,1,22,17,13,1,1,30,27,5,9,0,3,0,8,15,3,27,14,19,2,1,6,9,38,4,1,8,2,4,15,2,23,29,2,11,5,4,4,19,10,5,1,7,21,1,17,0,2,11,1,2,1,25,5,7,3,6,1,3,1,4,11,26,19,28,3,22,0,0,12,0,3,8,6,10,3,5,12,2,11,15,2,4,1,11,4,8,6,9,39,0,12,3,24,11,17,6,5,0,3,25,3,0,17,2,1,40,11,3,5,2,2,3,2,2,2,4,14,2,8,20,8,12,3,5,2,0,2,10,0,12,1,15,0,18,1,3,4,16,3,2,21,5,12,14,10,2,2,34,3,13,1,3,1,2,4,1,5,17,0,1,4,10,8,5,0,8,0,1,0,26,16,1,10,0,1,0,5,1,19,48,9,6,17,6,4,1,6,1,12,29,2,3,21,7,0,2,8,2,7,3,5,6,15,10,24,13,1,1,41,1,2,11,1,5,14,1,1,17,21,0,16,1,8,12,21,6,0,1,1,9,23,5,0,0,0,1,3,11,14,5,0,14,16,7,1,9,7,3,8,3,17,15,1,8,5,2,30,4,16,3,6,4,8,0,22,30,14,15,11,5,19,2,9,2,5,1,1,17,20,15,39,2,2,8,1,3,3,5,11,36,4,3,0,3,3,21,13,1,3,3,6,28,3,14,10,1,0,0,6,10,9,9,19
"1",9,6,0,5,16,2,19,20,13,1,2,22,27,7,22,2,4,0,10,25,2,40,26,17,0,3,12,6,57,3,5,3,0,13,17,1,15,27,1,13,4,8,2,31,20,7,1,11,39,0,20,0,2,9,3,2,0,26,3,7,1,9,0,0,0,5,14,23,10,37,3,22,2,1,12,3,3,13,15,15,5,6,5,1,6,21,2,3,2,10,0,19,10,4,45,1,6,7,16,13,7,2,3,3,3,22,2,0,6,1,2,25,26,6,2,5,1,5,5,1,2,4,6,1,2,12,2,8,3,5,3,1,0,14,0,6,0,17,1,18,3,7,6,23,1,3,20,9,8,8,14,3,0,23,7,17,3,5,4,7,14,2,7,22,4,3,1,8,6,2,0,8,3,3,0,26,16,3,22,0,2,0,4,2,27,71,8,4,18,7,6,6,7,1,24,20,1,2,27,1,2,5,9,0,9,4,0,5,20,6,24,12,2,2,34,1,1,3,5,1,10,0,0,22,17,2,16,6,4,8,21,1,6,3,1,11,18,7,3,1,2,1,4,7,24,2,0,18,11,4,4,12,5,5,3,1,25,12,1,3,6,0,26,6,19,2,9,1,12,0,42,35,18,35,11,1,10,7,3,1,14,8,6,3,14,16,25,2,4,8,1,1,2,14,13,29,2,4,1,5,4,15,15,0,2,2,18,5,0,21,23,3,0,3,5,12,8,5,13
"1",11,5,2,4,29,1,15,18,5,1,0,30,17,3,14,3,3,1,6,28,2,26,17,11,5,1,14,6,50,3,2,5,4,13,22,0,23,18,3,11,4,5,5,16,17,5,1,5,26,3,21,2,3,8,0,2,3,25,4,7,1,14,0,0,5,5,14,28,33,23,4,26,1,1,9,3,0,21,16,14,10,6,5,1,5,14,5,5,3,9,1,14,18,9,31,2,2,9,16,8,10,4,8,1,1,18,6,1,16,2,2,35,14,7,1,5,0,7,4,2,2,4,8,1,0,10,3,3,7,8,2,1,1,12,0,14,0,18,0,26,0,6,4,13,2,4,24,6,12,8,7,4,1,19,7,26,4,6,4,4,8,0,4,15,0,7,1,11,6,6,1,5,1,3,2,32,17,2,23,1,2,1,1,3,22,68,8,6,10,10,7,1,7,5,14,32,1,3,22,6,0,1,2,1,3,1,1,9,17,2,22,13,1,2,37,0,5,4,4,3,11,3,1,18,19,5,11,0,6,12,15,1,4,6,7,8,19,3,0,4,1,2,3,7,24,4,1,11,14,3,4,4,8,4,3,0,20,5,5,5,1,0,41,6,11,3,11,3,7,0,31,13,26,17,13,3,29,2,9,0,3,10,6,10,24,20,36,2,3,10,3,6,2,15,17,20,2,5,5,7,1,37,6,1,2,0,8,21,1,17,27,0,0,3,9,7,8,6,16
"1",17,3,2,1,27,1,15,16,5,1,0,42,19,6,11,2,3,1,13,18,3,24,18,14,0,2,5,3,52,3,1,5,3,6,26,2,21,25,5,10,5,8,5,22,14,10,2,12,23,2,28,2,4,15,1,3,5,27,4,8,0,14,1,0,5,4,29,29,29,25,4,29,1,2,7,2,0,21,9,40,3,9,6,1,5,9,3,5,1,12,0,8,12,9,38,1,8,2,18,16,11,5,10,0,2,30,2,2,13,5,0,34,23,6,0,3,1,9,3,0,0,5,3,1,1,10,4,14,5,2,0,0,3,16,0,6,3,25,1,34,1,3,3,8,2,1,33,9,6,14,7,3,5,34,1,33,4,3,1,2,7,1,4,8,0,4,1,14,6,4,0,4,1,0,0,25,20,2,22,0,1,0,2,2,39,57,2,7,18,12,4,2,4,1,11,16,0,2,21,3,0,2,8,2,14,3,0,4,29,13,20,11,3,0,47,1,1,1,2,3,7,3,2,18,22,1,15,1,6,18,21,3,1,3,2,8,15,9,0,1,0,0,4,7,17,5,1,19,8,6,5,5,16,3,5,1,25,11,1,3,3,2,31,14,17,3,2,2,13,1,28,40,15,21,11,1,18,2,13,2,2,8,5,4,27,18,44,0,3,6,1,3,6,13,19,19,4,3,5,1,1,25,12,0,1,0,17,9,0,9,14,2,0,2,13,10,17,2,8
"1",23,5,0,4,20,1,16,15,4,1,4,25,20,10,13,5,4,3,7,25,2,39,13,18,0,0,9,6,37,1,2,5,3,5,22,3,18,23,2,9,3,5,2,26,18,11,0,8,23,1,24,4,2,5,6,2,3,19,5,8,1,18,3,1,0,2,23,11,24,14,0,31,1,3,1,1,3,7,12,29,12,5,8,3,8,16,3,4,1,6,4,9,8,11,56,0,9,5,12,20,13,3,7,1,3,26,2,0,12,2,1,19,18,4,2,4,0,6,1,1,2,3,10,1,0,22,6,11,8,5,2,1,5,5,3,17,0,26,0,25,2,1,5,6,1,0,9,6,6,18,13,5,3,34,4,31,3,2,1,3,17,0,5,6,1,1,2,12,9,3,1,3,0,2,0,23,16,6,14,2,2,0,1,1,34,82,4,6,14,13,7,3,5,3,18,10,0,2,18,6,1,0,5,0,6,1,0,3,19,8,27,7,6,3,36,0,5,9,4,2,21,3,0,20,23,11,15,2,6,6,36,6,3,2,1,16,22,13,0,6,0,1,3,7,8,6,1,16,6,7,4,4,9,3,10,1,31,15,2,8,1,3,29,1,10,1,3,1,6,1,34,25,14,18,8,3,23,2,3,1,5,6,4,8,20,15,26,1,5,7,2,7,0,6,17,27,4,3,5,11,2,20,11,2,1,0,8,17,1,18,17,3,0,2,13,12,8,8,10
"1",18,4,2,8,19,2,18,9,6,3,1,23,29,6,19,1,7,0,9,32,2,36,10,15,2,1,5,2,48,3,4,6,7,8,19,1,28,15,1,19,1,6,2,15,15,9,1,6,27,0,35,3,0,7,5,4,3,28,3,10,2,9,3,0,1,9,25,15,14,27,0,29,2,4,7,0,2,6,13,17,3,4,11,0,14,22,3,6,3,15,1,11,8,10,40,1,9,2,9,6,16,4,3,0,1,30,0,0,14,6,2,27,17,10,4,4,0,8,1,0,0,1,9,1,1,16,7,6,8,5,0,0,6,12,1,9,1,26,0,23,1,2,4,18,0,3,17,6,10,13,13,1,6,25,10,10,6,4,0,3,9,2,8,15,1,7,3,15,4,5,1,8,0,2,1,23,24,1,16,2,1,1,6,1,22,65,4,4,16,10,8,4,2,7,14,10,2,3,28,1,3,1,5,0,15,1,0,2,26,7,26,11,1,2,43,0,1,10,0,6,9,5,0,21,24,4,19,1,9,4,16,2,2,6,3,17,20,5,0,4,1,2,1,9,15,8,0,17,12,4,1,6,5,7,7,0,30,15,1,4,2,2,35,5,18,6,3,0,6,0,30,31,15,10,6,1,20,2,12,4,10,7,3,4,25,14,45,1,3,4,1,9,1,9,18,32,1,3,1,3,4,25,12,0,2,2,9,22,0,26,15,4,0,1,5,9,10,6,17
"1",21,3,0,4,14,1,11,21,9,3,0,28,12,1,19,1,5,0,21,26,4,41,18,11,0,2,11,7,52,3,2,9,2,9,25,3,12,33,5,10,2,4,3,17,8,8,3,7,25,0,19,3,2,10,5,5,2,22,2,10,2,7,3,0,3,4,32,27,29,23,1,28,1,2,3,3,3,9,4,20,4,5,7,1,4,16,1,3,5,5,1,15,11,4,50,0,5,4,22,9,10,1,3,2,0,21,0,0,12,4,0,26,25,7,2,1,2,8,5,3,0,3,10,0,0,16,11,7,8,3,2,1,3,13,5,10,0,30,2,20,1,2,4,3,1,2,25,10,12,6,9,2,3,25,14,30,0,4,2,4,1,1,4,7,0,1,5,9,9,7,0,12,0,4,1,23,25,1,13,0,1,0,5,1,30,59,6,7,19,4,6,4,1,5,14,9,0,2,15,7,2,5,6,2,10,1,3,4,29,5,27,18,4,2,41,0,2,3,4,3,4,3,0,24,23,6,17,5,3,8,22,5,4,7,2,13,16,13,4,3,0,2,4,6,18,1,1,10,11,5,3,4,9,6,11,1,22,10,4,4,2,0,35,7,27,3,11,2,8,0,31,34,18,16,19,1,25,2,13,1,6,5,3,9,29,15,38,4,2,12,1,3,0,3,11,11,6,5,8,2,2,23,8,1,1,3,16,12,0,26,15,1,1,2,8,9,11,8,10
"1",7,5,5,5,9,1,22,19,3,2,3,30,32,3,17,4,2,1,16,15,8,33,15,13,1,0,7,3,43,2,0,7,1,12,14,3,20,24,1,9,4,9,2,25,15,10,1,2,15,3,21,3,1,4,0,2,0,37,1,6,0,8,5,0,3,2,14,24,21,17,0,32,3,1,4,1,2,19,8,17,5,12,9,0,5,33,4,4,0,5,5,16,16,6,25,3,5,1,10,18,14,1,7,0,3,23,4,0,10,2,2,44,18,12,4,1,3,9,3,0,5,8,10,1,2,17,4,7,5,2,2,0,3,12,1,19,0,19,2,15,2,5,2,9,1,0,15,10,15,13,12,3,1,22,9,27,5,4,1,3,13,1,3,24,2,3,5,9,7,11,1,6,0,7,1,22,19,4,16,2,0,0,2,3,26,69,12,6,17,13,4,7,8,3,5,15,0,1,24,4,2,6,5,0,4,0,0,6,23,5,25,19,3,4,47,0,4,3,6,3,10,4,0,27,17,6,11,4,4,6,18,3,6,3,4,8,17,8,0,3,0,1,1,9,22,4,0,10,15,4,2,9,7,1,7,1,26,13,2,6,1,0,34,3,17,0,8,0,7,2,25,36,15,29,21,1,29,6,9,1,4,6,5,5,24,26,32,0,1,6,2,3,1,9,22,21,3,2,2,7,3,25,7,1,1,2,11,23,2,28,16,0,0,3,6,5,10,4,19
"1",14,10,4,6,24,0,12,18,9,5,2,32,19,1,21,4,2,0,11,32,2,23,17,18,1,2,9,5,40,9,3,12,0,6,22,1,22,21,2,15,3,2,2,26,18,3,4,8,24,2,24,1,2,5,2,0,0,17,4,10,0,13,1,1,2,4,24,23,19,20,1,34,1,7,7,4,1,11,10,16,7,4,9,2,5,27,3,3,2,5,5,19,11,4,43,0,6,1,18,16,14,10,7,0,2,51,2,1,15,2,0,30,18,6,0,5,4,6,4,1,2,4,17,0,2,11,5,5,6,3,2,0,3,15,3,13,0,29,1,26,2,3,2,6,3,1,19,1,12,12,6,0,5,23,5,19,3,1,4,4,10,2,8,12,2,4,3,11,7,1,1,5,1,5,0,14,15,1,17,4,2,1,2,2,21,63,3,17,17,12,4,2,10,4,8,18,0,2,9,1,0,3,5,1,11,3,0,2,20,8,26,20,4,3,31,1,2,2,0,1,10,2,2,22,21,1,17,3,6,14,24,5,1,2,2,9,16,9,0,7,1,2,2,9,17,1,0,18,14,6,4,6,4,2,7,2,22,12,0,6,0,1,46,7,17,2,9,1,6,1,39,28,18,16,8,1,33,4,11,3,4,4,7,5,26,15,36,2,1,7,2,5,2,11,13,30,1,6,2,0,1,24,16,2,1,1,11,25,1,23,17,1,1,3,5,7,12,7,19
"1",19,1,2,6,4,0,11,14,8,5,0,26,15,10,17,7,2,0,9,30,6,26,16,15,0,1,8,1,53,1,1,7,6,5,16,1,31,47,5,11,4,10,1,22,18,4,1,6,29,0,17,4,0,7,1,2,1,19,6,1,1,12,1,5,1,4,23,21,19,26,1,30,0,2,6,0,2,6,11,20,9,4,10,1,11,21,0,2,5,9,2,19,11,5,43,1,14,1,9,25,7,7,9,0,2,20,1,1,8,3,0,34,26,6,4,4,1,6,0,2,2,3,6,1,2,17,6,7,5,5,0,1,0,5,3,13,2,23,0,22,3,1,6,14,1,5,23,7,10,13,5,1,2,25,3,28,3,2,0,5,13,0,8,11,2,2,3,6,5,3,1,3,2,4,0,18,21,3,20,1,1,0,1,2,33,65,3,11,11,9,8,4,5,7,18,14,1,1,13,4,1,2,3,0,17,2,0,3,25,11,26,13,2,2,41,0,4,3,3,4,7,1,2,17,19,0,21,6,10,13,31,5,2,1,2,12,16,6,1,5,1,2,3,7,25,2,2,21,17,6,4,9,10,4,3,0,22,13,0,3,2,1,54,4,18,2,6,5,7,1,21,41,10,16,13,0,21,3,10,4,7,6,11,8,19,18,44,2,3,7,3,11,0,9,16,16,8,2,7,3,4,28,15,1,1,3,11,13,1,11,15,1,1,2,3,16,10,8,8
"1",9,6,0,4,20,1,8,14,9,3,2,31,19,5,9,1,4,1,14,27,5,32,12,29,2,1,9,4,59,2,1,7,4,7,17,0,20,28,2,16,3,9,2,30,12,5,2,6,21,1,22,1,1,4,0,2,1,31,3,4,2,13,6,3,2,4,17,16,23,25,2,27,3,0,8,2,1,17,6,9,9,3,10,4,13,7,1,3,1,9,4,13,9,10,42,0,10,9,9,8,14,1,5,2,1,29,1,3,13,1,0,36,22,13,3,1,4,6,2,0,2,2,9,0,2,10,2,1,5,4,2,1,9,10,2,9,4,18,2,27,0,9,3,12,0,1,16,4,8,20,9,2,0,18,3,31,5,7,1,6,3,1,9,20,4,2,4,13,5,6,0,6,0,3,1,20,18,2,21,0,2,0,2,3,34,69,2,9,13,12,8,2,7,6,17,12,0,2,8,9,2,2,8,1,14,3,1,7,19,6,31,20,1,4,31,1,5,4,3,3,6,1,0,14,21,0,30,1,3,9,19,3,5,3,1,7,21,12,1,2,2,5,3,5,18,2,1,18,5,8,1,6,8,4,7,0,24,14,1,2,6,2,52,5,17,5,4,2,10,0,20,33,16,7,17,2,22,6,12,0,10,5,10,9,20,20,57,3,6,1,3,11,3,7,19,24,2,4,2,3,5,31,11,1,0,3,18,24,0,10,21,1,0,4,17,6,20,9,18
"1",16,6,2,7,22,0,16,16,7,1,1,26,12,7,13,5,5,1,9,19,2,21,19,8,0,0,6,2,44,1,2,1,4,5,16,0,29,29,4,13,3,4,5,17,12,8,0,5,20,1,27,0,0,10,2,3,1,33,4,11,0,17,7,2,0,6,15,33,22,20,3,25,0,6,14,1,4,4,9,16,4,9,7,2,4,16,2,3,2,8,4,17,2,7,44,4,9,3,22,15,18,0,10,2,1,31,2,0,26,1,2,36,22,9,3,1,0,6,4,2,2,1,8,1,1,13,2,3,6,6,3,1,0,10,0,11,2,18,1,23,2,5,4,11,0,2,15,8,9,5,9,3,1,22,8,30,8,4,2,2,10,1,9,9,1,3,2,5,2,6,2,7,2,11,0,27,19,2,18,0,1,0,3,2,30,51,9,4,16,7,6,1,3,0,19,17,0,3,21,2,2,5,2,1,12,1,1,3,20,6,18,12,1,0,34,1,0,5,0,4,4,1,2,23,21,0,28,1,5,9,24,3,2,2,1,16,18,10,0,5,1,0,4,10,19,1,0,13,14,4,2,8,10,1,6,1,29,13,0,5,0,2,27,2,17,4,8,1,7,1,33,37,14,19,7,3,22,1,11,2,7,9,5,11,33,8,30,4,2,3,3,5,2,8,16,24,1,5,4,3,2,22,17,1,0,1,21,18,4,23,16,2,0,3,7,14,16,10,13
"1",20,7,2,7,14,1,14,14,4,1,1,23,17,7,7,1,3,1,11,19,3,28,27,13,3,0,12,7,29,2,1,2,1,8,18,1,13,32,4,11,4,2,4,17,14,10,5,7,22,4,23,1,1,9,3,2,5,17,5,6,1,10,3,0,0,4,13,24,27,19,1,31,1,0,7,1,2,7,2,22,9,2,18,2,8,14,2,1,2,8,2,13,11,10,20,1,6,4,16,9,10,1,3,0,3,36,1,2,4,3,2,39,11,6,0,1,1,1,0,0,0,5,11,1,2,15,3,10,17,4,3,11,3,10,0,13,0,28,0,15,6,5,2,8,2,0,28,9,7,16,10,2,1,33,12,34,6,2,3,6,9,0,8,10,2,5,2,10,4,9,1,7,0,2,1,12,18,0,20,0,0,0,7,0,12,70,4,5,12,9,4,5,4,0,14,13,2,4,29,9,2,3,7,0,6,1,0,1,19,6,29,9,0,5,23,0,5,8,3,7,6,4,0,15,20,2,14,0,5,14,21,3,4,1,3,13,16,7,0,2,3,3,5,6,18,4,1,14,8,5,5,7,6,2,5,1,14,14,2,5,3,2,29,4,17,4,7,2,7,0,42,18,18,19,9,0,22,1,10,5,12,6,8,10,17,22,37,1,4,3,1,9,4,13,13,24,3,2,5,0,1,37,12,2,1,2,5,13,0,14,12,2,0,3,6,7,11,4,12
"1",17,5,1,5,20,2,8,27,10,2,2,27,22,1,8,0,10,0,8,24,2,20,23,14,0,0,7,6,53,2,0,3,3,6,34,3,20,19,2,8,3,11,3,12,18,10,1,8,13,1,32,1,0,9,5,4,1,37,0,12,0,11,3,0,1,2,14,19,19,39,4,23,3,2,4,3,2,12,8,10,6,6,6,2,10,33,6,6,1,14,4,11,8,6,32,2,5,5,15,13,12,6,10,0,1,27,0,2,12,3,0,27,15,2,3,3,0,6,1,1,3,2,12,1,0,15,7,2,8,4,0,2,9,7,3,14,5,14,0,20,2,2,6,7,2,0,19,6,7,7,7,2,1,18,12,15,2,3,1,1,8,1,11,12,3,3,4,6,6,9,0,6,0,1,0,23,22,3,20,0,1,1,3,2,15,57,3,13,13,6,5,4,2,3,15,15,0,2,28,4,9,4,1,2,9,7,0,5,15,7,31,6,0,4,48,2,1,4,5,3,11,4,1,20,23,1,20,1,7,7,19,5,4,2,0,12,22,8,0,5,0,3,5,5,23,6,0,11,7,4,5,11,13,2,5,4,26,15,2,4,4,3,24,6,15,4,13,4,2,1,35,16,13,15,10,2,22,3,6,3,5,5,8,4,15,13,28,5,4,5,1,4,0,11,12,24,2,3,5,1,3,32,4,1,4,3,12,16,0,20,7,2,0,0,7,9,8,10,13
"1",10,6,2,2,20,1,17,10,5,0,2,25,17,2,13,5,2,0,19,31,3,15,19,19,2,0,10,9,49,6,2,8,6,8,26,0,14,22,3,11,4,7,3,13,10,8,1,10,28,1,13,3,3,7,1,1,0,27,6,6,3,15,3,0,1,5,18,26,24,40,3,41,2,3,7,0,1,13,10,20,11,6,6,1,7,22,2,5,1,12,1,15,14,7,41,1,5,6,12,13,15,0,6,1,4,15,0,0,13,0,2,42,13,7,3,0,0,3,5,0,1,2,14,1,0,22,6,9,5,3,1,1,5,10,3,12,2,19,0,17,2,2,6,10,4,1,25,5,6,17,9,4,0,22,5,30,4,4,5,5,8,1,2,13,0,2,0,15,4,7,0,9,0,2,0,32,23,7,16,0,0,1,5,0,19,63,3,7,10,8,8,4,2,2,17,9,0,1,10,7,7,2,8,0,8,5,0,5,24,5,43,6,2,1,27,2,4,11,6,0,9,1,0,21,14,1,18,4,6,7,17,5,1,7,1,19,18,6,1,2,0,1,4,6,30,3,0,10,18,6,4,7,7,2,2,0,19,11,3,6,4,3,35,4,16,6,5,3,4,2,19,26,22,17,12,0,11,6,8,3,7,4,8,7,29,12,35,1,2,6,1,5,2,10,17,15,4,8,6,1,2,33,18,0,0,1,13,18,0,25,12,0,1,3,13,8,7,11,18
"1",17,10,2,8,13,2,17,17,8,0,0,38,22,2,9,2,6,0,11,39,0,24,20,24,3,0,12,9,56,4,2,1,2,4,20,0,27,26,7,16,6,5,6,25,13,9,2,7,27,4,17,1,4,6,2,1,1,40,1,9,1,11,1,0,6,5,15,32,25,18,1,41,2,3,7,0,6,13,9,20,2,3,10,0,11,13,3,3,3,12,2,10,11,4,41,0,8,8,19,15,9,4,8,1,3,31,0,0,14,3,0,34,13,9,0,3,3,8,4,2,0,1,15,1,2,15,9,10,3,1,3,3,4,11,0,9,2,15,0,34,0,5,5,9,0,0,23,9,2,16,7,1,2,15,6,18,2,3,1,3,12,3,4,9,2,2,3,7,7,2,0,5,0,14,0,20,27,2,12,0,2,1,2,0,28,63,11,8,19,12,5,4,7,1,11,20,1,0,17,6,3,4,5,0,9,1,1,2,24,11,23,20,1,1,32,0,2,2,5,3,8,4,1,25,19,0,21,2,10,5,21,3,4,1,3,13,12,7,3,4,2,3,6,3,31,8,1,19,16,2,2,7,5,3,7,0,34,11,2,7,1,3,49,4,16,3,9,2,5,1,32,33,31,10,13,0,20,6,10,3,4,6,8,9,26,18,38,2,9,6,0,5,5,4,15,36,1,7,4,1,3,19,8,2,0,3,6,10,0,28,18,2,0,1,7,5,11,9,10
"1",9,4,3,3,19,2,17,19,15,1,2,34,20,3,16,0,4,1,5,28,2,32,9,22,1,0,5,5,49,3,5,2,3,9,21,1,28,14,4,12,2,3,2,17,6,3,0,5,30,1,23,2,1,7,2,2,5,22,2,7,2,12,4,2,0,9,12,23,35,12,0,46,1,3,10,5,4,14,6,25,4,6,10,0,5,14,7,4,1,13,1,21,15,8,41,2,9,2,13,13,13,4,9,2,4,22,0,2,23,5,0,35,21,6,0,1,0,9,5,1,2,0,12,1,0,18,5,7,7,7,1,2,3,9,1,23,0,16,3,26,0,7,2,18,2,1,16,5,8,17,11,3,0,22,8,30,5,3,3,3,6,0,14,11,2,1,1,10,3,6,0,7,0,1,0,26,21,0,13,1,0,0,2,3,27,58,2,6,16,8,7,2,11,0,15,20,0,1,18,0,3,3,11,3,4,3,0,3,21,12,32,11,2,0,35,1,2,5,5,1,5,3,1,26,20,1,23,1,5,15,12,2,7,2,2,13,9,11,2,2,1,0,7,5,17,4,0,12,6,13,3,8,4,5,5,1,25,5,1,5,2,1,28,4,15,5,10,4,5,3,28,36,23,28,7,1,19,2,10,2,10,11,7,9,22,12,30,1,0,6,2,8,4,6,19,19,4,3,3,7,2,30,12,0,1,1,11,18,1,24,19,3,2,1,9,10,12,13,15
"1",17,1,0,5,10,0,13,8,7,1,2,30,13,3,14,1,4,0,10,24,1,25,12,11,1,1,3,9,68,4,3,4,4,13,26,1,26,23,4,9,3,7,5,17,12,6,1,5,22,2,29,0,4,8,1,4,3,21,2,16,2,10,5,0,2,7,14,35,14,21,1,43,0,2,7,2,3,7,7,18,4,6,11,1,11,17,6,0,2,10,7,12,7,10,43,1,8,7,9,17,14,5,7,0,1,29,0,0,15,2,1,28,28,5,1,2,2,11,2,2,0,3,10,0,1,19,3,10,4,3,5,3,1,15,0,13,0,19,1,16,1,3,10,11,3,2,21,13,9,12,11,2,1,29,3,24,6,4,1,5,8,0,0,15,1,3,6,5,5,8,1,9,1,4,0,35,20,1,13,0,1,0,1,2,29,72,3,6,20,8,3,1,5,3,15,14,0,1,25,8,0,2,5,1,9,1,1,1,27,7,37,14,0,1,43,3,2,1,4,4,7,4,0,20,20,1,5,2,4,8,24,4,2,8,3,12,25,10,0,5,1,0,5,11,30,8,1,22,14,6,1,8,7,6,3,0,20,5,0,8,1,0,28,6,14,4,12,0,8,1,21,31,22,26,10,1,12,1,10,2,6,11,10,6,19,17,30,6,2,4,3,6,1,13,18,26,3,3,8,4,8,27,15,2,1,1,10,21,0,16,19,1,0,1,3,8,6,11,16
"1",21,5,2,3,14,1,26,17,9,0,2,37,22,2,18,2,5,1,6,28,2,24,18,19,4,2,9,4,46,3,1,5,4,5,34,0,24,35,3,21,4,6,6,21,19,8,2,5,36,0,33,3,1,5,1,2,6,23,4,10,1,10,3,1,7,5,22,23,19,25,4,36,0,0,13,1,2,21,8,25,4,8,4,0,10,18,4,2,2,12,3,12,15,9,33,1,10,6,15,20,13,6,11,0,1,25,3,0,15,5,0,39,25,6,3,2,1,5,2,5,1,1,12,3,3,15,6,8,5,3,0,0,7,12,0,12,5,20,1,14,1,0,4,14,2,1,19,14,7,10,9,4,1,34,2,20,8,6,0,3,10,0,3,15,2,4,6,11,5,8,2,12,0,7,0,18,17,3,28,1,1,0,4,1,28,43,1,5,17,6,5,3,6,3,15,16,1,3,24,4,0,4,5,1,10,1,0,8,22,4,41,8,3,1,30,3,0,5,1,3,8,2,0,25,22,1,11,0,4,6,22,4,3,0,2,12,10,8,0,5,2,0,7,4,24,8,1,13,18,9,8,10,6,1,8,0,24,20,0,9,5,0,29,7,18,8,11,2,9,0,27,45,13,19,7,3,12,0,10,2,2,4,3,5,24,17,36,0,1,15,1,6,0,8,20,24,3,4,3,7,4,45,10,0,0,0,9,8,2,23,26,2,1,2,8,3,10,5,15
"1",9,2,4,4,22,1,14,10,8,4,2,24,22,3,7,3,2,1,12,19,2,17,19,15,1,1,7,4,50,3,0,13,1,9,29,0,20,15,3,13,1,6,1,29,18,4,2,7,24,0,22,0,2,8,2,1,0,24,0,6,0,7,1,0,5,3,15,24,14,32,1,40,1,5,6,1,3,17,12,17,7,12,10,0,11,14,2,3,0,13,2,10,10,5,41,1,11,2,18,10,21,2,8,2,1,23,3,0,11,6,0,39,23,7,0,3,1,8,3,0,1,5,10,1,0,25,3,8,5,3,0,2,10,13,1,13,3,25,2,22,1,6,5,10,3,0,22,8,11,24,13,1,1,23,3,30,7,6,3,7,12,1,13,15,2,2,8,4,7,8,0,2,0,2,1,29,28,3,21,0,3,1,6,3,27,59,6,10,10,9,5,2,4,2,15,19,1,0,20,3,6,3,0,1,10,9,0,2,20,13,33,21,4,2,38,0,2,2,4,5,6,2,0,22,26,0,18,1,7,7,17,6,4,0,2,10,23,7,3,6,0,1,7,8,22,6,1,18,8,9,5,8,2,3,8,0,18,8,0,10,2,2,39,9,11,5,10,2,7,0,24,42,18,14,9,1,18,1,11,2,2,7,10,9,17,8,36,5,0,2,1,7,1,8,21,20,6,5,5,6,3,25,16,0,1,1,14,19,1,11,11,0,0,1,4,9,8,12,17
"1",13,1,3,2,15,1,26,17,6,7,1,24,20,4,9,2,0,1,9,23,4,26,19,17,0,1,5,7,67,2,3,10,0,9,16,0,20,24,1,14,0,5,3,24,17,6,1,7,18,0,28,2,3,7,3,5,1,21,1,11,1,14,5,2,3,5,16,28,19,25,4,26,1,1,6,1,2,16,6,17,3,13,15,4,11,18,1,3,3,12,1,9,17,7,23,1,8,3,12,10,8,4,8,0,2,29,2,1,14,1,0,40,19,7,1,1,2,4,7,0,2,6,12,1,1,12,5,7,5,8,0,2,2,8,0,6,1,20,0,33,3,2,6,12,1,0,19,6,14,13,12,2,3,25,8,18,1,10,3,4,6,3,7,8,1,3,2,14,6,4,0,8,2,1,0,20,15,1,16,1,0,0,1,1,38,60,1,11,17,4,8,4,3,2,8,15,2,1,25,1,2,4,1,0,13,0,0,9,25,14,36,14,2,3,35,0,2,10,0,2,15,4,2,12,13,1,23,0,5,9,15,4,3,2,2,8,13,3,0,2,1,3,2,11,18,3,0,16,10,6,1,10,10,3,2,1,27,14,1,4,1,0,23,13,19,3,10,1,9,0,24,29,30,29,7,4,19,1,4,1,5,5,10,8,21,13,36,2,0,8,4,4,3,12,14,21,0,4,8,0,1,20,7,0,2,0,17,18,1,21,10,1,0,2,8,7,9,9,13
"1",18,2,5,7,20,0,12,10,11,5,1,31,32,6,9,8,11,0,19,21,2,28,18,17,3,1,8,8,62,2,0,1,1,7,22,2,19,31,1,10,1,9,3,20,15,9,1,6,25,0,9,5,2,10,3,4,3,23,4,5,0,8,3,0,1,5,19,46,26,25,4,31,2,4,3,5,2,12,11,19,6,8,9,1,4,23,3,5,2,6,0,13,10,11,43,0,10,2,20,15,11,5,4,1,0,34,3,0,9,2,0,29,23,3,2,5,1,6,2,3,2,3,16,0,1,19,4,4,9,5,0,0,3,13,1,7,2,22,0,13,1,6,2,16,1,5,30,8,13,30,9,1,3,25,6,25,5,6,1,2,5,1,4,7,4,0,6,11,4,8,0,6,3,4,1,32,30,4,17,0,2,0,3,1,26,65,2,8,19,8,13,1,10,7,21,17,2,5,16,7,0,4,10,0,12,2,1,5,18,8,34,13,2,0,39,0,0,1,2,1,6,8,1,26,13,1,17,1,7,9,32,3,2,0,5,12,13,8,1,4,1,2,6,7,20,2,0,15,13,12,2,10,10,3,6,2,28,10,1,5,2,0,35,7,14,10,10,2,4,0,34,51,27,23,25,1,13,1,8,2,6,7,5,12,26,19,36,2,3,4,0,6,2,6,11,25,0,7,5,0,3,28,18,0,0,1,16,20,1,22,17,0,1,2,6,13,16,11,24
"1",19,1,4,1,19,2,8,22,8,8,1,32,31,7,10,3,1,0,7,23,6,22,13,11,3,0,8,4,32,3,3,6,1,7,26,5,20,18,5,16,1,8,6,21,19,7,3,8,26,3,17,0,1,5,2,2,3,26,4,5,0,11,1,0,3,6,18,32,16,23,0,36,2,3,2,0,1,17,18,15,7,10,8,0,8,29,0,6,1,4,3,10,15,6,39,0,12,6,17,10,10,9,11,0,3,32,1,1,12,0,0,41,23,7,3,1,0,10,4,0,0,2,16,2,0,11,4,8,7,6,2,0,6,8,3,18,4,22,0,21,3,4,9,16,0,3,23,4,11,14,10,2,2,14,15,38,6,12,2,3,15,2,6,11,1,4,5,9,7,9,0,4,2,4,0,24,17,5,11,0,1,0,0,0,29,61,1,7,10,13,6,3,7,1,13,12,1,5,18,5,1,3,3,1,10,2,0,5,15,14,27,13,2,2,27,1,5,4,1,2,5,3,3,14,24,4,24,2,4,2,28,4,2,2,3,10,26,9,1,5,1,1,5,13,21,6,1,17,7,7,3,10,7,7,5,0,27,12,0,5,4,1,37,6,23,5,12,3,10,1,24,39,12,18,9,0,7,3,5,4,11,12,4,15,27,24,34,2,8,7,2,2,2,10,25,15,4,5,5,1,1,30,8,0,0,2,7,17,0,8,19,1,0,2,4,13,12,13,21
"1",14,1,0,1,21,1,6,14,6,3,2,30,21,3,13,7,12,0,9,13,3,23,17,13,1,1,10,8,45,1,0,7,2,6,19,0,18,24,5,13,1,6,2,17,19,10,2,10,22,2,14,1,0,12,0,2,3,22,6,15,1,18,6,2,1,3,19,30,23,26,0,26,1,0,6,4,2,8,10,14,5,8,9,1,12,9,2,6,4,9,2,5,11,11,41,0,10,3,24,21,13,5,4,1,0,40,4,1,16,2,1,32,18,5,2,2,3,4,2,1,0,2,11,1,3,13,7,6,3,6,3,1,7,6,3,8,4,14,1,18,6,3,6,14,4,3,21,5,3,8,9,1,2,30,6,17,0,6,3,8,13,1,6,10,1,3,4,15,2,4,1,15,1,8,0,22,16,0,19,1,2,1,3,2,19,69,3,4,20,7,4,5,6,0,13,11,0,3,15,5,3,3,2,2,11,1,2,8,16,5,34,10,4,3,48,1,6,8,1,6,3,2,2,11,39,1,28,1,5,8,29,3,1,4,0,13,19,4,1,4,1,0,4,12,23,7,0,20,9,7,3,7,3,6,10,0,27,12,2,7,1,0,35,2,10,4,9,4,7,1,18,40,19,21,24,1,21,6,6,0,3,8,9,9,34,12,52,1,0,6,0,6,2,6,13,21,2,5,5,5,4,23,21,4,2,0,17,25,0,20,24,3,0,2,9,17,10,16,17
"1",11,0,0,6,15,0,15,12,11,2,2,25,19,1,8,8,6,0,7,19,2,30,19,11,5,0,10,5,45,2,4,6,2,9,16,0,28,36,4,16,4,5,3,36,13,10,2,7,31,4,23,0,1,9,0,3,2,36,3,7,2,12,2,0,0,2,19,31,16,23,1,33,1,0,2,0,1,16,14,17,6,4,8,2,8,19,0,4,0,8,5,13,14,7,49,0,6,2,15,17,5,4,5,4,1,18,2,1,17,1,0,30,23,9,3,2,0,14,0,2,1,5,3,1,0,14,9,9,5,5,2,1,4,8,0,15,1,29,1,29,1,0,6,11,3,1,13,7,9,11,7,1,2,20,8,24,5,2,1,5,4,2,8,10,0,4,2,10,2,2,0,2,0,1,0,26,13,4,21,1,2,1,3,3,27,66,0,7,18,6,7,7,3,5,16,13,5,3,22,3,1,2,11,1,4,2,1,8,16,14,29,8,6,0,46,1,1,7,2,3,9,9,1,33,21,1,19,2,1,14,24,4,5,6,2,7,22,11,0,2,1,0,8,11,27,6,0,16,13,8,5,6,6,3,5,1,20,12,1,15,4,4,35,5,10,3,10,0,6,0,23,19,20,20,12,3,34,2,10,2,3,5,13,19,31,22,44,6,2,5,1,3,3,11,16,22,3,3,4,3,2,17,12,1,2,1,4,18,4,13,13,1,2,0,10,12,10,10,17
"1",14,3,2,5,26,1,9,10,7,1,1,25,19,5,11,2,12,0,17,15,2,34,17,18,0,0,12,10,52,4,0,4,0,3,20,0,19,20,1,11,5,6,4,24,15,4,1,6,30,0,24,4,0,6,1,5,3,18,2,6,0,12,4,0,2,4,21,22,29,20,2,41,2,2,6,1,2,18,8,12,9,6,13,0,8,16,2,4,2,6,2,14,11,10,37,3,7,1,16,16,19,3,10,5,2,37,3,1,17,0,0,40,24,5,2,3,1,3,1,1,0,8,6,0,4,21,5,9,6,9,2,1,4,12,3,12,3,29,0,21,1,5,1,19,4,0,23,4,12,15,8,5,0,26,6,20,4,6,2,5,12,1,5,8,1,9,4,15,1,5,0,8,2,7,0,21,18,5,13,2,1,0,4,1,25,52,8,3,6,13,12,0,6,4,9,14,1,1,15,3,4,4,0,0,8,0,0,4,18,4,24,8,3,1,41,0,0,5,6,7,3,2,1,27,21,3,29,1,1,9,18,1,2,1,3,13,13,16,2,3,1,1,4,5,29,3,0,4,5,9,3,7,5,1,3,1,29,11,0,8,2,0,31,8,10,4,12,2,11,1,36,38,22,15,14,0,24,3,7,1,7,9,9,8,15,17,34,3,2,9,4,4,5,5,11,22,2,4,3,4,5,28,12,1,6,0,16,12,1,17,21,0,0,4,8,12,9,11,16
"1",21,0,2,4,16,0,20,17,8,1,1,23,15,4,18,2,10,0,14,22,5,33,23,14,1,0,12,6,43,10,0,7,3,7,17,0,20,25,3,9,2,12,3,23,20,9,2,8,31,0,15,2,1,11,4,2,8,20,4,14,0,8,4,1,0,3,33,26,17,14,2,26,2,0,8,2,2,19,9,25,7,5,7,0,8,18,2,5,2,3,3,7,20,7,36,1,9,4,17,15,12,4,9,1,1,22,4,0,14,0,0,31,20,7,2,0,2,7,2,1,2,1,19,1,4,14,4,3,5,8,0,0,4,9,1,5,1,20,0,18,1,4,4,12,2,0,14,6,9,14,10,1,2,29,8,26,3,9,4,3,11,0,5,20,5,2,0,6,2,6,0,7,0,3,1,19,12,3,26,2,1,0,3,1,29,58,7,5,9,5,5,7,7,0,13,26,2,0,32,10,1,2,3,2,9,3,0,5,15,10,30,14,4,2,38,0,6,3,3,3,7,4,0,19,30,2,25,1,4,9,26,7,2,2,3,14,21,8,0,2,2,3,4,7,19,3,1,19,18,5,2,8,7,4,8,2,29,11,2,5,3,5,33,8,21,3,7,3,9,4,20,34,19,18,4,0,15,4,13,5,3,6,5,2,19,22,44,2,4,3,1,8,2,7,14,26,2,2,1,0,3,30,17,2,1,0,18,15,1,15,11,2,0,0,11,5,12,4,23
"1",19,2,3,0,20,1,17,17,7,2,0,19,16,4,12,1,5,2,13,21,6,29,17,21,1,1,8,3,33,3,2,8,0,5,32,2,18,34,2,13,4,5,0,15,26,10,1,6,28,3,25,0,4,9,0,1,2,29,6,13,2,15,6,0,5,6,13,28,34,31,3,21,2,4,7,2,0,7,8,17,5,6,10,0,12,30,4,3,5,15,2,17,9,13,42,1,10,3,22,14,12,4,7,0,2,18,1,0,15,1,1,22,28,6,2,2,1,3,3,0,2,6,4,0,8,20,7,8,6,5,8,2,4,8,2,10,7,29,1,28,5,3,6,9,1,0,29,9,4,12,15,0,1,29,5,20,1,9,1,1,3,2,7,7,4,5,4,6,2,3,0,11,3,7,0,23,15,3,22,0,1,0,4,1,20,56,2,4,16,9,5,3,3,3,20,14,2,0,17,8,3,2,3,0,6,2,0,4,29,5,23,14,1,2,44,0,6,8,3,5,5,0,2,23,18,1,10,0,2,2,21,2,5,2,1,10,18,5,3,6,2,2,4,9,16,8,0,16,4,10,1,9,5,2,3,0,16,11,1,5,3,0,39,5,17,0,13,7,11,0,24,38,25,13,10,1,24,3,7,0,5,12,9,8,27,18,38,1,3,10,0,3,1,11,22,40,2,2,2,0,4,25,14,1,3,2,12,17,0,17,12,1,0,1,12,6,5,13,22
"1",17,1,2,1,15,0,17,17,4,2,2,38,22,3,11,7,4,1,12,26,2,28,18,12,1,0,9,9,47,7,3,4,3,10,17,2,16,24,3,8,2,2,3,23,17,7,2,10,18,2,28,0,2,7,0,4,0,18,0,8,2,10,3,0,0,4,16,30,10,22,2,30,1,3,4,0,4,13,6,22,6,4,6,0,7,17,4,5,7,12,4,14,6,6,38,1,5,3,20,21,9,10,7,4,3,37,0,0,10,1,1,20,14,5,1,3,3,4,7,2,0,3,5,0,1,16,12,9,12,5,1,2,3,12,0,9,2,16,1,27,1,2,5,13,2,0,11,5,10,16,9,4,1,31,9,28,4,5,4,2,5,0,6,8,6,3,3,8,2,3,0,3,1,5,0,26,8,1,17,4,0,1,1,0,25,72,2,6,23,6,5,3,0,3,15,9,0,1,8,5,1,1,9,0,13,2,0,3,27,11,28,8,2,6,47,0,4,10,2,9,5,5,0,21,13,0,18,1,4,11,25,1,1,1,3,12,13,6,0,4,0,0,2,6,16,0,0,23,21,5,2,11,7,5,3,1,48,12,3,8,1,3,29,5,18,3,6,0,11,0,31,29,12,19,13,1,22,4,7,1,7,8,4,9,19,14,26,3,6,9,3,5,4,8,15,26,4,3,6,1,0,30,15,2,3,2,12,20,3,20,21,1,1,2,8,9,18,8,16
"1",16,3,1,8,14,2,23,22,12,1,1,12,22,6,13,5,8,0,11,28,4,22,13,19,1,2,8,9,58,4,0,3,0,10,21,1,25,17,2,18,2,5,3,22,13,4,1,6,25,1,23,2,0,10,0,2,5,18,6,5,0,15,3,2,3,7,14,30,24,27,0,31,0,2,3,2,3,10,8,20,4,3,9,2,3,33,1,1,2,12,4,12,13,6,47,2,8,6,17,8,12,4,8,0,1,15,2,2,8,2,3,27,13,7,0,3,0,9,4,1,1,2,4,0,0,25,9,13,7,7,0,2,3,8,1,7,1,22,0,15,0,2,4,14,1,1,20,4,15,15,5,2,3,21,5,27,7,3,2,4,1,0,15,14,2,4,5,13,4,5,0,4,1,3,0,23,21,2,17,0,2,0,4,1,12,79,7,0,22,13,3,5,7,3,13,15,0,3,20,6,0,1,2,2,9,1,0,2,18,7,25,13,4,4,27,0,3,6,5,6,9,4,0,22,18,2,27,5,5,6,25,1,6,1,3,18,11,8,0,2,0,1,4,4,16,5,1,14,14,3,3,13,5,1,4,1,24,12,1,8,2,0,36,6,26,1,6,3,6,0,20,20,21,31,9,1,14,1,8,1,8,3,6,5,25,19,25,0,3,6,1,4,0,2,15,21,3,5,4,0,0,24,10,4,1,1,12,22,2,21,14,2,1,4,7,12,12,5,16
"1",13,6,1,4,23,8,25,15,8,4,2,28,8,2,14,4,4,0,14,24,5,16,18,17,3,1,10,6,50,4,2,5,4,5,21,1,13,27,5,6,2,5,4,16,14,4,2,4,32,1,26,2,0,18,0,2,4,19,1,3,1,8,0,0,1,5,8,31,25,25,4,25,1,0,10,0,1,16,8,16,6,6,11,3,4,21,0,3,1,7,2,11,7,13,49,0,9,1,14,17,15,6,10,0,1,29,2,3,24,0,1,39,20,12,0,5,1,5,7,3,0,3,12,0,3,18,8,14,6,5,9,0,2,12,1,6,4,14,1,25,0,3,3,7,1,0,20,2,7,11,15,6,4,26,3,27,3,8,2,7,13,1,10,17,3,2,1,10,3,2,0,5,0,3,2,36,22,5,29,0,1,0,1,4,23,69,11,3,12,10,8,4,5,1,23,16,0,1,18,7,0,3,8,0,9,1,0,3,19,3,38,14,0,3,46,1,7,3,5,2,8,1,1,20,28,3,15,0,2,8,23,2,2,3,1,11,20,13,1,3,0,0,7,5,28,6,2,10,8,3,4,8,3,2,9,0,44,13,2,3,4,0,47,5,26,7,8,3,9,1,20,27,16,25,22,1,7,4,7,3,6,2,9,6,15,22,18,2,6,7,2,0,0,4,14,23,1,4,7,4,2,26,10,2,2,2,14,16,2,14,22,0,0,1,9,10,5,8,20
"1",4,9,3,2,18,0,17,13,13,3,3,26,19,4,9,2,1,0,8,28,2,25,22,14,1,1,16,3,51,2,0,4,1,4,22,2,16,23,4,13,2,4,4,23,14,6,3,11,21,1,12,0,4,9,1,3,1,37,3,9,2,13,3,1,5,2,16,18,26,23,2,33,0,5,10,3,5,10,7,22,1,7,14,2,11,26,0,2,7,8,2,16,12,8,39,0,10,4,23,10,13,4,3,1,1,22,2,1,10,0,0,32,21,9,0,2,0,4,4,1,4,8,10,1,2,10,4,6,5,5,1,4,3,5,3,11,2,24,1,24,3,3,2,7,1,1,18,6,17,12,6,1,2,30,6,24,3,3,4,9,11,0,1,5,1,3,3,9,1,3,0,7,0,2,0,24,23,1,15,1,3,1,5,0,24,59,11,12,23,12,5,2,4,3,18,30,0,2,20,7,3,3,7,1,10,5,0,0,17,5,24,8,4,1,34,7,3,8,2,5,7,4,0,11,17,0,16,2,4,3,14,4,3,2,1,5,9,9,1,0,0,0,5,4,23,2,1,16,10,5,4,8,6,4,8,2,29,6,0,3,2,1,41,2,16,5,12,2,6,0,21,32,24,7,10,0,19,7,4,0,3,9,14,9,34,23,23,2,1,7,3,3,1,12,13,22,0,6,7,2,1,19,10,3,0,1,7,29,0,11,22,0,0,0,9,2,10,7,15
"1",15,3,1,2,19,4,24,19,8,2,0,37,22,3,8,2,2,1,9,28,0,26,14,17,2,0,14,6,40,4,1,2,1,17,26,0,26,16,2,17,2,6,4,17,17,4,2,11,39,0,19,2,3,9,0,7,0,14,3,20,0,15,2,1,1,2,9,20,22,18,2,26,1,0,12,1,4,6,8,10,2,6,8,0,12,17,2,4,2,10,3,15,16,7,43,1,4,2,33,18,16,5,6,0,2,37,3,1,15,5,2,26,20,7,2,5,1,5,3,0,0,5,6,1,2,22,11,8,2,4,4,0,4,7,0,14,5,22,0,29,0,5,2,15,5,1,22,6,8,9,14,1,2,28,4,25,4,3,3,1,4,1,7,13,0,4,3,12,3,6,0,6,0,8,0,34,26,2,12,0,1,0,3,3,12,76,9,7,15,11,7,5,6,3,16,20,3,2,17,5,1,4,9,0,16,4,4,3,23,6,34,12,3,1,28,2,1,5,7,3,6,3,1,18,15,2,33,3,2,8,19,4,3,1,4,6,14,5,0,3,0,1,4,10,15,7,1,18,12,2,4,9,4,2,4,0,35,12,0,5,1,0,43,1,11,1,14,0,6,0,26,29,17,23,16,2,18,1,3,5,10,6,6,12,33,16,30,4,3,4,1,6,2,7,13,25,1,9,7,2,4,19,5,0,0,1,13,19,1,18,10,2,0,2,7,11,17,12,18
"1",14,1,3,4,18,1,14,14,6,1,0,13,11,6,18,8,2,1,8,21,4,38,16,22,2,0,4,4,37,8,2,2,1,11,22,1,31,36,2,13,6,3,3,22,14,4,2,5,24,1,18,1,0,4,4,2,6,30,5,10,0,8,7,1,3,4,11,24,25,19,3,40,1,0,8,0,4,13,9,23,7,4,8,0,11,20,0,5,1,10,1,8,7,7,43,1,3,6,11,1,14,8,6,2,1,18,0,1,14,3,0,34,25,6,3,0,1,7,6,0,0,2,9,0,2,22,8,8,7,6,2,0,1,5,1,11,5,27,0,30,1,6,1,20,4,3,15,6,13,13,11,1,1,27,7,23,2,5,6,3,9,0,2,16,3,2,1,10,3,7,0,3,0,2,1,33,21,4,15,1,0,1,3,2,25,56,4,5,11,15,4,3,4,3,15,15,0,2,31,1,2,1,8,0,18,0,0,3,25,11,28,9,1,3,33,2,4,5,0,3,7,2,0,14,21,1,17,2,3,4,19,4,2,1,1,14,18,8,0,4,0,1,3,5,18,3,1,14,11,11,3,6,5,1,6,0,32,10,0,5,2,3,31,12,8,4,3,1,8,1,31,36,22,16,10,0,20,1,11,1,10,3,3,7,28,18,34,2,3,8,3,4,1,9,14,11,3,7,5,2,1,16,13,0,3,0,10,14,0,19,12,1,0,0,13,3,11,13,15
"1",15,1,1,6,17,2,26,19,7,1,2,28,23,4,9,6,6,0,10,22,4,28,11,18,2,0,15,6,49,0,1,9,3,7,19,2,14,25,3,10,4,7,3,20,11,5,0,5,24,1,28,2,2,5,2,4,4,18,2,7,1,17,5,0,3,4,22,30,25,25,2,34,3,1,11,3,6,9,11,18,7,8,13,0,8,14,4,5,2,12,1,18,9,10,32,2,7,5,19,17,14,1,9,2,1,21,3,0,11,3,0,35,16,8,2,2,2,9,4,1,0,4,8,3,1,15,5,4,6,4,1,1,2,8,0,10,0,21,0,24,1,7,8,19,5,1,20,5,11,8,9,5,4,16,14,21,4,6,7,2,18,1,6,9,2,5,3,5,2,3,1,8,2,6,0,42,16,0,18,0,3,0,0,3,23,62,9,7,13,11,6,4,9,0,19,11,2,3,21,2,1,7,7,0,11,0,0,9,18,10,37,11,8,6,45,1,0,3,3,9,5,2,3,11,25,0,26,2,4,12,20,5,5,4,0,7,20,12,3,6,1,3,8,3,19,2,0,20,11,7,3,11,5,5,2,2,29,11,2,5,1,3,34,9,14,4,4,7,6,1,18,25,20,15,8,1,18,2,7,2,2,11,15,4,25,8,36,0,3,5,0,3,0,8,19,22,2,0,5,4,1,30,15,0,3,2,18,29,1,14,12,4,0,4,9,4,10,9,14
"1",13,6,0,6,13,0,7,12,7,5,1,24,16,5,15,3,9,0,7,26,2,25,13,16,0,0,14,6,54,2,3,10,1,7,14,3,22,13,3,13,4,9,2,20,15,6,2,5,28,1,13,1,0,2,2,2,1,21,2,2,1,15,4,1,2,2,19,30,16,33,4,30,1,1,8,3,2,11,12,24,4,11,15,0,13,25,2,5,2,6,2,20,14,5,34,1,6,2,12,13,15,3,10,0,1,24,4,2,6,0,0,33,16,6,0,1,0,6,1,0,2,5,7,0,0,6,8,9,6,6,6,0,1,11,1,16,0,11,0,12,2,1,3,9,3,0,30,11,16,12,11,4,3,29,2,16,6,9,1,1,14,2,7,9,0,3,3,2,3,9,1,5,1,6,1,41,23,4,16,2,0,0,3,3,22,58,2,4,11,11,2,5,3,5,16,15,1,2,22,2,3,1,8,2,11,6,0,8,14,8,31,7,0,7,32,0,1,5,1,8,7,0,1,18,20,0,23,2,5,7,21,0,1,3,1,6,22,6,2,3,1,2,7,9,18,5,0,10,14,4,3,9,13,4,4,0,23,10,0,7,2,2,31,7,14,4,11,2,10,1,28,30,15,29,15,2,20,4,8,0,4,5,7,4,23,16,42,0,4,7,1,7,1,7,11,19,4,1,3,0,3,39,5,5,7,2,14,19,1,33,14,3,2,5,16,9,7,12,12
"1",8,4,1,1,19,0,21,11,12,0,1,27,15,3,15,3,5,1,6,22,4,26,17,16,3,1,9,7,40,6,2,5,1,11,21,2,32,24,2,10,1,7,6,25,17,9,0,7,29,4,34,2,4,7,1,6,2,14,4,7,1,5,1,0,0,5,17,17,21,22,0,37,0,1,6,2,0,14,12,15,6,3,15,0,7,16,3,3,1,5,0,16,15,16,40,0,11,3,12,17,13,5,7,0,3,18,3,0,6,2,0,31,10,11,2,2,2,4,3,3,0,2,15,1,4,20,11,20,8,8,1,2,2,9,0,13,2,13,1,19,0,3,4,11,5,1,21,6,14,12,8,2,2,32,0,30,2,4,3,4,7,2,12,11,1,7,2,8,1,11,0,6,0,7,1,27,20,6,23,0,2,1,2,0,32,68,12,1,12,15,2,2,2,0,13,14,2,1,15,4,1,3,3,1,9,9,1,2,19,6,33,14,2,2,40,1,1,3,1,1,13,2,3,17,20,2,19,3,2,12,27,4,3,2,0,8,24,9,2,0,0,1,6,10,23,7,1,13,10,8,10,7,5,4,6,1,38,9,2,4,2,0,18,8,13,3,12,1,8,0,23,30,21,18,5,1,10,2,6,5,5,3,10,2,31,19,25,3,1,5,0,2,2,4,9,17,3,5,4,1,3,22,10,1,1,3,8,13,0,22,17,3,0,3,13,10,12,13,22
"1",20,8,1,4,19,0,14,15,8,2,0,21,14,0,16,1,6,0,13,20,2,31,15,9,0,1,17,7,54,3,3,5,1,13,18,1,24,18,5,14,0,5,4,19,14,5,1,6,32,1,21,1,3,4,0,4,0,23,1,7,1,12,7,0,2,5,17,36,24,23,0,34,0,1,8,0,0,9,5,13,16,7,8,2,4,12,5,3,2,6,1,5,7,9,46,2,6,2,13,20,8,4,4,1,4,15,1,0,9,2,0,33,18,6,5,1,0,1,5,3,2,7,9,0,0,9,7,11,8,5,2,1,3,6,4,8,0,27,0,30,2,4,9,15,4,1,18,7,13,19,10,1,3,28,8,25,1,8,2,6,4,3,13,10,1,2,0,2,4,7,0,3,0,4,1,24,30,0,11,0,0,1,4,1,32,65,7,5,16,10,6,1,2,2,11,12,0,3,18,10,2,3,4,0,13,1,1,2,16,14,40,13,4,3,44,2,3,1,3,3,11,5,0,26,35,2,26,0,7,7,19,6,7,1,1,12,16,6,2,7,2,1,7,8,15,4,0,9,10,6,3,3,6,8,10,1,19,12,2,5,1,0,33,9,20,0,11,3,12,2,27,17,26,14,15,0,21,1,9,3,3,6,5,9,20,21,47,9,7,4,2,4,2,10,16,27,3,8,4,1,0,30,16,5,0,0,17,21,0,15,9,2,0,2,5,6,7,11,15
"1",17,5,1,6,28,1,22,20,16,2,4,37,13,4,14,0,3,1,16,35,0,29,21,11,4,2,11,4,33,1,1,10,3,7,14,3,30,25,3,13,3,4,4,20,18,6,0,5,27,2,17,2,3,11,0,2,4,12,2,7,0,13,5,0,1,1,12,35,19,28,2,24,1,2,8,0,1,12,11,17,4,9,4,0,11,15,4,2,3,10,2,17,14,5,47,1,6,1,16,11,7,5,3,1,1,24,2,0,8,1,1,36,15,6,2,3,0,1,1,1,1,4,11,2,0,21,3,9,7,3,3,1,4,16,2,12,0,13,2,18,2,3,6,7,7,0,18,7,11,23,9,2,3,26,7,28,2,8,1,3,5,1,4,18,2,3,0,7,4,5,0,8,3,4,0,31,30,7,16,2,3,1,6,3,19,72,9,11,10,6,15,1,5,6,26,21,1,1,13,6,2,5,8,0,10,4,0,8,24,6,23,12,0,0,38,1,5,4,2,7,8,3,0,15,33,4,19,2,8,16,19,3,2,3,4,6,10,7,2,3,3,1,8,7,25,6,0,15,8,10,2,7,4,5,4,2,18,11,0,4,1,1,30,5,14,0,4,3,7,1,27,28,19,28,21,1,22,1,10,0,1,7,9,11,23,17,31,0,4,3,0,6,2,3,10,27,5,4,1,2,0,15,18,1,0,3,13,10,2,19,17,3,2,1,9,13,10,6,15
"1",10,7,1,2,18,2,13,9,5,0,0,28,20,0,7,2,4,1,9,22,1,27,14,19,1,1,12,4,48,0,2,4,4,7,21,0,19,25,2,13,4,7,8,21,13,3,1,5,14,3,24,2,2,1,0,5,1,18,8,6,2,11,3,0,1,4,9,35,20,29,0,27,0,2,6,2,3,14,4,15,3,2,11,0,7,15,2,2,1,10,1,16,19,7,41,2,7,7,13,11,8,0,11,1,2,38,0,1,13,2,0,37,19,10,3,2,0,2,4,1,2,4,10,1,1,9,3,8,7,5,3,2,4,5,1,8,2,31,1,27,6,2,6,10,4,0,27,8,9,14,14,2,2,30,4,18,1,3,1,6,15,0,3,13,5,1,0,12,1,4,0,5,2,3,0,31,19,1,24,0,1,0,0,5,25,72,9,7,18,5,6,3,6,3,22,17,1,3,13,9,1,2,3,0,8,8,0,4,22,6,28,14,0,1,50,0,5,7,3,0,3,3,2,11,21,1,7,3,3,8,24,3,4,2,3,20,15,8,1,4,1,3,5,12,20,6,1,28,8,3,3,3,9,8,4,0,27,14,1,8,7,0,30,9,9,0,16,3,7,0,21,23,20,15,12,3,34,2,6,3,5,5,4,4,35,24,45,5,3,4,2,13,2,8,15,24,3,5,3,4,1,40,8,0,0,1,17,17,6,9,13,2,1,3,4,10,6,16,14
"1",15,2,1,4,23,0,15,16,5,0,1,30,18,3,15,2,4,0,11,22,6,16,14,26,1,1,7,10,55,7,1,1,1,8,27,0,20,27,3,13,3,5,4,13,10,2,0,4,35,3,12,0,6,13,0,2,2,31,5,10,0,20,6,2,3,3,25,17,28,22,4,37,1,5,11,0,8,15,8,17,3,5,8,0,12,16,4,3,1,13,2,14,9,5,33,1,10,6,9,16,18,7,8,2,0,30,2,1,5,0,1,36,19,7,0,1,2,8,9,0,1,1,11,0,2,7,11,9,8,8,1,1,5,8,2,18,1,15,0,32,3,6,5,3,3,0,24,2,6,14,17,3,3,20,0,23,5,6,2,2,6,3,8,6,0,3,6,5,4,11,0,6,2,4,0,25,22,2,21,1,1,0,3,5,14,54,16,4,7,10,7,3,5,1,17,24,0,1,22,7,0,2,6,0,12,3,0,5,16,11,19,19,0,0,44,0,4,10,5,5,16,1,0,15,24,1,11,2,4,10,23,5,4,1,0,5,15,15,0,3,0,2,3,12,25,1,0,16,7,9,3,5,6,4,4,1,18,9,1,14,3,0,45,8,19,0,12,4,5,1,25,40,18,16,4,0,19,3,5,0,3,11,5,12,25,12,36,2,3,8,0,8,1,6,16,19,5,8,4,0,4,21,12,1,0,3,18,22,4,14,19,0,0,3,6,9,8,12,15
"1",22,2,1,5,23,0,23,17,5,1,0,20,26,4,9,0,6,0,8,22,2,34,11,13,2,0,9,9,43,1,2,7,2,5,17,4,36,28,2,21,2,8,2,26,14,4,0,3,17,2,8,1,2,12,0,8,1,25,4,11,0,22,3,2,2,5,15,16,24,37,4,41,0,0,9,1,2,11,7,24,7,6,8,2,7,19,4,5,1,11,0,10,9,13,30,2,3,4,19,12,7,4,12,1,1,33,1,2,11,0,0,30,21,13,4,6,0,11,9,1,0,3,14,2,2,19,12,8,6,3,4,0,2,13,1,11,1,26,1,25,2,6,4,7,4,2,15,3,8,12,3,2,3,30,5,19,0,4,3,5,2,0,8,12,3,0,4,13,0,6,0,12,1,3,0,16,16,2,24,2,1,0,2,1,23,51,1,7,22,6,4,3,3,0,11,18,1,4,22,4,0,1,6,1,7,4,4,3,20,12,30,7,1,1,37,0,0,10,7,7,8,2,0,19,25,2,15,4,3,8,21,3,1,1,4,10,21,7,0,5,3,4,4,8,20,8,0,11,10,10,7,7,5,3,8,0,26,8,0,10,4,1,40,2,16,1,4,3,10,0,26,34,40,20,15,3,32,3,7,5,3,3,7,13,24,19,31,4,4,3,3,8,2,13,18,17,3,4,7,1,6,18,15,2,2,1,18,18,1,22,15,1,2,1,11,8,11,9,3
"1",20,2,2,6,23,0,16,16,4,3,1,22,26,5,20,1,8,0,8,15,4,29,11,17,3,0,7,4,51,3,1,4,6,12,14,1,27,20,3,11,5,9,3,34,10,7,2,4,31,2,13,3,2,7,1,3,4,19,3,5,0,16,4,0,1,6,21,31,7,25,2,38,0,1,6,2,2,13,9,15,8,11,14,1,8,17,3,6,0,15,3,12,20,8,42,1,12,8,15,19,9,4,8,1,0,33,2,0,6,5,0,22,16,7,8,3,0,12,3,2,0,5,9,1,0,17,6,12,12,5,2,3,4,8,2,13,2,17,0,35,3,3,5,12,9,1,26,5,7,12,10,1,2,29,9,21,1,5,1,1,8,3,5,13,2,1,5,15,2,7,0,3,2,5,0,24,20,1,15,0,0,0,1,2,25,61,1,6,12,6,5,1,5,2,12,11,0,0,22,4,3,1,5,0,11,1,0,5,15,12,24,27,0,1,34,0,3,9,7,2,12,7,0,20,12,1,18,2,4,8,21,2,4,6,1,14,6,8,2,6,1,4,7,7,19,5,0,15,8,12,2,8,5,4,3,0,24,15,1,4,2,0,26,6,8,0,6,2,6,3,19,32,14,21,12,2,31,3,7,1,3,9,11,6,22,16,29,2,5,8,4,13,2,7,13,18,1,2,3,2,6,11,14,1,0,1,7,19,0,19,24,0,1,1,4,10,7,11,9
"1",11,1,0,6,18,1,17,23,7,0,0,43,16,4,13,3,13,1,10,15,4,19,17,30,1,3,10,11,39,5,0,3,3,7,27,1,25,30,4,22,3,3,2,26,12,7,3,13,22,0,19,1,4,8,1,2,3,16,2,13,0,9,3,0,0,4,12,40,26,13,1,35,0,5,5,1,3,16,10,24,6,4,12,1,8,22,5,3,0,5,4,14,15,15,43,1,7,3,22,10,12,4,9,0,2,34,0,0,7,3,1,28,22,3,1,2,0,7,4,1,2,6,12,0,2,21,8,9,8,14,4,3,1,15,2,10,0,21,1,16,0,4,3,5,3,0,27,15,15,23,4,3,1,27,10,29,1,7,1,4,11,1,4,11,3,0,10,14,12,7,0,2,0,4,0,26,22,0,14,1,1,2,7,1,34,47,2,1,17,5,1,4,5,0,19,21,2,2,20,6,3,2,3,1,12,1,2,9,21,8,27,11,0,3,33,1,4,10,3,4,5,2,0,19,28,2,19,3,5,8,21,5,6,3,3,8,19,6,2,4,1,2,3,5,9,9,1,16,18,9,3,10,5,5,10,0,24,12,1,6,4,0,36,9,20,1,7,5,4,0,28,22,24,17,17,3,11,2,9,2,5,2,5,3,18,14,42,2,2,9,0,11,2,15,19,12,4,4,7,3,8,25,19,0,0,3,12,21,2,28,15,0,0,2,8,11,6,4,15
"1",18,1,1,2,15,0,19,11,8,2,0,40,21,6,5,2,8,0,12,22,3,11,22,16,1,1,6,5,50,3,4,6,1,8,17,0,14,23,3,19,5,10,3,24,10,11,3,5,17,2,16,3,4,5,2,3,4,27,3,8,0,12,2,1,0,3,25,22,24,29,2,21,1,5,2,0,2,9,8,21,6,9,12,1,14,22,2,4,0,7,0,22,16,8,26,1,12,3,16,20,18,7,9,0,0,17,3,0,13,7,1,28,24,6,1,6,1,5,2,1,0,5,9,1,2,9,14,10,1,3,5,1,3,9,0,6,1,21,2,22,2,2,4,14,3,0,10,13,9,15,8,0,0,36,2,25,2,3,3,3,7,0,4,9,1,5,3,5,5,8,1,2,0,8,0,21,19,5,11,0,0,1,5,2,22,65,3,6,6,7,6,2,5,3,10,9,2,1,24,5,2,1,5,0,8,1,0,7,15,8,21,9,0,0,33,5,2,9,5,3,4,1,0,15,24,0,21,0,3,8,22,4,5,1,1,7,24,7,1,3,3,1,3,2,20,4,0,14,15,11,1,9,2,6,12,0,20,10,2,8,2,0,25,8,11,1,2,9,9,0,32,35,17,19,17,2,13,5,10,0,5,6,3,4,28,18,40,5,7,7,0,7,1,2,17,15,2,4,5,3,4,20,16,2,0,1,22,19,0,13,19,0,1,1,6,4,7,8,10
"1",19,4,3,5,25,0,14,14,9,3,3,19,17,1,7,1,7,1,17,27,4,25,17,19,5,1,4,5,44,1,1,3,1,8,15,1,26,26,7,7,5,7,3,19,11,4,1,17,30,0,21,1,5,8,1,4,1,23,5,11,0,12,1,1,5,3,19,42,18,28,2,23,0,2,4,0,4,17,16,14,11,10,11,1,13,15,1,3,0,3,1,19,16,7,42,2,9,3,18,20,14,4,5,0,6,16,2,1,10,4,2,36,20,8,3,3,0,1,7,0,0,2,13,0,2,13,7,7,10,3,3,3,1,9,3,9,3,19,1,18,2,4,4,12,3,0,19,8,6,22,16,1,0,26,2,25,2,7,0,3,10,0,11,10,2,1,5,11,2,10,0,4,0,2,0,16,22,1,18,1,0,6,3,1,27,69,4,3,11,3,8,3,3,0,18,8,1,1,13,5,3,2,3,1,7,4,0,4,14,6,31,9,0,2,52,1,1,6,2,7,12,3,0,8,27,1,15,2,11,11,27,4,7,1,4,17,17,6,0,3,1,4,8,11,23,7,0,12,8,6,4,15,4,7,5,0,24,15,0,5,2,1,44,6,10,4,6,3,18,0,29,24,21,14,13,1,20,5,8,0,12,2,6,2,31,38,49,6,1,9,2,4,2,10,14,23,5,5,8,6,2,28,10,0,1,0,11,23,3,18,12,1,2,2,6,4,6,13,11
"1",15,2,0,3,21,0,22,9,6,2,3,19,17,4,12,1,4,0,14,27,4,22,19,16,0,1,12,12,61,4,2,4,1,5,12,0,18,31,2,22,2,5,3,24,18,12,2,6,24,1,25,5,1,5,3,3,3,26,2,18,1,15,5,0,1,9,13,22,18,21,0,37,2,0,3,2,1,16,8,15,8,4,9,1,7,20,2,10,2,4,3,25,8,15,39,4,9,5,15,22,20,5,11,2,4,31,1,0,16,1,0,23,28,7,4,3,3,9,4,1,0,4,4,0,2,12,3,10,9,7,5,0,5,16,1,13,0,14,2,25,1,1,7,11,5,1,16,5,15,21,6,1,0,15,6,22,2,11,4,2,11,2,1,10,1,6,5,12,6,9,0,7,2,5,1,26,17,0,25,0,0,0,6,2,40,61,3,5,12,5,4,8,7,2,8,22,2,2,18,1,3,2,2,0,12,9,0,2,21,8,24,14,4,1,46,2,4,11,4,2,4,4,0,28,24,2,18,6,6,6,21,2,4,0,3,10,11,11,2,2,0,0,4,10,31,4,1,21,14,6,2,9,9,6,7,1,21,19,3,4,1,2,34,5,17,4,10,2,4,1,34,31,11,14,7,1,8,3,6,3,12,6,1,10,24,22,21,2,12,6,1,6,0,8,14,25,1,7,1,5,4,22,10,0,2,3,26,21,2,19,15,2,0,1,8,5,13,10,5
"1",14,2,2,5,27,1,20,14,5,1,1,19,14,11,11,1,5,0,22,19,1,27,15,14,3,0,8,7,43,10,2,5,1,10,17,0,22,23,2,18,4,9,5,27,9,2,1,8,35,0,22,2,2,4,4,4,3,24,8,4,1,11,5,0,3,4,30,25,19,19,4,25,1,3,7,2,8,10,8,34,0,11,8,2,6,20,3,7,0,4,3,13,6,12,36,0,10,1,22,17,11,12,8,1,0,32,0,1,12,2,3,28,11,6,0,2,3,10,5,1,0,1,8,0,1,14,12,11,8,9,3,0,0,10,3,16,0,23,0,26,0,4,6,10,0,0,17,9,7,10,10,1,3,24,4,15,2,5,3,4,8,1,8,19,0,4,0,7,6,1,0,3,1,2,0,26,18,6,11,0,1,2,1,1,16,59,5,11,15,6,7,2,2,2,11,23,2,1,13,6,1,3,5,0,13,1,0,5,12,9,32,17,3,2,38,2,1,4,1,3,14,4,0,25,30,0,23,4,3,9,18,4,3,5,0,8,14,6,0,2,0,2,2,5,15,4,1,10,12,9,3,4,6,3,9,0,29,13,0,3,2,1,35,8,15,6,10,0,7,1,32,43,19,15,14,1,24,6,7,2,10,9,9,4,23,14,46,2,0,2,0,5,2,8,23,23,4,2,4,7,6,18,13,0,0,0,13,21,1,21,9,0,0,2,3,8,9,13,12
"1",22,2,4,4,19,0,14,22,9,2,1,26,17,5,8,3,3,1,10,26,2,35,15,15,1,1,12,3,72,2,1,4,1,8,20,0,23,22,0,20,1,7,1,15,16,9,1,3,30,0,17,0,4,9,2,4,1,25,4,9,0,11,3,2,0,5,19,21,24,23,3,44,1,3,3,0,8,8,11,14,3,14,5,1,5,13,4,1,4,12,1,7,11,10,35,0,7,2,16,16,18,5,12,0,1,28,0,0,17,7,1,41,18,3,2,4,2,5,7,3,0,7,17,2,2,7,3,2,4,3,1,0,4,8,2,2,1,20,1,40,0,3,5,21,1,1,23,11,10,7,4,2,0,16,2,29,1,4,3,2,13,0,3,17,0,5,2,14,6,6,0,10,0,1,0,34,19,3,25,1,0,0,4,1,21,55,8,4,21,10,5,5,4,3,17,23,2,4,21,5,2,0,11,0,12,4,0,9,16,10,32,14,7,2,43,0,4,6,1,4,6,3,1,16,22,1,28,4,5,12,28,4,2,6,5,17,15,8,1,1,0,4,6,11,14,5,0,20,15,6,1,4,11,5,12,0,14,12,1,4,1,1,41,6,14,2,5,4,10,1,26,33,20,23,7,4,19,3,6,0,9,3,9,2,28,14,42,5,6,3,1,8,1,6,15,16,1,9,1,1,1,35,3,1,1,2,14,16,0,17,15,1,0,2,6,6,3,15,6
"1",13,0,1,3,19,2,18,25,8,2,0,21,24,7,11,5,6,1,7,15,4,26,10,5,1,0,17,8,54,3,2,5,2,9,20,1,14,20,4,15,6,4,1,18,14,9,0,10,27,1,24,1,0,6,0,2,0,21,3,9,1,13,1,1,0,7,29,27,23,22,1,32,1,3,8,1,0,16,7,25,7,3,11,1,1,22,1,2,0,18,4,16,14,5,39,1,11,7,14,11,11,8,5,1,1,20,6,2,8,2,0,30,25,5,1,4,0,3,4,1,0,2,8,1,2,10,2,7,9,4,3,0,4,13,0,14,2,16,0,31,3,3,2,8,0,0,27,9,13,15,9,1,2,32,8,16,4,7,3,5,7,1,4,9,0,5,2,18,5,4,0,5,0,5,0,21,18,4,19,0,1,0,7,3,20,46,6,7,11,6,3,2,2,4,18,8,2,1,20,5,1,3,8,1,9,4,0,1,18,8,31,15,4,2,26,1,3,4,1,1,10,2,1,17,18,1,15,1,7,6,33,4,2,4,2,10,28,3,1,4,1,4,2,2,22,5,0,14,9,10,3,9,9,2,5,1,32,21,0,11,1,0,43,5,16,0,8,2,8,1,28,35,15,16,13,3,22,4,6,1,5,8,6,2,21,17,29,0,1,3,2,7,2,4,14,22,2,11,2,2,8,28,9,2,1,0,9,27,1,16,16,2,0,1,7,8,2,6,25
"1",12,1,1,5,18,1,23,12,8,4,1,15,28,10,15,0,2,0,10,27,2,28,13,16,1,0,12,8,46,4,6,5,3,9,18,0,27,26,3,19,7,9,2,27,21,3,2,5,26,1,17,0,1,5,1,2,1,22,3,12,1,13,3,0,4,5,20,23,17,18,1,41,4,2,5,3,1,17,9,14,6,9,8,2,13,30,2,3,0,3,1,11,8,13,34,1,10,2,10,15,12,7,7,1,4,16,1,0,14,3,0,29,25,11,5,2,1,5,1,0,0,2,10,0,0,17,12,7,3,4,1,2,7,10,2,12,3,23,0,23,1,4,4,6,2,0,26,6,11,14,6,0,0,23,7,27,3,4,1,3,11,0,2,3,2,1,2,11,6,3,0,5,1,1,0,33,21,2,30,0,2,0,1,4,20,63,5,6,8,11,7,2,1,5,11,7,2,4,15,4,1,4,11,2,7,1,1,7,28,5,24,8,2,1,35,0,7,5,3,3,13,1,0,18,11,3,20,1,5,11,14,5,3,6,2,11,18,6,1,2,1,3,7,5,18,5,0,14,10,6,5,7,9,3,7,2,20,17,3,8,3,1,53,7,13,0,6,2,7,0,27,30,14,17,10,0,12,2,4,1,11,10,10,2,24,25,25,3,3,13,0,5,1,15,8,16,5,4,10,2,3,26,14,1,1,2,8,24,2,24,24,0,0,2,6,4,10,9,18
"1",18,4,1,1,24,0,9,11,5,1,1,21,22,1,10,3,4,0,13,22,2,30,20,17,2,2,8,10,40,4,1,3,1,7,13,0,22,24,1,22,1,8,4,23,21,10,0,3,21,3,16,2,1,8,2,4,3,21,2,5,0,13,5,2,3,6,7,22,18,24,5,35,3,1,7,2,1,10,4,17,4,5,15,1,6,11,0,5,4,12,1,18,21,11,40,1,8,3,17,14,11,3,11,4,1,25,1,1,15,7,1,32,13,9,3,3,1,3,2,0,1,6,7,1,3,8,4,9,5,3,3,2,4,13,2,11,1,21,0,24,0,3,9,6,1,1,16,6,11,9,7,4,2,33,8,28,3,2,2,1,10,3,1,10,2,5,3,7,6,12,0,1,4,4,0,16,28,1,13,0,0,0,4,1,19,55,4,8,19,5,6,3,5,3,17,23,0,5,27,3,5,3,6,0,13,1,0,4,21,12,12,5,2,5,55,0,2,9,5,1,6,6,0,22,24,2,14,2,6,16,18,5,2,6,3,8,12,7,1,4,1,3,1,13,16,6,0,26,11,6,5,8,12,3,5,0,25,9,1,10,3,5,38,3,13,0,4,3,10,1,27,29,24,19,4,1,29,4,6,2,11,6,5,2,26,23,39,0,2,10,1,4,2,9,15,20,6,3,6,4,1,29,12,0,2,1,8,18,5,18,17,1,0,0,9,6,14,8,13
"1",10,2,1,2,20,0,21,10,14,1,0,23,18,2,11,2,4,0,8,19,5,15,19,16,3,0,10,9,36,3,3,7,2,12,22,3,19,28,4,4,3,9,5,19,20,14,1,8,26,1,23,1,0,7,5,3,1,20,1,7,1,15,1,4,2,5,21,30,21,22,0,40,3,3,4,3,1,21,6,6,4,10,15,0,12,25,1,2,4,7,8,11,14,12,30,0,5,2,16,10,14,3,8,4,2,34,2,1,10,0,1,23,9,7,4,2,1,2,1,1,2,0,10,1,1,14,3,7,3,7,1,1,2,8,0,13,2,20,1,26,1,5,9,17,1,2,20,13,9,20,7,4,1,29,7,17,1,4,1,7,7,0,3,10,1,6,5,10,2,5,0,5,0,3,0,21,19,6,16,0,0,0,2,4,26,48,4,4,17,6,4,2,0,3,18,15,3,1,21,7,2,3,3,0,12,7,0,4,24,5,23,12,0,0,38,1,3,8,4,5,3,4,0,17,12,0,10,0,5,10,15,2,3,2,3,12,13,4,0,3,2,2,1,8,21,5,0,23,7,6,5,14,11,5,6,0,22,13,1,4,4,2,36,8,20,1,3,5,9,0,12,47,23,25,11,4,22,3,8,0,17,7,7,5,35,20,30,2,5,1,2,4,1,9,22,30,8,6,9,4,5,19,13,0,2,0,9,28,3,28,19,0,0,0,5,14,12,7,8
"1",16,4,4,6,18,0,10,13,10,1,2,25,17,4,11,4,3,2,13,25,2,23,15,16,1,0,1,5,35,6,4,11,2,7,20,2,22,34,4,19,3,5,6,14,15,5,1,10,24,3,33,3,0,9,2,1,0,17,3,5,0,9,2,0,0,9,7,28,23,16,1,34,3,0,6,0,2,16,7,12,3,5,6,1,9,23,0,3,4,8,4,13,16,5,45,0,7,4,8,13,12,5,12,1,5,30,0,0,5,1,1,42,14,8,1,3,1,1,4,1,1,5,12,1,2,16,3,4,9,5,0,1,3,14,3,13,1,17,0,23,1,2,7,8,0,0,25,8,4,9,7,1,3,26,3,20,1,4,1,3,10,2,2,13,0,4,6,9,10,2,0,7,2,5,1,24,17,2,15,0,1,1,3,3,25,61,15,4,11,6,8,4,6,0,9,23,0,2,15,6,0,1,5,2,13,4,0,4,23,10,29,5,1,2,40,0,1,4,3,3,10,4,0,21,13,2,28,8,5,15,30,2,6,1,0,15,17,4,0,4,3,0,1,10,30,7,0,18,3,7,3,3,5,4,7,0,30,8,0,6,0,4,26,6,16,6,13,1,5,0,31,24,15,35,11,4,22,5,5,2,8,6,9,7,12,14,32,1,5,8,1,12,1,9,17,19,3,4,6,7,0,21,12,0,1,1,10,17,0,18,16,3,0,4,10,7,9,7,7
"1",15,5,1,2,27,1,10,20,5,1,1,35,16,2,11,2,5,2,8,14,0,35,19,12,1,1,5,5,67,2,1,4,0,10,17,3,44,27,4,19,3,11,3,23,17,3,0,5,22,0,31,0,2,3,1,5,1,25,2,12,1,7,2,0,2,2,14,20,18,26,1,32,2,3,6,3,3,14,7,10,9,4,10,1,10,25,2,3,3,6,2,16,10,5,60,0,6,4,17,19,9,4,2,2,2,28,3,0,12,1,1,29,24,3,3,6,3,6,3,2,1,5,9,2,0,16,12,10,9,3,1,1,1,10,3,10,1,17,0,19,1,3,3,13,0,0,15,6,12,12,9,1,5,19,4,25,2,5,2,1,9,1,7,13,1,2,4,15,8,4,0,16,2,1,0,23,26,3,17,0,1,0,7,4,25,63,1,6,15,6,10,2,6,3,18,13,0,3,24,7,1,2,2,1,12,2,1,3,22,4,17,19,2,1,49,1,4,5,2,6,7,3,2,13,19,3,17,0,5,8,14,2,0,0,1,11,14,7,0,2,3,2,6,4,14,2,0,9,11,5,3,9,9,7,13,2,28,11,0,3,1,5,26,5,19,4,8,3,7,2,25,45,16,21,12,1,16,3,11,1,7,8,4,5,18,14,37,3,2,8,0,8,2,9,22,30,3,3,4,8,2,29,15,1,4,1,10,16,1,19,15,0,1,2,9,5,4,7,13
"1",16,5,1,2,19,0,17,13,7,2,1,18,26,2,10,2,0,0,11,24,4,29,16,13,0,1,12,6,52,5,1,5,2,7,23,1,25,27,4,8,3,12,2,23,9,7,4,4,35,4,13,2,0,4,0,3,2,33,1,11,3,8,3,3,1,4,22,21,26,22,3,26,1,1,7,0,0,10,9,18,5,11,24,3,7,24,1,3,3,11,4,27,8,14,40,1,6,4,10,13,14,3,4,1,1,26,2,1,17,4,0,27,22,11,4,1,2,3,6,2,1,4,10,0,0,9,8,10,1,8,3,1,7,5,1,13,3,20,1,28,0,3,4,11,1,0,25,4,10,12,16,1,0,29,4,25,1,2,3,5,8,1,2,17,0,7,0,8,4,1,0,8,2,1,0,25,28,3,24,0,0,0,1,1,31,49,4,7,14,7,9,1,1,1,11,8,2,2,20,4,2,3,10,0,11,0,0,4,19,6,38,7,2,3,36,2,3,4,6,5,20,3,0,19,19,2,24,2,7,2,17,4,2,1,2,15,24,4,1,7,2,1,5,3,25,3,1,23,16,8,3,10,6,10,12,0,20,4,4,6,0,0,31,3,23,3,13,1,7,0,26,26,21,14,13,4,33,2,7,1,3,8,4,8,24,16,43,4,2,3,2,3,1,9,18,28,4,5,1,2,4,24,10,0,0,2,12,15,0,12,13,1,1,2,11,7,16,8,16
"1",16,3,1,2,28,1,18,15,8,1,2,35,21,4,8,3,4,0,7,14,1,31,14,18,0,2,12,4,56,6,2,4,3,8,16,4,19,22,1,14,0,7,2,19,14,7,2,8,17,1,14,2,1,6,2,0,1,21,2,11,0,11,3,0,1,6,25,28,18,32,2,35,2,1,5,1,2,11,1,13,5,4,7,3,8,22,1,3,3,9,6,10,14,10,40,1,4,2,13,12,25,2,2,2,3,24,2,2,15,5,0,39,23,5,0,0,0,6,1,2,0,2,16,2,0,6,6,4,5,0,3,0,2,12,3,10,3,22,0,28,0,2,3,12,1,4,31,9,10,17,12,1,1,22,7,27,4,3,2,2,3,0,9,15,1,9,4,10,5,11,0,6,3,1,1,16,13,6,21,1,3,0,4,0,33,59,0,6,14,10,7,2,8,2,18,15,1,4,21,7,2,4,6,1,12,3,0,5,16,9,34,7,1,3,43,0,6,6,8,1,5,1,0,16,41,2,12,4,8,4,23,4,2,0,0,8,23,14,1,1,1,2,4,9,24,10,0,14,9,4,2,7,2,4,14,1,22,8,3,0,0,2,32,7,17,2,8,3,11,2,15,34,18,27,15,1,25,3,4,4,4,6,17,5,16,17,45,0,3,7,3,6,3,7,17,21,2,8,6,3,4,19,18,0,0,3,21,18,1,14,15,2,0,3,4,8,12,7,17
"1",22,0,1,2,24,4,21,17,7,2,0,28,17,5,7,6,7,0,11,40,2,30,15,15,2,0,11,5,45,2,3,1,1,8,16,2,17,35,1,11,3,9,3,25,20,4,3,7,18,2,22,1,5,6,1,1,1,17,5,15,1,17,8,0,2,5,19,29,19,29,1,28,2,2,4,1,3,12,10,13,7,2,2,0,8,16,5,4,4,5,1,18,15,11,43,0,10,1,14,17,14,5,13,0,1,42,1,0,20,2,0,26,26,6,1,3,0,0,4,1,0,3,12,2,0,24,2,11,5,5,1,0,2,3,0,7,0,25,3,38,2,2,3,11,2,0,15,11,11,7,6,2,2,40,6,20,7,10,1,2,10,0,6,13,2,4,3,0,6,2,0,6,0,5,1,32,16,5,25,0,0,0,2,0,31,65,3,2,12,7,5,4,3,6,10,13,4,2,12,8,2,4,5,0,11,4,0,3,30,9,35,11,3,1,40,2,1,2,2,6,7,8,0,17,19,2,23,0,2,7,27,1,8,1,3,11,19,9,0,3,1,2,4,7,16,4,2,24,15,4,1,14,9,3,5,0,15,6,1,3,2,1,25,6,7,4,6,2,1,0,42,22,16,14,10,2,26,3,7,1,8,6,6,6,26,16,37,3,5,2,1,3,1,5,17,23,1,2,6,3,9,22,11,4,1,2,12,30,0,11,17,5,1,6,15,7,18,11,21
"1",13,3,6,6,30,0,17,21,14,3,5,28,21,3,10,2,6,0,9,24,3,39,10,18,1,0,9,5,43,2,1,4,3,7,24,2,33,25,2,12,0,1,5,22,16,5,2,8,22,2,20,2,1,7,2,0,0,26,1,6,2,15,1,1,1,7,21,28,26,26,3,35,1,1,4,0,3,15,14,17,6,6,8,0,8,16,4,1,3,9,3,16,19,4,45,3,5,4,13,8,12,4,11,1,2,32,1,1,10,3,0,30,26,10,1,2,0,6,4,1,0,3,4,0,4,19,5,4,10,4,3,1,0,2,1,13,1,18,0,28,4,6,5,15,1,1,22,10,5,9,5,1,6,20,9,25,0,0,1,1,6,1,7,8,1,6,2,6,5,6,0,2,3,6,0,23,26,2,18,0,0,0,2,2,13,61,1,2,11,15,5,2,3,6,10,27,2,4,22,4,0,3,6,0,14,4,1,4,19,17,26,15,1,2,34,0,1,2,2,5,11,3,2,25,12,1,22,2,15,7,26,5,2,3,2,8,20,6,0,6,1,2,3,6,13,6,0,21,13,5,5,3,5,5,10,1,19,2,0,6,2,3,39,1,19,1,10,2,7,1,32,45,22,26,5,0,16,2,13,1,9,6,12,6,21,16,41,1,3,2,2,9,0,2,17,16,2,4,5,4,3,25,12,2,0,2,11,15,0,15,11,1,0,4,17,8,18,6,18
"1",18,6,1,9,17,3,16,18,9,1,3,35,25,2,20,2,9,0,12,32,2,12,11,14,0,0,11,4,39,2,5,5,1,9,18,3,19,31,1,19,6,2,3,23,10,9,1,8,27,0,16,2,2,7,2,3,1,32,3,8,1,17,2,2,2,2,15,35,20,18,2,20,1,1,5,1,1,12,10,23,6,8,3,4,12,15,0,2,0,13,1,8,4,13,31,2,10,3,20,18,16,3,10,2,3,27,2,2,14,2,0,26,13,6,0,2,3,3,2,3,1,3,15,1,5,20,6,10,5,2,1,1,2,14,2,9,4,14,1,15,3,3,3,19,4,0,19,5,7,20,8,2,0,21,7,19,0,4,0,3,10,0,9,8,1,5,4,11,4,6,1,2,1,2,0,23,13,7,20,1,1,2,3,2,33,57,7,4,17,8,9,3,5,5,19,18,1,1,22,4,3,2,3,1,21,6,0,5,28,2,27,16,0,0,45,0,4,3,4,5,6,4,1,22,16,0,13,1,8,8,28,3,3,4,6,11,18,9,0,0,0,0,3,7,16,3,0,22,6,8,4,11,4,8,4,3,15,6,2,6,2,1,32,5,7,1,5,2,5,2,37,44,19,17,4,1,23,5,12,4,7,4,0,7,23,26,29,0,1,4,1,5,2,10,18,28,4,4,1,4,1,26,22,1,2,0,17,26,1,13,16,0,1,7,7,7,17,5,14
"1",19,3,1,6,26,1,21,9,7,4,0,36,26,3,9,2,7,0,17,17,3,30,17,19,2,0,6,5,50,2,2,6,7,7,17,1,24,17,2,14,4,6,7,21,20,8,3,4,33,3,20,3,4,7,2,2,0,31,1,13,0,9,3,1,0,11,16,32,28,37,2,29,2,3,7,1,1,20,5,22,4,6,11,0,14,8,3,2,1,8,3,14,10,12,37,1,14,5,14,26,12,4,7,3,3,23,5,1,13,1,0,42,17,9,2,5,2,9,4,0,0,3,12,0,2,15,3,5,2,4,1,2,1,7,1,16,3,21,0,38,0,2,6,21,2,0,19,10,12,9,12,0,1,31,13,18,3,6,1,7,10,0,2,16,2,1,2,10,6,9,0,8,0,1,0,17,13,0,13,1,0,0,5,6,30,48,0,7,16,8,4,2,6,2,15,20,4,1,24,5,4,2,5,1,8,4,0,7,13,9,34,9,4,1,47,1,8,5,1,3,6,5,1,17,17,1,22,2,5,10,14,1,3,2,0,15,21,9,0,3,1,2,1,9,32,4,0,15,13,6,3,8,9,1,2,1,20,5,4,11,2,0,45,6,11,3,9,3,8,2,29,34,17,11,11,0,10,3,6,1,3,5,7,2,23,15,28,2,4,7,4,8,1,13,7,13,4,6,7,3,5,18,14,3,0,1,18,18,0,22,20,1,0,4,4,6,16,18,21
"1",13,7,2,4,21,0,17,19,16,0,3,23,19,5,12,0,3,1,12,26,2,36,19,13,2,1,7,5,61,2,2,10,9,7,30,1,30,33,2,19,4,7,2,22,14,11,3,4,26,0,13,1,0,12,1,1,2,20,5,5,0,14,5,1,2,5,11,29,13,20,3,31,4,2,6,1,2,20,7,18,7,4,14,3,17,19,2,2,1,10,3,10,11,8,43,0,6,2,10,19,15,3,4,2,1,26,1,0,11,4,0,46,23,5,2,0,3,5,3,0,0,3,13,1,1,25,5,10,3,9,1,0,7,6,0,14,4,15,1,30,2,1,5,18,3,0,29,16,5,13,9,2,1,23,5,38,7,5,6,2,7,4,6,13,5,6,4,10,4,12,1,5,1,3,0,28,19,2,17,4,2,0,2,2,34,66,7,4,7,8,4,1,4,4,18,14,0,2,12,6,0,1,6,1,10,3,0,2,18,5,20,14,2,1,42,2,3,3,1,2,7,3,0,17,27,4,20,2,2,13,19,4,6,5,5,8,14,6,0,3,0,2,5,8,22,3,2,9,9,0,3,8,1,3,5,2,24,14,0,6,2,0,31,1,21,3,2,0,4,0,36,46,21,19,18,3,26,6,8,2,4,4,5,5,24,19,37,2,2,6,2,9,0,5,11,22,2,4,4,1,8,25,11,6,0,1,5,20,3,9,27,2,0,4,8,10,18,8,15
"1",19,4,1,3,21,0,18,15,8,2,0,37,16,7,6,7,7,0,6,27,1,27,17,15,2,0,7,5,47,3,0,3,4,13,27,1,16,26,4,6,2,6,2,29,7,8,5,11,26,1,29,3,2,2,1,5,0,31,2,7,2,14,1,1,3,7,18,30,16,32,3,37,2,3,9,1,2,11,5,20,4,3,9,0,14,12,2,4,1,7,3,11,11,13,52,0,5,3,19,16,11,10,5,1,4,25,3,1,6,3,0,33,19,3,2,2,2,1,3,0,2,5,12,1,3,14,9,18,9,6,3,3,3,14,1,10,0,27,0,21,2,1,4,10,2,0,25,6,11,9,10,4,3,30,9,25,4,5,3,6,8,0,8,10,3,4,3,6,1,5,0,1,4,8,0,23,18,5,15,1,0,0,3,2,35,54,2,10,14,3,3,1,4,1,16,20,3,0,20,3,1,2,2,0,9,4,2,4,22,8,23,12,6,2,50,2,6,4,2,2,7,3,0,19,27,4,13,2,4,5,18,3,4,2,4,4,20,10,0,6,0,0,4,7,21,8,1,18,8,7,6,9,4,6,1,1,25,8,1,16,2,2,33,5,17,2,4,0,8,0,31,30,28,17,7,3,15,6,10,2,7,7,11,5,27,20,35,1,3,6,1,6,2,13,15,21,0,4,3,2,4,29,12,3,0,3,15,19,1,37,12,0,1,10,9,12,9,10,18
"1",13,4,1,2,15,1,25,21,6,3,0,34,22,2,16,4,5,0,6,25,0,24,12,17,0,0,6,7,51,7,1,11,1,11,13,1,14,19,4,15,7,9,3,18,18,6,2,3,40,0,15,3,2,5,0,8,3,19,3,8,1,9,4,0,2,5,8,21,16,22,2,46,0,4,2,0,4,23,9,22,3,3,7,0,10,15,1,4,1,12,1,10,12,7,62,0,12,4,25,13,10,6,9,0,4,26,3,1,9,1,0,33,32,9,2,2,0,3,1,2,2,2,11,2,0,8,7,10,10,6,0,1,3,12,0,10,1,28,1,26,2,1,6,8,3,2,20,3,12,11,4,1,3,41,7,22,4,1,1,6,6,3,11,5,2,8,4,8,4,6,0,3,1,5,0,28,16,2,10,0,0,0,1,1,32,70,2,4,15,8,6,1,1,3,13,19,0,0,22,6,2,6,4,0,7,4,0,5,17,7,28,10,4,3,44,1,4,4,4,5,5,5,2,21,18,6,17,1,8,11,17,4,1,3,1,11,20,3,0,4,1,3,3,4,20,2,2,10,11,7,4,9,12,8,6,0,21,8,1,3,0,0,34,2,12,8,7,2,6,0,21,32,26,17,11,5,24,5,9,4,5,8,2,7,24,20,26,3,5,4,0,8,1,8,17,34,4,1,3,4,3,16,11,0,1,3,10,13,2,17,23,0,1,4,6,15,11,9,8
"1",21,6,1,9,38,1,18,12,8,2,2,20,11,4,13,0,3,0,11,24,3,40,22,15,4,4,5,8,62,7,4,7,3,10,11,1,20,28,1,13,4,9,1,19,17,13,1,6,26,5,23,1,1,9,4,2,0,30,3,6,2,13,3,0,1,2,14,27,21,34,1,30,6,2,5,0,1,19,6,14,6,4,7,0,4,21,4,1,4,9,5,14,13,6,41,0,6,7,20,16,5,5,6,1,3,25,2,0,11,1,1,37,13,13,2,5,0,12,3,1,2,6,9,1,5,16,5,13,8,7,3,4,3,5,0,9,5,19,0,38,1,0,5,9,1,1,19,5,16,10,10,0,3,22,8,31,3,8,2,4,10,0,6,10,1,5,0,3,8,8,0,4,1,9,0,36,17,2,21,0,0,0,5,5,26,77,2,4,14,7,3,2,10,4,24,18,0,4,33,4,1,5,9,0,13,3,1,3,27,6,27,12,5,1,41,4,2,2,2,2,14,3,1,16,19,3,19,1,4,17,30,6,5,1,1,14,10,11,3,0,1,3,3,8,21,7,0,6,13,9,3,9,5,3,11,1,17,9,0,5,1,3,52,4,11,1,9,1,12,0,37,44,25,28,14,3,9,0,8,4,5,7,8,9,23,18,36,2,2,9,5,6,1,8,14,18,6,8,5,0,7,14,17,2,0,2,15,15,0,19,14,4,1,4,9,15,8,12,23
"1",17,8,0,3,20,0,17,19,13,2,3,22,28,4,7,6,4,2,15,28,1,28,16,18,1,1,10,8,34,1,0,5,2,6,22,2,30,26,1,14,1,2,2,15,10,7,2,10,35,3,18,0,5,8,4,5,0,36,1,3,1,12,1,0,5,2,19,26,25,21,0,21,2,6,6,2,2,13,7,19,4,9,8,0,6,17,3,2,1,7,1,15,7,9,40,0,5,2,18,8,6,7,7,0,5,21,1,0,14,0,0,24,23,6,3,2,0,11,2,2,0,0,16,1,0,18,10,9,12,3,1,1,4,10,0,7,0,21,2,32,1,5,1,8,3,2,22,7,9,6,9,0,3,19,20,22,0,2,6,4,9,0,7,14,3,2,3,7,9,7,1,9,0,4,0,23,21,6,23,0,2,0,8,1,25,50,2,5,17,8,8,4,4,2,15,9,0,4,23,2,0,3,8,2,11,1,0,1,14,5,46,7,1,1,44,1,0,6,2,4,2,2,0,24,17,8,14,1,5,10,20,6,3,4,2,11,17,4,1,2,2,1,8,7,15,7,0,17,13,4,6,5,3,2,9,0,14,12,0,6,4,0,33,5,14,4,7,2,5,0,25,39,27,16,9,0,22,2,12,3,5,7,3,8,30,28,56,2,2,9,2,9,6,12,12,20,6,6,6,1,3,33,7,0,1,0,9,19,1,24,9,1,2,6,11,10,10,8,23
"1",18,5,5,3,16,2,21,11,11,3,3,36,21,5,10,0,4,0,12,28,3,32,9,13,3,1,12,5,64,3,1,3,2,11,32,3,18,24,0,11,1,4,1,24,19,5,3,10,22,1,33,1,2,4,3,2,0,29,5,11,1,19,4,0,2,6,14,29,18,23,1,33,1,0,11,0,1,7,6,20,13,8,20,2,11,18,5,3,0,18,3,12,6,7,47,3,11,2,19,32,11,6,19,4,3,38,0,1,16,2,1,40,22,6,2,3,0,5,1,1,1,4,11,2,2,12,8,6,6,4,1,0,2,13,1,15,1,27,1,27,3,8,7,15,1,1,14,8,6,20,9,3,1,28,19,22,3,4,2,5,14,1,11,12,3,8,5,10,9,14,1,7,2,7,0,28,16,3,10,0,2,1,1,2,36,54,1,1,21,7,10,3,8,3,19,15,1,1,25,4,0,5,11,1,16,2,0,5,19,8,46,7,0,2,25,1,2,10,0,1,18,5,0,13,14,2,12,1,4,7,23,7,7,4,0,11,27,4,0,3,2,0,6,13,18,5,1,17,19,4,3,6,2,6,6,2,25,14,0,4,3,1,34,2,15,4,1,2,10,2,31,38,25,22,11,3,16,2,10,2,8,7,10,7,12,16,43,0,2,7,3,7,1,5,16,19,0,6,3,2,5,19,13,3,0,1,13,12,1,10,18,2,1,1,6,9,13,1,18
"1",23,6,4,7,21,1,14,13,15,2,2,20,21,3,10,4,8,1,16,29,2,34,11,12,1,0,7,6,34,2,2,3,6,5,20,3,21,19,3,12,4,10,1,28,14,7,0,6,24,1,24,0,3,5,3,4,0,20,2,8,4,13,3,1,1,2,13,37,31,29,0,28,4,2,3,1,5,12,7,25,3,8,7,1,11,18,2,3,0,8,5,13,7,5,48,2,1,4,18,8,17,6,10,2,0,32,1,0,9,3,0,26,41,9,3,8,1,5,8,1,1,5,14,1,1,14,10,5,5,3,4,1,1,9,1,19,2,21,0,19,0,2,5,11,2,0,23,13,10,13,13,2,3,31,3,30,5,7,0,4,22,1,7,12,0,2,2,10,7,8,0,5,0,13,4,34,7,3,17,0,0,0,7,1,23,69,5,6,17,4,4,5,11,4,15,9,5,3,17,5,1,3,2,0,12,1,0,5,18,2,39,7,1,2,46,0,3,6,2,4,11,5,1,19,25,1,23,0,7,8,19,2,3,2,4,8,18,8,4,4,3,0,7,9,20,4,4,19,11,0,1,6,8,8,5,1,26,10,2,3,3,0,40,4,20,2,8,2,5,0,32,27,19,14,13,3,12,4,5,1,4,5,8,5,19,22,33,4,2,6,1,4,1,8,18,25,4,4,5,1,0,22,28,1,2,0,13,13,1,16,12,0,0,3,2,4,14,6,12
"1",17,3,4,8,20,1,21,11,6,4,0,28,28,4,12,3,8,0,10,26,4,45,15,18,0,1,7,5,39,3,0,7,0,6,23,5,21,26,3,13,0,4,3,17,13,4,1,3,25,0,7,0,0,3,1,3,2,13,6,11,2,15,8,1,1,7,17,29,18,16,0,24,2,2,6,2,2,15,12,18,2,7,5,3,13,16,3,1,1,5,3,10,7,1,27,2,2,2,15,12,14,6,12,1,3,31,1,0,13,1,0,36,15,6,5,1,2,5,1,1,1,4,13,0,2,22,5,7,9,4,4,0,3,6,1,8,1,20,1,16,0,6,0,13,3,1,10,5,17,10,3,4,3,24,8,31,1,2,2,3,10,1,4,15,1,4,3,9,5,4,0,4,2,1,1,28,14,3,27,0,3,1,0,2,30,61,3,9,12,10,8,2,4,4,16,14,1,4,14,2,1,3,11,0,14,3,0,1,25,5,20,10,0,3,48,0,1,7,3,3,8,1,1,20,27,1,21,0,6,3,18,6,5,1,2,14,25,10,1,2,1,1,2,8,18,4,0,14,16,8,5,10,10,8,5,3,25,19,4,2,0,2,43,7,18,4,5,6,6,0,31,19,19,31,8,0,21,5,9,3,5,7,2,6,28,21,31,4,3,2,2,3,2,12,26,17,2,4,1,1,2,23,25,1,0,1,18,18,1,29,15,4,1,0,8,8,7,14,4
"1",9,5,2,4,35,1,18,15,5,2,2,20,14,11,11,1,11,0,13,25,2,18,13,18,0,1,11,3,44,3,3,6,4,13,30,0,14,22,2,25,6,9,0,24,12,9,1,0,18,1,18,0,0,6,0,4,0,23,4,9,1,9,1,0,2,3,16,31,20,33,0,47,0,5,8,0,4,15,9,23,1,4,16,0,20,20,1,3,3,6,0,17,8,9,46,0,8,5,22,20,9,4,9,2,0,22,2,1,9,0,0,36,15,8,1,5,1,5,8,1,1,2,13,1,4,11,4,9,4,4,2,0,3,7,0,16,0,21,1,23,2,4,5,8,1,0,22,4,12,16,13,0,1,25,3,22,1,1,1,2,7,2,6,7,2,1,3,9,6,6,0,4,0,2,1,25,25,11,28,0,2,1,2,3,21,52,5,9,17,6,7,1,4,7,16,20,0,1,23,4,1,4,8,0,7,0,0,4,29,6,42,10,1,3,41,0,3,7,2,5,10,2,0,20,18,1,14,1,6,13,18,3,3,0,1,12,18,9,1,2,2,1,4,6,17,8,1,14,8,11,3,5,7,5,10,0,30,14,2,8,3,1,34,4,10,4,10,2,6,0,27,27,25,16,20,1,25,1,15,1,5,4,4,10,32,19,21,4,2,4,1,5,3,10,17,29,3,7,6,4,1,26,10,0,0,1,15,21,1,25,18,2,0,3,15,6,14,12,12
"1",13,6,2,6,19,3,18,20,7,5,0,27,14,3,10,4,5,2,7,21,4,26,15,14,2,1,9,2,40,2,1,6,2,12,21,5,10,19,4,8,6,6,3,20,14,7,3,4,26,0,22,4,3,14,0,3,1,26,8,6,1,10,3,0,0,3,20,25,22,24,1,29,2,1,6,0,2,11,11,10,8,6,11,0,11,23,1,0,4,3,0,7,9,11,32,0,10,4,16,13,9,4,9,0,1,27,6,0,13,2,1,40,20,6,2,3,3,5,3,0,0,2,11,2,6,11,2,2,12,3,0,1,1,15,1,14,2,24,0,26,0,2,0,13,1,1,25,7,12,10,11,2,0,27,8,23,3,9,1,4,8,0,7,11,1,2,2,13,6,4,0,12,2,1,0,30,21,5,21,0,0,0,3,0,22,56,5,12,17,16,3,3,5,1,11,15,2,3,23,1,3,2,5,0,11,4,0,4,16,11,31,11,1,2,50,0,3,5,1,5,6,1,1,15,21,3,21,0,3,5,17,2,3,0,1,13,20,4,2,1,1,1,6,6,20,5,1,22,9,7,3,11,5,4,6,1,36,12,0,7,1,1,32,7,15,3,6,3,3,0,24,29,33,23,8,2,21,4,6,1,6,9,11,9,28,15,30,4,2,5,4,9,4,7,16,27,6,4,7,0,3,20,7,2,1,3,15,17,1,14,9,1,0,1,11,2,11,10,16
"1",17,8,0,6,19,1,15,17,5,2,3,39,18,5,8,3,6,0,10,27,6,41,16,17,1,0,8,2,34,8,1,13,4,9,28,0,16,23,2,7,0,13,4,23,15,7,3,6,29,1,14,1,0,12,2,0,5,19,1,4,0,10,2,0,1,2,10,31,12,28,4,29,1,2,10,0,0,19,6,13,4,2,8,2,9,11,1,5,1,10,3,20,9,3,34,2,9,3,11,15,11,5,9,0,2,23,0,2,17,5,0,30,31,10,1,3,1,9,2,2,0,3,11,0,1,17,9,12,10,2,1,3,3,10,2,10,6,19,0,27,5,5,2,9,2,1,21,3,9,10,7,4,0,30,6,23,3,5,1,2,11,1,7,7,1,1,3,8,5,11,0,4,0,3,0,21,20,1,19,1,1,1,6,2,34,48,6,7,12,11,5,1,1,2,19,8,2,2,24,6,0,0,6,0,10,1,0,3,18,6,25,7,3,2,40,0,3,9,3,1,10,2,0,14,22,4,25,0,6,2,26,3,4,2,2,14,26,5,1,4,1,4,3,7,18,6,0,21,10,3,2,11,3,8,4,1,23,12,0,9,1,1,35,1,18,3,3,2,7,0,23,24,19,24,8,0,19,4,12,5,6,5,8,9,20,14,34,2,4,10,3,3,1,13,12,31,6,5,7,0,3,18,14,4,1,2,16,20,3,13,21,0,0,0,5,7,6,15,10
"1",16,4,3,6,18,1,17,15,17,3,0,22,14,2,15,4,6,0,6,18,2,27,15,22,4,1,5,7,45,2,3,4,1,9,12,0,23,23,3,21,2,3,1,26,11,4,1,6,34,0,33,2,5,7,5,0,5,28,5,4,3,13,4,1,7,6,16,28,25,28,2,32,1,0,11,1,1,15,6,24,11,5,6,3,13,18,1,2,2,6,2,10,10,6,39,0,6,6,8,13,13,2,10,1,3,26,2,0,11,2,0,37,17,9,5,1,1,7,2,2,1,5,2,3,2,11,6,5,4,16,4,1,3,22,0,12,1,16,0,38,0,1,1,6,2,0,21,10,17,16,12,0,1,17,12,19,5,8,4,8,3,0,2,11,1,12,4,13,2,6,0,6,2,2,0,25,19,2,16,1,2,0,4,4,28,63,10,5,4,5,4,1,4,3,16,14,0,1,24,3,1,3,8,1,15,5,0,1,23,7,22,4,2,4,37,0,3,6,3,1,3,5,0,25,14,2,20,2,8,5,26,3,1,0,1,9,21,9,1,7,0,2,2,12,23,8,0,19,9,9,6,10,7,4,3,2,25,12,5,6,1,1,27,6,18,2,9,3,9,1,15,31,26,25,11,1,16,3,15,1,6,5,5,9,29,18,38,4,0,4,5,4,1,7,18,17,1,4,4,3,5,20,12,3,0,3,10,16,2,18,21,1,0,2,11,5,11,5,26
"1",20,7,3,4,19,1,19,19,14,4,0,21,15,10,8,6,2,1,15,23,5,28,23,21,3,0,13,5,62,6,3,2,0,9,21,2,23,30,3,18,3,5,1,26,18,8,1,3,31,2,17,0,1,7,3,0,1,45,2,13,1,14,5,3,2,5,25,20,20,31,2,25,2,2,8,1,2,17,13,11,6,6,3,1,9,26,5,5,0,4,2,17,12,6,45,0,14,4,17,28,15,5,10,1,2,21,0,1,9,2,0,29,13,12,3,1,1,8,0,1,0,3,8,0,2,18,10,10,2,3,4,1,3,9,0,19,1,17,1,23,1,1,8,13,3,0,24,8,9,12,12,1,2,19,6,15,6,3,2,4,11,3,7,12,5,3,2,13,8,2,1,9,0,2,0,33,29,2,22,2,3,0,4,2,27,61,5,1,15,5,6,0,5,3,18,19,2,3,15,7,0,4,3,1,11,1,0,4,16,9,30,14,3,1,48,3,3,8,4,7,16,5,1,18,28,2,27,0,8,10,24,2,2,1,2,6,20,7,3,3,2,1,7,8,22,3,1,17,7,7,1,3,8,3,10,3,18,9,4,4,1,2,42,5,19,2,6,2,4,0,20,30,11,19,9,1,17,2,7,3,3,5,5,3,31,15,41,0,6,4,2,6,1,3,18,26,4,8,1,2,0,27,13,2,3,1,14,15,2,22,12,0,0,2,12,9,8,8,21
"1",13,1,1,4,29,2,20,10,6,1,1,25,3,3,9,2,2,1,10,18,10,32,18,25,0,2,4,3,51,1,2,5,3,13,18,0,22,36,3,11,3,10,1,27,11,9,1,4,34,0,30,5,2,15,0,2,0,26,5,6,1,22,2,4,0,5,11,21,21,22,0,47,1,0,5,1,1,16,14,12,8,7,9,2,8,24,6,1,1,11,5,15,11,12,28,1,10,3,15,16,11,4,11,0,2,31,1,2,11,0,1,21,15,7,4,5,0,8,2,0,2,4,19,0,2,9,8,9,9,9,4,1,2,10,1,7,5,15,1,20,0,6,7,11,5,0,18,8,10,7,13,3,1,27,7,28,2,7,3,3,13,3,7,19,0,3,4,11,5,5,0,3,0,8,1,24,18,3,25,0,0,0,4,5,24,63,7,6,8,8,9,3,3,2,14,22,0,1,17,1,0,1,3,0,13,1,0,5,25,7,29,4,1,1,34,0,5,4,3,2,10,7,1,10,23,0,17,3,4,10,21,6,0,1,3,8,34,8,1,1,1,1,3,5,27,6,0,20,10,4,2,8,3,4,9,1,33,11,4,1,2,1,40,8,13,5,9,2,7,1,30,33,15,12,12,1,27,2,9,0,6,9,8,6,28,17,49,3,4,6,1,3,3,6,13,38,5,7,4,1,3,30,9,0,1,1,4,19,0,22,2,0,0,1,10,6,8,9,6
"1",7,0,2,3,18,3,21,10,7,0,0,18,25,3,18,2,1,0,10,33,5,28,20,13,2,1,7,1,53,1,1,5,3,10,18,1,19,17,1,12,3,3,4,14,21,5,1,6,19,1,37,2,2,6,1,3,1,40,3,10,1,8,3,0,5,3,9,23,14,18,3,29,0,3,4,0,1,5,11,17,6,11,11,3,15,23,2,0,2,9,3,19,7,10,33,2,5,2,8,14,19,0,8,1,2,30,3,0,12,4,0,32,19,3,1,3,0,13,3,1,0,1,6,4,9,16,4,6,10,4,1,3,3,16,2,17,2,16,0,38,4,2,3,8,0,1,17,6,13,4,10,3,3,18,6,30,1,6,0,3,11,1,8,11,1,6,5,7,3,6,0,7,1,6,0,24,15,4,16,0,1,2,3,2,18,52,4,12,22,6,4,3,5,3,20,21,2,1,27,6,1,3,11,2,11,4,2,6,29,10,26,17,0,0,49,0,4,6,7,4,12,2,1,20,19,6,21,0,3,9,26,1,7,1,1,13,20,8,0,1,0,0,6,5,22,6,1,16,9,9,4,12,4,3,6,0,16,11,0,6,3,0,19,2,15,5,8,1,7,0,34,21,24,13,3,2,21,6,11,2,4,5,3,3,30,19,34,8,4,7,3,6,3,9,14,20,2,2,5,5,3,16,10,1,1,0,16,22,0,20,17,4,0,3,10,5,11,8,9
"1",16,6,3,10,10,1,24,10,5,1,3,24,22,3,29,1,4,0,9,27,2,41,17,16,1,1,11,2,59,3,0,3,4,10,23,1,30,25,3,15,2,5,2,21,12,6,2,7,32,1,16,3,2,7,1,2,1,13,6,14,4,12,3,0,0,2,13,31,32,24,2,29,2,2,6,1,1,9,13,10,3,5,10,0,3,21,0,5,1,11,1,8,13,15,34,2,3,5,12,27,13,5,10,0,1,34,0,0,24,1,2,26,20,5,2,4,0,13,1,0,0,4,10,1,1,12,4,10,8,0,2,2,2,10,4,16,0,24,1,40,3,7,5,8,5,0,20,5,15,8,11,1,2,20,2,33,4,7,3,2,9,1,8,10,0,3,1,18,1,14,0,11,0,2,0,15,30,0,28,1,1,0,6,0,25,43,3,11,10,6,4,3,5,3,16,15,1,4,30,9,2,2,4,0,11,2,0,3,36,5,24,12,4,3,48,0,1,11,3,2,8,2,1,19,20,1,12,3,6,16,31,3,2,0,2,14,16,6,1,4,1,1,5,12,31,3,0,24,11,9,3,4,5,1,5,2,35,7,1,3,1,1,19,6,19,4,7,1,6,1,28,25,28,24,11,4,16,2,5,0,4,1,5,7,30,10,24,3,2,12,2,6,0,7,11,20,2,7,5,3,3,28,13,1,0,1,14,17,1,18,12,4,0,3,13,8,7,3,6
"1",23,1,2,7,25,0,25,12,4,3,3,14,17,4,11,0,5,0,8,22,4,20,22,14,2,3,5,5,36,4,0,3,2,7,25,0,22,20,1,12,1,7,1,20,15,14,2,1,32,3,25,1,3,10,1,0,0,19,4,6,1,12,1,2,4,3,22,23,24,23,1,39,1,1,6,1,3,12,11,25,11,8,14,1,13,26,4,5,3,12,0,10,11,9,36,0,3,3,17,13,1,2,8,0,2,30,1,0,10,3,0,32,25,5,7,4,0,13,2,0,0,6,7,0,1,6,7,4,6,7,1,0,2,8,1,22,2,23,1,30,0,2,11,7,2,1,18,8,7,15,23,3,1,22,2,26,6,5,2,5,8,3,2,9,0,2,4,13,2,6,0,7,1,3,1,30,20,2,15,2,1,0,1,3,28,53,5,6,13,5,1,0,3,2,12,17,0,2,33,3,0,1,3,0,11,3,0,3,26,5,19,16,5,2,28,0,1,8,2,2,6,6,0,24,19,0,14,2,5,12,29,2,0,1,0,10,11,13,1,3,1,1,7,7,26,2,0,29,8,11,6,3,6,0,9,1,27,7,7,7,3,1,20,6,20,4,9,4,9,1,34,37,16,19,6,1,8,4,3,0,6,8,3,1,26,18,30,3,4,7,1,1,1,4,18,28,3,6,6,2,2,22,10,4,1,0,15,18,2,21,21,1,0,0,9,15,7,9,16
"1",13,4,1,9,30,0,18,18,12,0,3,22,20,4,14,6,5,0,14,16,4,25,11,15,0,1,10,10,39,3,3,6,1,9,25,0,24,37,7,15,2,6,4,17,14,14,1,5,30,0,16,1,1,4,4,6,1,34,3,7,0,11,2,1,0,3,19,22,22,28,1,27,4,1,8,4,1,21,13,23,5,8,7,0,8,22,3,2,3,17,1,18,8,13,44,0,3,9,16,18,14,5,15,1,2,19,4,0,10,4,0,31,20,2,0,4,0,7,4,1,1,2,11,0,4,8,4,10,6,4,3,1,2,8,1,10,4,23,0,32,1,5,4,12,3,1,15,9,17,16,13,4,1,37,4,18,1,3,0,1,12,2,5,12,1,1,6,5,3,4,0,10,0,3,1,25,22,3,23,0,0,0,1,0,26,58,2,10,18,3,8,4,6,4,17,12,1,1,19,2,0,2,7,1,8,1,0,3,22,10,28,7,2,2,41,0,5,7,3,1,10,6,1,17,18,0,15,1,4,15,13,1,2,3,0,12,17,15,0,3,1,3,3,3,20,10,1,18,9,13,3,6,7,3,14,1,25,8,3,8,6,1,35,5,25,3,5,3,5,1,38,36,15,18,8,0,16,0,2,3,13,2,7,11,36,16,52,3,6,5,0,8,5,5,8,27,0,2,7,3,4,18,8,0,1,3,7,23,2,22,16,0,0,1,9,11,7,13,26
"1",12,1,2,5,15,0,16,12,5,1,2,26,20,2,11,3,3,2,5,22,6,29,15,15,2,1,7,4,26,1,3,5,4,7,13,3,17,24,0,10,0,1,2,24,17,6,0,7,44,1,21,5,2,5,3,3,1,32,3,8,2,15,4,0,1,5,27,29,18,22,2,32,1,2,8,0,3,8,6,27,2,6,8,2,11,24,2,4,5,10,3,8,9,16,32,0,9,4,17,16,14,3,7,0,2,25,2,0,11,4,0,26,18,7,1,0,1,4,1,0,1,2,7,0,0,17,6,10,10,4,4,0,0,11,1,13,1,17,0,30,1,4,2,6,1,0,19,9,11,15,4,1,4,20,7,28,2,3,1,5,8,2,7,13,5,11,6,8,0,3,1,9,0,9,1,25,28,4,21,1,5,0,0,4,30,54,1,6,19,15,7,5,2,2,21,26,0,2,19,6,1,4,4,0,9,2,1,9,24,8,41,18,2,2,34,0,2,2,4,6,12,8,0,14,20,4,14,0,5,5,15,1,1,6,4,7,17,14,1,5,2,2,1,7,28,7,0,17,15,5,1,13,6,9,5,0,23,17,0,2,1,0,33,7,14,7,7,1,6,1,32,15,14,29,12,3,14,3,6,0,13,4,4,15,38,12,32,1,3,8,2,4,1,6,10,21,1,8,6,8,1,29,18,0,2,0,14,9,1,15,12,2,0,1,9,21,10,11,14
"1",21,4,1,3,21,0,8,18,4,3,2,28,25,1,12,7,5,0,9,31,5,26,14,9,2,0,8,3,45,12,2,11,1,6,18,2,20,36,0,11,2,3,1,33,21,6,3,5,25,4,23,3,0,6,5,2,0,19,2,8,1,8,2,1,0,8,17,21,27,32,2,40,1,3,3,0,1,6,11,28,6,11,8,1,20,19,3,3,3,11,3,12,17,7,36,1,7,0,17,14,17,6,6,1,3,20,2,2,13,3,0,33,19,9,3,3,1,2,7,0,1,1,8,0,5,11,4,4,7,6,3,1,4,7,2,18,1,17,2,19,0,4,1,17,2,2,26,3,6,14,8,1,0,18,9,14,1,6,1,6,9,0,8,14,3,6,8,5,3,8,0,6,2,5,0,22,11,2,15,0,1,1,1,2,21,58,4,3,21,6,9,2,0,2,10,18,0,5,13,7,3,3,10,1,16,2,1,4,19,4,42,9,3,3,45,1,5,8,4,5,8,2,1,14,18,1,17,1,11,11,25,1,6,4,3,18,30,5,1,4,1,5,6,6,23,8,1,16,12,7,4,7,3,4,7,2,23,12,3,2,3,4,31,6,18,3,4,1,14,0,28,32,13,20,13,7,17,2,9,1,5,1,6,8,28,11,26,1,1,3,1,5,2,10,19,11,3,2,5,4,1,22,9,0,0,1,7,19,0,18,15,0,1,4,6,6,7,15,21
"1",10,2,1,3,20,0,17,16,8,1,0,38,28,1,12,3,9,1,10,16,4,21,16,11,1,0,10,5,40,2,2,4,2,6,24,4,27,21,3,17,8,5,3,21,10,12,1,9,22,2,21,1,3,4,3,6,4,26,3,5,1,7,0,1,1,0,14,18,13,29,0,39,4,2,6,3,0,7,9,13,12,5,2,0,10,18,4,3,1,2,1,10,6,5,36,1,12,3,16,18,13,6,3,1,4,26,3,0,12,2,0,28,20,5,1,0,0,3,0,0,0,5,8,3,3,16,2,5,6,7,2,1,0,11,0,12,0,16,1,17,0,1,5,6,2,0,24,7,11,17,11,2,0,27,3,22,7,8,3,2,8,2,8,6,3,3,9,9,3,8,0,7,1,5,0,23,16,1,14,0,2,0,4,1,20,42,5,10,12,10,2,2,1,3,22,18,0,2,18,4,2,3,3,3,10,4,0,8,17,8,35,14,1,2,40,0,1,3,3,4,8,3,3,40,15,3,11,0,6,8,13,2,3,2,1,22,22,9,1,2,2,3,1,2,19,9,1,8,15,9,1,13,7,0,9,0,19,14,0,7,4,4,21,5,17,4,13,3,8,0,22,35,12,10,13,2,17,1,9,3,6,4,3,5,30,16,26,2,1,6,3,4,0,5,14,16,3,6,1,3,3,21,8,0,1,1,6,12,1,15,19,1,0,1,6,12,16,11,16
"1",22,2,1,4,16,0,12,7,14,2,2,26,21,6,17,2,9,1,14,30,1,36,20,17,1,2,6,1,37,3,0,2,6,8,17,2,38,20,3,18,4,6,7,24,15,10,2,6,21,0,13,1,0,9,2,5,2,36,4,4,0,16,3,1,4,9,18,24,22,19,1,29,2,0,8,2,5,10,17,9,10,12,6,0,12,7,4,3,6,9,8,17,10,11,44,1,11,4,18,13,13,5,6,0,1,27,2,2,12,3,0,28,23,7,4,1,1,6,3,1,0,9,12,3,3,12,6,9,9,3,3,0,2,12,3,15,3,18,0,23,5,3,6,5,4,4,26,1,13,11,8,4,0,25,1,29,6,5,2,2,9,0,4,13,1,1,2,10,3,10,0,7,0,8,1,25,18,2,23,1,1,0,1,0,25,52,2,3,14,9,7,3,6,1,21,16,1,0,18,4,1,4,1,0,11,6,0,4,22,15,23,13,2,2,51,2,4,4,2,4,12,3,1,12,19,0,17,2,4,5,19,2,1,11,3,2,13,7,1,9,1,2,6,8,29,3,1,14,8,4,2,7,8,2,7,0,29,16,1,3,6,2,53,9,23,2,5,2,6,1,31,49,22,18,15,0,23,1,6,3,7,11,5,4,13,20,39,1,1,5,1,3,4,13,15,22,5,3,4,3,8,14,19,2,1,1,8,13,1,27,21,0,0,3,4,5,15,5,25
"1",15,4,3,5,25,0,13,17,10,3,2,24,18,6,14,3,0,0,14,29,5,25,8,16,1,0,5,4,38,4,4,4,2,5,24,0,22,47,3,17,3,7,4,14,11,3,2,4,25,1,12,2,2,12,1,3,3,28,2,10,0,17,0,0,1,7,14,26,25,23,1,19,1,2,8,2,1,16,9,13,6,10,9,0,14,21,3,7,3,10,2,17,10,5,38,0,5,7,18,6,10,4,3,4,3,23,2,2,4,3,1,30,18,6,2,3,0,9,3,3,0,4,11,0,0,13,2,7,11,6,3,2,1,8,0,12,6,22,1,22,5,2,2,9,3,0,21,6,9,17,10,3,3,27,4,27,3,0,3,2,10,0,7,15,1,3,5,12,4,6,0,11,2,5,0,17,17,3,13,1,1,0,2,0,12,57,4,13,14,8,3,2,4,4,10,17,1,1,15,10,1,2,2,1,16,3,0,1,20,9,32,9,1,0,42,1,5,5,6,7,7,3,1,17,27,0,23,1,7,8,26,4,3,4,1,9,22,9,0,0,1,1,4,7,20,5,0,10,3,6,3,5,4,6,4,1,33,13,2,6,2,2,28,4,33,2,15,2,5,1,34,34,22,10,11,1,16,2,4,4,3,12,7,7,22,17,44,2,5,7,1,4,0,9,17,26,2,5,4,2,3,31,10,1,1,5,21,18,2,21,24,2,1,0,8,12,9,7,21
"1",13,6,1,6,26,0,13,11,4,1,1,23,11,6,12,1,4,0,9,25,6,29,16,21,1,0,7,1,55,7,2,5,3,7,22,1,20,26,3,9,3,4,5,27,7,5,0,0,22,0,26,0,5,11,1,2,2,17,5,6,0,13,0,0,2,2,25,25,19,30,2,35,1,1,5,2,2,19,11,20,3,3,8,1,10,20,4,2,1,13,1,8,9,8,52,2,6,3,15,19,10,3,4,0,1,20,1,2,12,1,0,32,23,9,4,1,1,8,3,1,1,1,14,1,2,10,5,2,4,5,6,1,6,14,0,11,1,24,1,24,6,4,5,10,3,1,32,1,12,15,7,1,1,18,8,32,0,4,2,3,12,1,8,20,0,2,4,10,3,3,0,3,1,4,0,28,22,0,17,1,0,0,3,0,23,68,7,7,20,9,11,4,1,4,5,12,2,3,25,3,0,3,4,3,15,1,0,3,22,3,26,6,3,1,27,0,6,2,7,2,11,4,0,26,11,1,15,4,14,9,15,1,6,3,0,8,24,5,0,7,2,1,12,7,17,6,0,18,9,5,5,1,11,2,4,3,28,10,0,8,1,1,27,7,14,0,11,2,6,1,24,42,26,20,6,1,24,6,7,4,4,7,8,2,16,16,24,0,1,4,0,6,0,11,27,25,8,2,3,3,1,32,8,2,2,1,19,13,2,23,19,1,0,2,15,11,12,14,17
"1",10,6,1,6,13,2,27,17,8,0,1,31,17,3,15,3,9,1,15,24,0,33,18,19,1,1,7,8,44,2,6,7,2,5,19,4,29,27,2,12,1,7,6,26,13,3,2,6,32,0,34,2,7,10,1,2,0,29,1,10,0,13,1,3,1,5,11,24,31,21,3,27,4,0,8,2,1,12,9,20,6,7,16,0,9,26,3,2,0,9,2,13,13,5,51,2,6,2,24,18,11,6,6,1,4,29,3,1,14,1,0,28,23,7,4,3,1,7,0,1,1,6,16,1,1,12,8,9,9,4,3,0,3,13,1,11,1,18,1,27,7,1,5,20,1,1,15,3,15,8,6,0,1,34,3,36,0,5,1,2,7,1,5,1,0,2,5,11,1,5,1,7,2,4,0,36,23,4,17,1,2,0,1,2,23,64,5,5,17,3,7,3,14,3,16,13,3,1,23,10,0,3,7,2,5,2,0,0,18,6,28,13,0,1,46,0,10,3,6,1,15,1,1,14,22,0,13,0,6,5,36,4,1,1,2,17,21,6,2,4,4,0,3,3,29,10,1,32,13,8,3,4,6,4,8,0,38,11,1,4,0,2,42,7,10,5,7,2,3,0,21,45,28,18,13,0,21,5,6,3,3,3,15,7,21,20,42,4,4,11,2,7,1,7,17,20,3,4,6,4,6,32,11,0,1,0,14,15,1,15,14,1,1,2,12,5,13,11,22
"1",13,1,3,2,28,1,24,14,7,2,0,38,14,7,13,3,2,1,13,18,0,28,23,19,1,0,13,9,63,1,4,9,2,8,27,1,26,39,6,23,5,8,3,18,10,5,0,11,29,1,23,2,2,10,3,1,3,28,2,5,1,9,1,1,1,7,17,25,14,22,1,28,1,2,5,0,2,9,8,21,7,4,17,0,19,18,2,2,1,6,2,16,15,6,32,5,4,3,15,20,12,8,1,2,2,27,1,0,15,0,1,23,21,5,2,1,0,10,2,2,0,4,6,2,1,16,6,11,8,5,1,3,0,12,2,10,1,23,1,14,1,5,4,15,3,0,25,4,9,14,7,2,2,22,7,20,2,3,1,1,13,2,5,9,0,3,2,4,5,5,0,6,2,5,1,19,21,2,16,1,1,0,3,1,19,50,10,9,14,12,1,1,4,4,21,15,2,1,27,8,5,2,5,0,12,1,1,4,17,11,25,18,2,0,29,1,5,11,3,1,10,4,1,28,24,2,18,8,4,8,16,4,2,1,3,10,12,13,1,4,3,0,5,11,17,2,0,11,16,5,2,18,11,3,7,1,28,15,1,8,4,1,30,6,9,2,2,3,7,0,22,33,18,15,11,0,15,4,8,7,6,4,18,12,22,15,40,3,6,10,0,5,2,10,9,28,2,9,2,4,5,27,6,0,0,5,19,17,3,20,24,2,1,2,7,14,18,12,18
"1",20,5,3,4,19,1,14,14,11,0,3,33,19,2,15,4,1,0,14,24,2,29,18,14,2,0,4,5,42,3,1,1,2,9,36,3,30,32,3,10,1,10,0,37,15,6,0,9,29,0,17,4,0,6,1,4,6,23,3,6,0,17,4,0,0,3,19,29,26,33,3,38,1,2,8,1,5,10,14,21,5,4,14,3,8,18,3,0,0,6,0,16,7,15,37,0,8,3,9,17,19,3,5,0,1,28,2,0,8,0,0,34,19,7,3,3,0,8,6,2,2,3,9,2,1,18,6,9,8,4,3,0,2,12,4,19,4,27,1,25,0,2,3,17,1,0,24,10,10,14,11,1,2,24,9,17,3,9,0,6,6,1,5,12,2,1,4,10,2,2,1,10,0,3,1,30,21,1,14,1,0,2,2,2,20,64,4,2,16,6,3,2,2,5,24,17,3,2,16,6,1,5,4,0,7,3,0,4,17,14,26,12,1,1,39,1,9,2,7,3,6,3,0,22,21,0,27,4,4,11,13,3,7,1,4,13,11,9,0,2,2,0,2,15,26,4,1,20,9,11,0,9,8,0,7,0,23,11,1,8,6,5,39,7,14,3,9,3,7,0,28,31,23,18,11,0,11,6,10,2,6,5,9,7,31,17,44,1,1,6,3,5,2,9,17,25,3,0,9,3,0,26,8,1,3,3,14,19,2,22,15,1,4,2,15,14,7,10,20
"1",14,3,1,9,12,2,9,17,6,1,0,13,19,4,11,2,8,0,15,36,3,19,13,18,0,0,9,5,34,7,0,4,3,11,36,0,18,23,3,13,1,10,3,19,20,9,2,2,23,4,21,3,0,7,0,3,0,33,8,6,3,15,2,1,1,5,16,27,35,37,2,34,1,2,8,4,1,10,5,21,5,2,18,0,13,24,3,4,2,11,2,17,10,14,49,0,10,2,15,14,13,4,11,1,2,32,3,0,15,2,0,32,21,7,0,3,2,5,6,1,0,2,9,3,0,18,10,10,9,6,4,1,3,14,1,19,1,25,1,25,3,4,2,19,4,0,18,5,6,8,5,2,3,25,3,29,2,1,0,2,8,3,11,10,3,2,0,9,4,9,0,10,0,2,0,28,20,3,23,1,0,1,3,2,21,59,4,7,22,6,4,2,6,5,16,14,0,2,14,5,0,1,2,3,11,1,0,3,18,9,26,22,1,1,37,2,6,8,3,3,5,0,1,17,28,0,18,2,3,13,26,3,5,3,1,8,26,15,0,6,0,2,5,7,16,1,1,11,11,4,3,4,7,6,5,0,34,13,2,4,4,5,35,3,24,1,12,4,1,1,33,47,20,28,7,2,13,9,10,2,7,3,10,5,16,14,42,0,4,8,2,7,0,11,6,38,4,3,3,5,1,29,6,2,0,5,8,15,3,14,12,0,2,2,8,4,16,13,11
"1",30,7,2,3,14,0,13,9,7,2,4,30,17,6,8,3,3,1,14,21,4,29,19,10,1,0,19,4,58,6,1,6,2,15,17,0,21,28,2,5,2,7,0,23,9,8,1,8,17,8,15,0,3,6,4,1,1,22,3,8,2,13,4,0,1,4,18,18,23,23,1,37,0,3,5,1,1,12,15,13,4,6,11,0,12,13,1,2,3,4,2,23,13,6,40,0,11,5,17,13,9,3,5,1,2,35,2,0,16,0,0,36,13,18,4,3,0,8,3,0,0,5,7,0,0,19,7,11,14,11,0,6,5,7,1,15,1,21,1,22,3,4,4,11,0,0,23,4,12,20,12,1,2,25,15,11,5,9,0,2,13,2,3,21,1,5,6,6,1,4,0,4,0,2,1,27,16,8,12,1,0,0,4,3,36,64,5,3,21,8,10,2,2,1,7,25,1,3,22,4,2,3,1,0,11,4,0,4,21,14,32,14,2,3,42,0,1,4,1,0,8,7,1,16,17,4,16,3,6,1,20,4,4,0,1,13,14,10,1,8,1,0,4,5,19,5,1,10,14,8,11,7,10,2,3,0,23,10,2,5,2,0,37,11,11,0,7,2,7,0,35,51,25,15,15,1,17,5,5,3,8,6,7,8,24,15,36,0,2,6,2,7,1,4,17,25,5,4,3,2,4,28,8,0,0,0,8,26,1,18,17,2,1,1,5,18,9,7,17
"1",15,6,1,0,17,0,16,19,5,1,3,25,31,4,13,3,5,0,13,24,2,19,11,11,2,1,15,3,55,1,7,1,5,10,28,0,27,21,1,18,0,10,4,19,13,13,3,5,15,1,16,3,1,6,0,5,0,31,4,8,0,13,5,2,1,3,9,21,20,29,3,32,1,5,6,1,1,9,5,12,7,7,8,2,13,8,3,2,3,2,3,19,10,18,40,0,9,1,14,13,11,1,10,1,2,25,4,2,15,4,0,20,17,8,2,3,2,2,1,1,0,9,16,1,0,24,6,14,14,1,4,0,2,8,0,13,3,19,0,31,2,0,7,12,1,0,23,14,9,5,5,0,1,42,6,26,3,5,4,1,5,0,15,8,1,3,3,16,0,5,2,3,0,2,1,32,24,6,22,1,2,1,0,0,18,60,4,4,18,9,3,4,5,4,18,16,1,3,25,8,0,3,2,2,8,1,1,3,20,9,27,8,0,2,32,1,7,7,6,4,5,3,0,23,16,1,15,1,5,10,23,2,8,2,2,13,14,8,2,2,1,1,6,3,25,3,0,13,11,4,4,11,4,8,3,3,30,13,6,6,3,1,40,5,15,3,4,2,9,2,33,24,17,19,13,0,20,2,5,3,12,10,2,5,28,13,30,3,5,5,0,2,0,9,14,20,3,4,2,6,1,39,15,0,1,2,12,17,2,16,14,1,2,1,6,12,10,7,23
"1",12,4,2,2,23,0,15,20,8,0,1,21,22,5,17,0,3,0,15,23,2,19,12,22,1,0,9,3,64,3,1,1,1,18,24,1,21,29,5,8,5,7,7,34,12,7,0,3,30,2,22,4,1,6,3,3,0,22,4,6,2,11,5,0,2,3,16,23,17,30,1,27,2,3,9,0,2,6,13,17,6,5,11,1,5,16,1,9,1,7,1,15,6,13,30,1,12,7,8,19,8,8,7,2,1,37,7,1,14,5,0,27,25,6,0,2,0,3,5,0,1,2,13,1,2,16,3,7,4,1,4,1,1,11,0,9,1,21,0,29,2,4,4,12,1,1,19,4,8,18,7,1,2,31,10,33,4,8,5,3,9,1,5,12,0,2,3,6,1,5,0,13,2,1,0,31,18,7,13,1,1,0,6,3,31,65,13,6,13,11,8,2,3,2,15,12,1,4,20,4,0,5,5,0,10,1,0,7,22,8,29,20,2,1,40,5,1,5,1,5,5,2,0,23,20,0,27,0,12,8,20,2,4,1,0,9,21,5,0,4,0,1,6,11,29,7,2,18,8,5,3,8,6,7,5,1,17,9,0,7,2,2,30,4,24,3,10,5,8,2,25,56,18,21,11,3,17,4,5,2,3,3,14,11,37,25,44,1,2,6,1,7,1,9,23,15,5,3,6,6,4,30,4,0,0,1,16,21,1,14,19,2,0,5,1,6,16,6,27
"1",11,8,5,5,16,0,14,22,16,2,2,34,14,11,17,4,8,1,14,17,2,34,15,17,0,2,7,6,43,4,0,7,9,10,18,1,27,37,4,17,1,6,2,23,19,7,1,11,36,4,7,0,0,4,3,4,0,29,3,13,1,14,2,1,2,4,15,23,27,23,0,42,1,1,7,0,2,12,8,9,10,1,8,5,8,17,2,2,0,7,2,18,10,6,49,0,9,1,16,13,6,6,8,0,4,28,1,1,14,4,1,45,31,5,1,0,0,3,5,2,0,6,11,1,3,12,7,4,8,3,0,2,2,19,3,13,1,16,1,26,2,3,5,13,1,1,21,12,11,13,10,1,1,27,11,24,5,4,5,4,7,5,3,16,2,3,1,10,0,2,0,8,0,5,0,31,24,2,19,1,0,1,9,1,30,45,5,10,17,5,6,3,3,3,11,14,0,1,17,7,0,4,5,1,6,1,1,3,23,9,26,11,0,0,39,2,3,2,5,2,10,4,1,24,28,3,10,1,4,6,28,2,2,1,1,12,19,5,1,3,0,4,6,10,21,6,0,22,11,6,4,6,9,5,3,1,28,10,1,6,1,1,29,3,22,0,9,2,8,0,26,24,19,23,8,3,11,2,7,1,3,1,13,2,30,18,24,2,6,9,0,4,1,5,19,24,2,2,9,8,4,20,9,1,1,1,17,8,1,32,7,1,0,1,6,6,9,12,14
"1",14,6,3,2,30,1,16,16,4,1,1,42,23,5,12,2,9,0,9,29,2,28,23,23,0,2,3,5,57,5,0,2,0,7,24,0,21,46,1,10,2,8,2,17,16,9,1,6,30,3,24,1,2,6,2,1,1,17,5,7,0,9,5,0,1,6,11,20,25,22,0,33,5,1,5,2,1,12,11,11,9,2,5,1,12,27,1,7,3,7,2,7,12,12,46,1,7,6,18,12,8,4,9,1,3,24,1,1,9,3,0,43,20,10,2,1,1,7,1,1,2,6,9,1,0,11,4,9,7,1,2,0,2,8,4,12,0,21,1,29,0,3,5,19,2,1,23,3,9,5,14,1,2,28,5,12,3,3,4,6,10,2,6,10,2,4,3,14,3,6,2,4,1,3,0,33,11,3,14,0,0,0,3,0,24,44,5,17,14,4,6,0,7,7,11,11,0,4,29,5,0,4,16,0,13,2,0,5,11,2,35,13,5,1,51,1,5,7,2,4,4,4,3,18,19,5,25,4,4,7,26,2,0,2,0,18,12,8,0,5,3,4,3,5,13,5,1,25,7,10,9,7,8,6,7,0,25,7,4,5,0,0,27,10,14,0,14,6,5,0,25,31,24,15,10,4,21,4,10,4,5,5,8,9,27,13,45,0,3,4,1,10,1,6,17,29,2,6,8,5,6,31,8,0,3,2,13,24,1,14,9,0,0,1,8,6,17,8,20
"1",18,3,2,4,29,0,11,23,4,2,1,25,32,4,14,1,5,0,12,21,0,18,15,23,3,0,6,3,37,4,0,8,0,15,21,2,24,21,5,14,4,5,1,14,14,6,1,3,22,2,17,1,0,6,6,4,5,36,3,6,2,15,1,4,5,4,21,30,23,26,3,31,0,5,8,1,2,16,8,17,7,5,18,1,5,10,5,8,1,17,0,15,10,8,34,0,6,2,14,13,12,5,6,1,4,30,2,1,11,1,0,28,23,4,3,0,0,8,2,0,1,1,7,1,1,22,9,13,12,5,2,0,5,5,0,9,2,20,0,26,0,7,6,7,2,0,22,11,7,12,16,3,3,21,4,29,3,3,2,8,7,2,8,17,1,6,3,9,0,12,0,3,2,6,0,24,16,1,16,1,1,0,1,2,22,58,9,2,15,2,8,2,10,3,20,14,2,1,23,5,1,5,6,2,3,6,1,12,18,9,26,12,6,1,36,3,4,6,3,10,6,2,0,20,28,2,13,0,9,1,24,6,4,0,3,9,25,8,0,6,2,0,3,7,25,7,0,14,5,5,6,6,12,8,8,1,26,9,0,3,1,3,37,4,14,2,7,6,4,0,28,29,20,19,16,5,15,1,6,3,9,8,4,5,28,29,30,1,2,3,2,5,0,9,19,22,3,6,5,6,2,23,8,3,0,1,9,28,1,17,21,0,1,0,3,9,13,9,16
"1",21,1,1,9,17,1,16,12,6,1,0,20,21,4,20,1,3,2,11,26,6,21,17,24,0,3,2,2,46,4,3,4,2,5,41,1,26,25,3,17,1,7,1,19,4,7,3,12,38,1,34,0,1,2,1,0,3,26,3,6,3,12,1,1,0,1,16,29,24,27,1,29,0,2,1,0,3,16,15,15,3,4,9,1,17,31,4,1,0,10,0,13,11,4,42,0,7,4,16,16,11,4,6,1,1,28,1,0,8,1,1,17,19,4,1,0,0,9,3,0,1,5,6,0,1,13,3,11,3,4,1,1,2,7,1,9,3,20,1,19,0,2,9,8,3,2,22,3,11,8,20,2,5,24,6,37,5,4,0,4,8,0,5,16,1,2,2,4,1,5,0,5,0,4,0,27,17,2,14,0,1,1,3,1,32,52,7,10,16,8,6,3,5,6,18,14,1,2,29,5,1,1,6,0,8,2,0,4,17,7,25,13,5,2,44,0,3,5,5,7,10,4,0,21,12,0,20,1,8,11,21,1,4,4,0,9,23,9,1,2,1,2,2,5,11,4,0,23,12,10,0,13,7,2,8,0,33,8,4,4,3,6,29,3,15,2,5,1,9,1,23,28,31,18,9,2,13,4,4,3,6,3,8,3,28,15,53,1,0,5,0,5,0,4,6,27,3,3,2,5,1,29,10,4,0,2,22,20,1,15,17,2,2,0,4,9,12,9,14
"1",16,1,1,1,23,0,19,5,15,1,1,33,19,1,12,1,2,0,19,25,3,26,16,18,2,0,7,7,41,1,0,4,8,16,23,3,23,25,6,13,3,7,0,17,10,5,1,7,22,0,19,0,2,12,2,2,9,20,5,6,1,13,4,0,3,7,23,28,32,31,6,28,0,2,6,0,0,9,11,12,8,8,7,2,9,13,3,3,1,10,1,15,5,9,42,3,13,5,13,16,10,4,5,0,3,27,2,3,15,2,0,36,24,8,0,4,0,7,0,0,1,7,5,0,4,10,2,8,8,4,2,1,3,8,1,16,0,18,0,36,1,3,6,9,1,2,21,1,7,12,11,1,3,31,4,22,2,9,3,6,9,0,6,12,0,2,3,12,3,1,0,9,1,3,1,36,19,5,26,0,0,0,3,1,27,57,4,8,18,9,8,3,6,5,12,16,0,3,17,6,0,1,5,0,18,1,0,2,21,8,32,6,10,0,47,0,4,8,1,7,10,3,0,13,20,0,12,0,4,3,22,4,4,1,5,11,25,8,0,2,1,0,4,13,18,6,0,19,13,4,1,8,10,0,6,0,19,15,2,6,0,2,44,6,23,0,7,3,6,0,27,31,20,10,10,2,24,2,8,0,4,10,2,8,24,11,24,2,3,4,1,6,2,9,11,15,2,4,3,3,3,21,12,2,0,0,14,11,1,8,16,1,0,1,3,7,13,8,6
"1",21,0,2,3,16,0,13,20,10,3,1,35,10,9,11,0,3,0,17,35,1,13,22,24,1,0,7,6,50,0,0,5,1,4,18,0,20,26,4,15,3,6,3,21,16,8,2,5,29,0,22,0,6,6,0,3,3,25,0,12,1,14,3,4,5,11,15,30,26,31,3,18,0,2,0,1,2,8,12,13,5,7,8,3,6,15,1,4,0,8,0,15,13,7,34,0,4,3,9,12,15,8,7,1,1,21,0,1,17,3,0,22,22,10,2,1,0,5,3,1,0,5,6,0,1,15,3,13,9,7,2,0,4,8,2,9,2,19,1,26,2,3,6,12,1,3,22,12,6,7,9,3,3,25,6,22,2,5,1,5,5,0,4,14,0,0,4,12,5,4,1,7,1,2,1,23,14,6,14,1,1,0,2,1,36,61,11,9,19,8,5,3,4,3,19,12,1,1,15,4,0,4,4,0,9,0,2,2,17,11,25,15,2,1,45,4,1,5,2,5,6,1,0,14,22,3,22,1,13,9,17,4,6,1,1,13,16,12,0,0,1,4,4,4,19,2,1,13,9,6,2,5,5,7,5,3,31,3,1,9,2,0,27,3,16,0,8,1,6,1,21,26,17,18,8,2,19,3,3,0,3,7,4,8,15,12,33,0,4,5,2,3,2,7,19,22,4,1,7,12,5,17,12,0,3,2,13,19,1,19,6,0,0,0,8,10,6,15,15
"1",27,2,1,6,23,1,14,12,7,0,0,27,20,7,21,2,7,0,12,27,2,20,13,13,2,0,14,6,41,3,1,8,1,10,19,0,26,28,4,16,2,2,4,20,14,7,0,1,29,4,18,1,3,5,0,0,0,29,2,10,1,9,5,1,1,6,12,25,23,23,1,21,0,2,4,0,1,22,5,27,4,6,14,3,3,14,2,2,0,4,1,13,9,7,42,1,7,5,19,16,13,5,4,3,2,21,10,0,15,2,0,33,18,9,1,3,2,3,2,2,2,2,16,0,5,12,1,8,8,6,1,0,9,12,0,8,1,22,0,28,2,7,7,14,1,1,31,7,10,12,14,2,2,27,5,25,3,3,2,2,7,1,5,18,1,0,6,9,7,3,0,7,2,2,1,32,22,5,26,1,0,0,9,2,22,65,5,7,15,12,0,4,13,4,22,24,1,1,11,5,4,3,4,2,13,3,0,5,23,4,42,9,0,1,48,0,1,11,5,4,9,2,0,25,25,0,18,4,3,10,33,6,0,0,3,9,20,19,0,3,0,0,2,12,18,10,2,14,12,3,1,4,6,5,9,2,19,14,1,6,2,4,40,12,23,0,6,0,4,1,29,41,14,17,15,2,19,6,6,3,9,11,4,13,26,13,41,3,1,6,1,7,2,12,18,28,5,3,9,3,5,39,20,0,3,5,6,16,1,18,15,1,1,2,11,7,8,11,23
"1",18,2,3,3,19,2,21,14,6,3,2,22,15,6,17,1,3,1,13,32,3,26,15,19,1,0,11,3,41,1,0,6,2,6,11,1,15,25,5,12,2,12,2,14,11,6,5,6,26,1,22,0,2,7,4,1,2,28,2,5,2,13,3,0,1,5,10,32,13,30,0,30,1,2,10,1,6,22,8,14,8,6,7,1,4,23,4,7,1,9,3,16,12,5,40,0,8,2,14,8,14,2,7,3,0,27,3,2,9,7,0,26,13,6,1,2,2,6,2,0,1,3,10,1,3,25,2,7,10,8,2,0,4,10,1,14,3,12,1,37,1,5,3,9,5,0,31,7,4,6,10,5,3,21,5,12,3,3,2,3,6,1,8,3,2,0,6,6,4,4,0,6,2,0,2,30,31,2,25,3,0,0,4,2,26,42,8,11,13,16,9,3,0,5,21,21,1,2,25,4,3,3,8,1,8,5,0,5,25,10,23,14,1,1,33,1,3,9,5,2,13,8,0,17,18,3,15,5,4,12,32,3,1,0,2,7,13,12,2,1,1,0,4,11,24,7,0,11,12,7,5,5,3,3,11,0,32,15,1,5,4,3,36,2,13,1,4,3,5,1,28,54,17,14,10,2,21,3,8,0,5,4,6,5,25,25,38,3,1,4,3,7,2,11,11,22,5,7,7,2,3,32,16,2,0,5,9,15,0,26,13,2,0,2,6,14,9,6,16
"1",13,3,1,5,26,0,25,14,11,2,2,18,27,3,9,2,3,0,15,18,0,26,26,29,1,0,4,8,63,2,0,11,2,8,16,0,26,31,5,14,3,5,2,24,8,1,2,1,27,2,20,2,1,12,1,2,1,34,5,12,0,16,6,1,1,4,17,30,14,26,3,29,0,5,8,1,3,7,19,16,3,10,7,2,11,28,1,0,2,6,1,8,12,8,47,3,7,7,12,11,7,4,3,1,4,33,0,3,6,1,2,20,17,6,2,1,1,2,3,0,1,4,9,2,1,7,8,4,3,7,1,2,1,11,2,11,2,24,1,16,4,3,2,18,3,2,21,5,10,9,10,9,5,33,6,19,2,1,2,1,9,0,5,8,3,0,9,11,2,6,0,6,3,3,1,21,27,3,16,0,1,0,1,0,31,40,6,4,15,13,5,2,2,2,16,20,2,4,18,2,1,2,3,0,15,4,1,3,18,9,26,11,2,2,53,2,2,5,4,3,5,0,0,12,14,5,23,4,7,9,13,6,3,1,1,12,11,10,0,7,3,3,6,8,13,4,1,11,16,17,3,11,5,1,11,0,29,5,3,3,0,0,33,5,22,4,9,2,5,1,34,27,14,30,4,2,21,2,9,3,5,2,14,11,38,14,33,1,2,5,1,0,1,11,11,15,2,5,2,6,2,20,9,1,0,1,9,20,1,16,12,0,0,2,9,7,10,13,15
"1",10,1,4,7,27,2,17,20,6,3,1,34,21,4,17,0,2,2,16,21,1,38,13,17,0,1,11,6,49,4,1,6,2,7,32,1,22,36,5,14,1,3,3,13,15,9,1,10,23,1,23,0,0,10,1,1,1,29,1,7,0,9,2,0,2,8,13,26,24,25,2,30,0,2,0,1,6,8,7,15,2,9,13,0,11,21,0,1,2,12,5,24,23,9,38,3,8,6,25,10,12,4,7,0,1,29,1,0,19,2,1,31,19,9,2,3,3,5,5,2,6,3,12,1,0,18,5,6,4,5,3,4,2,6,3,11,1,27,0,31,2,1,2,12,4,4,15,6,6,10,14,2,0,27,13,25,3,6,1,5,8,1,6,21,2,2,4,5,6,9,0,12,3,6,0,21,17,2,19,0,0,5,3,2,28,55,5,3,21,6,8,0,7,2,14,22,2,4,29,6,1,3,6,2,10,3,0,1,25,8,32,16,3,0,42,0,3,5,4,6,4,7,6,18,26,1,31,4,8,11,22,2,5,1,2,12,18,11,1,1,1,3,6,6,18,2,0,21,16,7,4,13,6,5,4,0,13,15,0,3,1,1,36,1,26,3,10,2,7,5,17,31,25,24,10,1,23,0,3,1,4,7,11,8,26,20,36,1,0,8,3,4,1,8,12,26,4,4,5,2,5,25,10,0,1,1,8,15,2,14,22,0,0,0,15,10,7,9,10
"1",11,0,8,4,23,1,11,15,9,0,1,27,15,4,16,2,6,1,15,29,2,19,19,13,0,1,12,6,43,5,2,4,0,9,32,0,21,38,0,6,3,11,3,21,12,5,1,4,35,1,25,2,1,9,2,2,4,24,1,2,0,12,3,0,0,3,23,32,25,27,2,28,2,2,5,2,2,15,7,20,10,4,10,1,14,15,3,1,3,11,2,8,8,11,60,4,10,5,18,12,6,3,6,1,3,30,2,0,11,4,1,24,20,1,3,4,0,6,6,1,3,8,5,0,0,12,9,10,11,2,1,0,2,4,2,7,0,20,1,21,4,3,8,18,2,0,18,4,8,15,11,2,1,29,8,34,1,3,2,2,12,2,5,8,0,1,2,7,10,8,0,4,3,6,0,23,19,0,20,0,0,2,2,2,34,77,8,6,10,7,7,10,4,1,24,8,1,6,17,3,2,0,3,2,6,5,2,2,28,9,33,8,2,0,33,2,4,6,3,5,3,5,0,12,19,0,20,1,1,9,21,6,4,3,0,7,19,7,0,4,1,2,6,2,17,5,1,18,8,4,2,9,4,3,4,1,34,20,2,5,1,0,28,8,24,1,7,4,5,2,23,29,9,18,19,2,12,1,6,1,8,10,10,4,29,20,27,1,1,8,5,8,0,7,24,27,1,3,3,5,0,29,11,1,0,1,14,28,0,27,17,2,0,0,13,7,10,8,14
"1",15,4,3,3,22,1,13,17,5,2,1,24,14,1,11,1,1,0,15,29,4,23,13,19,1,1,8,3,37,3,3,1,2,7,23,1,28,25,1,12,1,6,5,36,12,8,1,2,31,3,15,1,1,7,0,4,1,36,4,13,1,13,3,0,0,3,14,16,15,27,2,21,1,2,9,1,1,9,8,16,9,8,6,3,13,24,3,2,3,4,1,5,9,8,45,1,7,3,20,9,15,2,9,1,0,18,0,0,15,5,0,33,16,6,3,2,0,4,3,2,0,4,15,0,3,22,10,9,6,0,1,3,4,8,1,14,0,17,2,41,1,0,1,9,4,1,25,9,10,11,13,3,0,17,3,23,2,3,3,7,11,2,6,7,1,1,6,11,4,4,0,11,5,6,0,27,11,0,17,0,1,0,2,2,31,62,5,5,13,10,7,1,2,3,12,23,1,1,31,3,0,2,5,0,10,4,3,4,24,7,27,6,1,0,42,1,2,12,1,2,5,0,0,12,20,4,15,2,4,8,15,5,4,3,1,9,20,11,0,3,1,3,5,6,17,5,2,13,10,6,1,13,3,7,3,2,38,7,0,4,1,3,41,1,16,2,5,4,7,0,23,40,20,23,14,2,23,3,7,3,9,3,6,2,24,17,31,2,3,9,1,6,0,5,13,11,7,3,4,6,3,22,10,0,0,1,9,19,0,12,14,0,0,3,4,6,11,14,13
"1",16,4,4,6,34,1,13,14,6,3,1,29,19,2,16,3,6,1,21,28,8,33,13,21,1,0,7,7,62,3,4,8,5,11,19,0,21,35,0,3,2,9,2,14,11,7,0,9,25,3,19,0,1,5,1,3,3,20,1,12,1,10,1,1,4,6,13,19,24,28,1,23,3,2,5,0,3,15,11,15,9,2,6,0,8,24,2,1,5,7,2,15,14,16,42,2,9,5,17,20,14,3,13,1,5,31,4,0,9,3,0,35,19,7,2,0,0,6,2,1,2,3,10,1,1,13,10,11,1,8,3,0,4,9,1,14,3,19,3,25,2,5,1,3,0,1,29,9,10,21,13,5,1,26,6,22,3,6,0,3,3,2,5,16,1,4,3,11,8,7,1,3,0,2,1,28,14,0,23,0,0,0,3,2,32,61,1,3,22,10,5,2,6,1,19,18,2,0,21,6,2,3,8,1,5,2,1,4,23,12,28,8,4,6,41,1,1,4,5,3,4,4,1,30,23,1,18,3,3,7,29,5,4,1,1,10,8,7,0,2,0,1,2,7,29,2,0,12,9,4,3,4,4,2,6,2,25,13,0,4,4,0,49,3,22,1,9,1,4,0,29,36,23,17,19,2,18,4,4,4,6,8,6,2,32,20,30,11,7,8,1,2,3,8,17,34,3,4,5,3,4,15,8,2,2,2,12,17,0,31,19,0,0,1,8,7,8,4,12
"1",16,8,2,5,28,0,15,15,14,2,1,30,21,6,11,1,5,0,4,23,2,20,20,17,1,0,7,5,47,3,1,6,2,10,21,0,28,18,5,6,2,8,0,19,19,6,0,13,27,3,21,0,2,10,0,3,1,21,3,10,0,15,3,1,0,2,23,42,25,33,2,40,2,2,8,1,2,11,7,12,14,10,9,1,7,22,2,4,0,15,1,13,11,11,27,1,8,3,13,8,17,0,7,0,3,29,2,0,14,1,0,46,13,2,3,1,1,4,2,1,1,1,14,1,2,15,5,14,8,6,1,1,9,16,3,12,1,21,3,21,1,7,1,17,1,0,15,5,9,15,10,4,0,29,6,25,4,5,1,8,14,0,6,12,1,1,7,8,3,11,1,4,1,5,1,23,18,4,19,0,1,0,6,3,19,50,2,7,20,13,5,1,9,1,14,18,1,2,12,6,3,6,7,0,14,1,1,2,19,6,33,17,3,2,50,1,3,7,3,2,9,6,2,20,29,1,11,1,8,11,21,5,3,2,3,17,19,9,0,4,2,0,9,7,21,2,1,21,19,3,2,5,6,4,4,0,16,9,2,5,2,5,32,9,21,3,10,2,6,1,32,44,18,14,9,1,17,1,19,1,4,5,6,6,15,21,46,1,6,4,3,6,0,10,9,19,2,3,6,2,3,42,9,0,1,2,12,18,2,22,29,2,0,3,7,8,10,10,17
"1",19,3,2,2,17,2,4,16,9,2,0,39,13,6,11,1,12,0,5,16,0,20,18,16,1,0,12,5,48,4,0,8,0,6,26,0,14,24,2,11,5,4,2,21,11,6,5,5,27,0,19,2,1,5,0,4,2,15,3,16,1,15,2,0,2,0,12,31,39,29,0,37,0,4,10,2,3,10,12,18,6,8,8,1,12,21,4,2,5,6,1,14,17,9,38,0,5,10,11,19,13,2,5,3,1,27,5,0,16,3,1,32,18,10,2,4,1,6,4,0,0,6,12,0,1,4,10,4,4,6,1,0,1,10,1,8,1,28,1,26,1,2,4,8,1,0,15,5,9,7,13,2,4,26,8,19,5,7,2,3,10,3,4,9,2,5,7,9,8,4,0,3,3,2,1,22,12,2,35,1,1,0,1,5,9,52,5,4,14,9,11,4,13,4,12,11,0,0,17,11,0,2,1,0,8,1,2,7,23,4,26,16,4,5,36,0,1,6,3,3,10,7,1,20,27,0,16,1,7,17,20,8,5,1,1,6,14,5,1,6,0,4,1,4,24,2,2,11,18,5,1,5,8,2,7,0,22,10,0,7,3,1,36,10,20,3,4,2,10,0,20,28,16,16,5,2,14,3,4,3,4,2,4,8,19,16,46,2,6,3,2,8,1,10,13,23,1,9,6,3,1,30,9,1,1,1,18,15,0,16,23,2,0,1,5,17,4,8,24
"1",14,2,1,5,17,0,17,12,9,2,1,31,20,5,9,4,4,1,13,28,4,26,15,28,0,0,9,9,44,2,5,3,3,8,21,1,23,35,3,6,8,8,1,23,23,4,1,6,25,1,26,1,0,6,1,0,2,25,1,8,1,10,5,0,1,1,10,26,16,22,2,25,1,1,10,1,2,11,10,10,8,7,8,1,5,22,3,2,2,13,2,5,17,14,28,0,7,3,12,9,6,3,8,3,0,24,3,2,6,1,0,22,27,3,0,0,4,6,11,1,0,7,7,2,4,14,5,11,11,5,6,1,2,15,0,19,0,17,2,24,0,3,8,10,1,1,18,6,2,13,10,3,0,20,10,21,5,3,0,2,7,2,7,14,2,4,5,12,7,1,1,6,8,5,1,23,15,7,16,1,0,0,3,2,26,65,5,7,19,12,4,3,4,2,15,18,2,2,22,3,2,2,3,1,13,3,0,8,16,7,37,14,1,1,40,0,4,8,5,3,14,1,0,20,29,2,19,2,3,19,20,5,2,5,1,11,16,4,0,3,1,0,7,14,17,5,0,16,10,10,6,11,7,13,5,1,12,6,3,8,1,0,43,8,14,9,5,3,8,1,25,38,25,19,19,4,15,2,6,0,2,12,9,3,22,28,36,2,0,1,3,4,1,11,16,19,4,3,5,5,5,24,16,2,0,4,15,29,3,18,8,0,0,0,8,6,14,4,13
"1",15,2,1,7,21,0,13,25,9,0,0,39,24,5,8,0,2,1,12,18,2,26,9,12,1,0,10,4,34,4,3,8,0,9,22,0,25,24,1,18,2,9,3,17,15,6,3,11,31,2,29,2,1,8,1,2,2,22,6,13,0,11,2,0,3,2,13,27,15,28,1,40,0,1,6,4,3,7,9,24,8,6,9,1,8,15,4,1,2,9,2,23,14,11,32,1,10,4,21,14,9,4,10,0,1,43,2,0,11,2,0,28,30,4,0,1,1,9,0,2,0,6,9,0,0,3,8,5,7,8,4,0,1,8,0,12,4,13,0,25,2,2,7,14,0,0,21,6,8,8,8,1,2,21,2,30,7,4,2,5,15,1,4,6,1,4,7,7,6,6,1,4,1,5,0,17,26,4,11,0,1,0,2,3,27,73,3,8,26,12,5,4,7,3,19,25,0,4,23,1,1,1,13,1,9,1,0,5,19,8,20,20,1,2,45,0,4,5,1,2,15,4,1,18,20,2,23,2,6,8,32,3,3,0,2,23,27,12,4,8,1,1,5,10,25,4,0,16,8,3,2,6,5,6,12,1,25,13,1,6,1,0,36,5,22,6,10,3,13,0,19,41,26,13,11,4,26,4,6,0,7,4,5,4,33,21,41,1,1,11,2,5,3,6,21,19,6,5,4,6,4,15,11,1,1,0,21,16,2,22,17,0,3,0,4,9,11,4,20
"1",19,2,2,7,35,0,18,18,17,1,1,25,24,5,15,2,7,2,14,29,4,33,10,13,0,0,5,3,64,1,0,1,1,6,26,0,19,32,0,20,1,4,1,16,14,10,4,8,30,7,24,5,1,7,0,4,2,27,2,8,1,7,9,0,0,3,15,29,20,27,1,33,2,5,1,0,0,7,9,20,8,2,5,3,10,16,2,3,3,4,3,17,14,2,41,1,11,4,19,14,14,4,9,1,1,23,5,0,14,3,0,27,14,5,2,5,0,3,2,2,2,2,5,0,3,15,12,7,4,6,5,2,2,16,1,9,0,20,0,10,1,2,6,19,1,0,13,11,15,15,8,3,1,24,8,34,3,1,1,2,8,2,5,9,2,2,4,3,5,2,1,7,3,3,2,17,20,4,15,0,1,1,5,0,22,71,5,5,20,8,3,5,11,4,10,8,0,2,23,2,0,1,4,0,16,3,0,5,18,19,32,9,3,0,40,1,3,6,3,2,5,3,0,16,16,2,25,5,8,10,15,7,4,0,1,14,15,8,0,2,0,0,1,9,17,5,1,19,10,4,3,11,3,6,2,1,21,12,1,9,3,2,28,6,18,3,8,2,7,1,24,36,15,25,22,1,25,1,6,3,5,4,8,4,31,20,21,1,2,9,3,4,4,8,20,23,9,11,3,3,4,28,20,1,2,1,17,18,2,12,29,1,3,3,8,6,12,4,14
"1",25,7,3,3,21,1,20,15,7,4,2,35,14,10,9,0,4,1,20,19,3,28,20,17,0,0,13,10,51,4,3,4,4,10,15,0,30,25,3,12,0,6,2,19,15,5,3,5,24,2,16,1,5,2,1,2,4,29,5,11,0,11,7,4,1,3,25,20,10,42,2,33,1,3,5,0,2,15,9,23,8,11,15,1,4,19,2,5,3,9,1,9,10,7,45,2,8,4,21,18,10,2,7,2,4,27,2,0,8,2,0,24,22,10,2,3,0,4,3,1,0,5,12,0,2,19,5,5,11,2,3,2,10,14,3,13,2,27,1,27,1,3,2,15,1,0,20,6,12,13,6,1,1,29,2,25,5,2,1,3,7,1,7,13,1,2,3,9,7,6,0,11,2,1,0,35,23,8,27,0,0,0,2,3,18,69,7,6,19,12,5,0,2,4,9,13,0,2,15,3,3,1,7,2,10,1,0,4,17,7,25,10,4,6,46,0,0,5,2,3,3,5,1,13,23,3,18,5,3,16,22,4,9,0,1,8,15,13,1,5,3,3,1,7,19,11,1,13,14,11,5,10,2,1,11,2,27,7,1,4,1,5,26,6,11,7,6,3,9,0,23,49,24,19,9,2,12,4,12,0,7,5,2,7,27,9,39,1,0,4,3,5,3,3,17,36,5,3,3,1,5,19,13,1,2,1,19,11,3,22,16,0,0,4,8,12,8,8,12
"1",16,5,2,2,24,0,14,27,11,0,2,36,23,9,14,5,3,0,13,14,5,27,18,18,0,1,8,3,52,4,0,7,3,7,10,0,31,27,1,15,1,5,4,14,14,5,0,10,41,0,21,4,3,8,4,2,1,19,3,10,2,12,3,2,2,0,15,29,25,22,0,32,1,1,4,2,0,15,14,14,6,7,8,3,7,30,10,5,4,7,4,16,12,9,40,0,6,5,16,14,11,3,11,0,1,20,1,0,10,4,1,29,18,5,0,2,2,3,2,1,0,4,8,1,3,9,2,5,4,5,0,2,1,7,1,10,0,28,1,31,2,3,1,7,2,0,24,6,11,12,9,1,0,29,6,20,1,2,2,7,9,2,3,11,2,2,1,10,2,4,0,5,3,4,3,26,18,2,18,0,0,0,1,3,24,65,11,6,19,9,9,2,11,4,10,20,1,2,19,5,1,2,9,0,17,0,1,4,20,2,25,9,1,1,43,0,4,5,2,3,6,2,1,16,25,3,14,1,4,4,29,2,4,3,7,14,17,3,2,3,2,0,5,8,16,5,0,11,12,6,4,10,4,2,4,1,34,6,1,3,3,0,26,3,19,1,8,4,9,0,37,24,19,13,10,3,25,2,8,1,7,10,7,4,22,20,47,4,1,5,2,6,1,6,18,29,1,5,4,1,4,24,12,0,1,0,20,11,0,16,11,1,2,0,1,6,8,12,21
"1",15,5,4,6,16,0,12,18,11,2,2,25,22,10,18,2,6,4,14,23,3,26,21,15,0,2,9,8,44,5,0,6,3,15,21,0,23,22,5,22,1,7,6,22,16,5,3,4,35,1,27,1,3,7,1,1,1,22,1,12,1,8,5,1,1,1,20,42,28,30,1,33,0,6,14,1,2,22,9,18,8,6,20,3,6,22,3,2,3,13,2,12,5,4,56,0,8,2,18,21,12,3,5,1,1,21,1,0,8,3,1,21,23,8,1,2,1,3,3,2,0,2,12,0,2,16,5,12,5,6,3,0,5,7,3,16,1,30,1,21,3,2,4,17,1,1,18,6,8,24,8,2,0,32,6,29,2,7,1,3,13,2,11,15,4,1,1,11,1,6,0,3,0,7,0,31,19,2,11,1,0,0,2,2,15,50,2,8,13,11,5,4,1,2,14,23,3,1,10,7,3,0,2,0,16,1,0,4,21,7,25,19,2,0,38,0,5,5,4,4,6,1,2,14,30,1,14,0,13,13,20,1,4,1,1,6,21,10,2,4,3,2,3,7,24,3,0,17,11,3,0,8,7,5,3,1,19,8,1,8,3,0,31,4,20,0,10,1,10,0,42,46,11,24,15,0,16,3,5,0,9,4,4,6,17,17,37,4,0,2,0,10,1,6,22,17,2,5,0,2,3,30,19,2,0,1,20,21,0,13,27,0,1,1,2,4,14,5,14
"1",13,5,1,2,17,0,12,11,7,4,2,25,14,4,13,4,8,0,18,26,3,25,15,15,1,0,9,1,49,1,0,5,2,6,13,0,17,31,3,15,1,3,6,18,9,7,0,5,35,1,31,2,0,9,0,1,0,17,1,9,0,20,2,0,4,2,19,23,18,20,2,38,1,0,9,2,3,9,5,23,7,10,13,0,5,23,2,3,3,2,1,11,8,6,43,0,10,1,11,17,16,4,5,1,2,28,1,0,13,1,0,38,21,9,1,2,0,2,4,1,1,6,11,1,3,15,9,9,7,3,4,1,0,14,0,11,1,20,1,25,2,2,5,8,2,1,23,6,17,10,10,3,2,23,13,19,5,14,2,1,13,2,2,3,0,6,3,9,0,4,0,5,1,11,1,21,20,3,18,1,2,0,2,2,19,60,4,4,13,10,2,3,10,1,15,15,1,3,23,5,1,2,2,1,6,5,0,9,32,8,37,15,5,1,50,2,1,6,3,2,7,4,1,17,21,3,20,3,4,6,25,4,1,8,1,8,18,3,0,2,1,4,8,9,17,2,0,8,9,15,4,6,13,10,2,1,27,16,1,10,3,1,33,5,21,1,5,1,8,1,25,34,8,14,21,4,21,0,9,0,1,11,12,5,27,12,46,1,2,7,3,12,3,10,18,21,0,6,6,7,3,28,19,5,0,1,15,23,1,23,9,2,1,5,14,17,6,9,13
"1",11,9,1,2,24,1,15,22,3,2,4,23,21,5,12,5,6,0,7,24,1,24,10,10,2,0,5,5,47,5,0,6,1,3,24,1,19,27,5,8,2,6,3,20,4,6,2,9,18,1,21,0,0,5,1,4,0,29,3,9,0,10,3,0,8,2,16,24,18,26,0,24,1,4,9,1,2,12,9,20,4,8,12,3,8,22,3,0,0,11,2,18,17,8,32,2,8,3,15,14,10,1,4,1,1,16,0,0,17,3,0,25,22,7,1,6,0,7,0,0,0,2,5,0,2,21,5,5,3,6,3,1,5,10,0,16,1,17,2,25,2,2,8,7,1,0,17,8,8,13,13,7,2,22,4,28,5,2,2,5,10,2,2,10,3,4,0,13,2,2,1,6,3,3,1,25,15,5,24,0,0,1,2,4,23,66,9,5,15,6,1,3,3,5,12,14,0,0,18,7,3,2,5,0,4,3,0,6,24,14,26,9,2,3,39,1,1,3,6,3,11,2,0,25,14,2,21,1,7,5,19,8,1,0,3,9,15,5,0,6,1,5,7,8,22,5,0,11,10,5,9,8,8,8,5,0,23,11,0,5,3,1,48,6,15,1,8,2,6,0,33,29,23,12,11,0,22,4,7,0,7,5,13,8,30,24,43,1,5,8,2,8,3,10,16,17,3,3,2,1,4,31,12,3,3,3,13,22,0,22,23,3,0,4,12,4,11,14,14
"1",15,7,2,5,23,1,14,17,4,5,1,23,26,5,16,4,12,0,10,20,0,31,19,17,2,3,6,6,31,4,1,3,0,5,27,0,21,35,2,25,5,7,3,22,22,6,2,8,17,2,22,1,1,8,1,3,3,27,5,6,1,11,6,1,2,1,14,27,20,21,1,18,2,3,8,0,4,11,5,16,6,5,7,1,9,14,1,4,0,9,4,19,11,9,32,2,6,7,21,7,16,4,3,1,2,18,3,3,8,3,1,38,18,5,4,0,1,1,3,2,0,5,7,4,1,18,5,7,8,5,4,2,1,7,2,12,2,19,1,27,3,2,5,11,0,1,22,6,19,12,4,0,2,24,8,23,5,4,0,1,10,1,12,10,0,4,5,9,4,9,0,3,1,11,0,20,25,2,15,0,1,0,2,3,23,62,6,6,15,4,4,0,3,5,15,15,1,3,24,7,3,7,3,0,9,5,0,2,17,3,39,15,2,0,42,1,4,3,4,2,11,8,1,19,15,1,18,6,6,14,36,1,3,3,6,14,15,10,0,5,1,5,5,5,19,4,1,12,7,6,3,2,13,7,5,0,19,10,1,5,1,3,29,2,13,2,7,5,10,2,26,37,14,17,9,1,20,9,6,1,7,14,7,4,20,19,31,0,2,5,0,8,0,4,14,20,0,4,5,8,3,25,14,0,1,1,25,23,0,18,14,3,0,5,1,7,8,7,22
"1",10,2,2,4,25,0,21,21,6,8,1,30,23,4,10,3,4,0,10,13,2,38,12,16,2,1,6,7,46,2,1,6,4,16,17,0,22,39,4,10,6,4,3,19,18,5,0,1,24,3,19,1,1,9,1,1,3,27,9,8,1,17,0,0,0,5,10,23,22,21,8,27,2,1,2,0,1,13,6,14,7,6,4,0,12,21,2,7,0,13,4,11,10,7,44,0,6,2,14,11,7,3,6,1,3,33,1,1,11,5,0,38,15,9,2,6,2,4,0,0,0,7,11,1,2,5,7,6,14,5,1,1,5,14,1,6,0,25,0,29,0,2,9,8,2,1,20,8,9,17,6,3,3,22,1,16,5,3,4,2,10,1,8,4,1,1,3,11,2,4,1,12,1,4,2,25,21,1,18,1,0,1,2,1,22,59,6,8,18,4,4,3,6,6,8,9,1,1,17,1,1,3,8,1,6,2,0,4,28,4,21,11,6,0,29,0,4,6,3,3,7,1,3,10,23,2,19,2,6,8,30,4,4,1,1,10,16,10,0,5,0,1,6,7,21,3,0,28,9,5,4,4,13,3,7,3,27,14,1,1,0,0,33,7,20,1,7,2,9,1,39,32,7,26,0,2,10,4,15,1,10,12,7,8,32,14,32,2,0,6,1,7,2,3,21,16,0,1,1,4,2,15,11,2,2,1,15,25,4,19,18,6,0,3,6,7,9,10,19
"1",9,4,1,3,19,0,10,15,13,7,3,27,17,3,10,5,6,0,13,28,8,37,25,14,1,2,4,8,53,2,0,6,2,7,27,0,30,36,6,14,1,8,3,23,17,8,2,0,24,2,16,1,4,9,2,4,2,25,1,5,2,17,3,1,6,2,15,34,28,12,0,19,2,3,6,0,1,9,7,18,7,10,17,0,6,24,1,2,2,7,3,10,17,4,40,0,8,3,20,22,16,3,6,0,2,16,2,0,6,7,1,30,16,8,3,2,3,14,3,4,1,3,12,0,4,6,7,12,8,5,2,2,2,15,1,11,2,15,0,26,1,3,7,7,1,0,32,3,10,12,8,7,2,16,7,11,3,6,4,3,9,1,3,9,0,7,3,6,0,8,1,2,0,5,0,14,24,3,20,0,0,0,2,2,20,63,6,4,16,11,9,3,5,1,16,28,1,2,17,5,1,1,5,1,14,1,0,1,15,7,31,10,4,2,40,0,2,8,5,5,10,3,3,23,11,2,21,5,7,11,15,2,2,0,2,10,13,10,1,2,1,4,4,6,13,7,0,13,9,5,3,9,15,3,4,0,24,8,3,4,2,0,37,6,15,2,7,2,2,0,38,30,15,19,19,4,20,6,5,7,16,8,6,13,23,8,42,3,1,6,3,7,3,13,23,12,4,6,5,4,3,22,11,2,0,1,11,19,3,21,19,2,0,3,5,12,8,8,24
"1",18,5,3,2,17,2,13,17,11,6,2,24,22,4,16,4,9,0,6,24,6,19,10,18,0,1,3,5,57,2,2,6,1,7,16,2,33,38,1,17,3,7,2,26,13,8,2,5,27,0,32,3,0,9,4,5,1,38,3,6,3,17,4,0,0,3,18,15,27,20,1,23,1,2,6,0,3,13,8,14,2,6,20,0,13,26,0,7,5,5,0,18,11,4,44,0,5,1,13,16,14,6,8,0,3,23,3,2,11,5,0,30,13,10,0,0,1,12,2,1,2,2,7,1,2,13,10,10,4,6,1,0,5,15,1,16,1,21,2,30,3,5,6,7,1,1,19,2,13,20,8,4,3,20,3,25,7,4,2,1,10,0,10,10,2,2,3,9,8,6,0,7,1,2,1,30,26,5,15,1,0,0,2,4,20,57,5,2,13,6,6,1,2,4,14,22,1,1,21,5,2,2,4,0,8,2,0,3,20,6,24,14,1,1,36,0,3,10,12,3,13,5,0,16,23,3,17,1,6,8,13,5,0,0,1,12,22,5,0,1,1,0,4,4,24,5,0,17,8,6,5,3,6,3,10,0,26,7,3,8,0,0,40,9,17,2,11,2,9,0,26,37,17,12,9,0,24,3,5,3,9,11,9,5,21,17,42,1,8,4,6,3,4,7,9,20,3,5,2,9,4,37,15,1,4,0,16,13,3,19,21,1,2,3,5,18,8,8,18
"1",18,1,1,2,17,0,17,23,11,5,0,14,21,5,7,3,5,0,12,27,5,28,11,20,0,0,15,2,53,6,3,1,1,2,15,2,21,23,2,15,0,5,3,20,18,5,1,4,18,2,19,1,2,7,4,4,2,12,2,0,1,10,4,0,0,5,16,19,23,27,4,26,3,3,3,2,2,11,8,13,4,8,5,1,25,20,3,1,2,6,1,21,12,1,52,1,14,3,24,19,6,3,5,1,0,28,1,4,13,3,1,26,9,6,2,5,1,12,1,1,1,8,13,0,0,19,5,7,7,2,7,0,2,9,0,11,2,15,1,27,5,2,3,12,0,0,12,6,11,13,12,2,2,29,10,18,4,6,5,5,10,1,12,10,4,3,1,17,1,3,0,6,0,2,0,25,30,2,30,0,1,1,1,3,28,72,3,9,10,12,5,1,5,4,17,17,1,3,17,7,2,1,7,1,8,2,0,4,26,7,42,3,1,2,56,0,1,7,3,1,9,4,0,22,34,0,16,5,6,8,16,5,4,1,1,13,14,8,0,5,0,0,8,13,23,6,1,19,7,3,5,6,4,4,5,0,15,13,0,4,1,1,32,8,23,4,13,5,6,1,22,43,23,12,19,2,25,3,6,2,8,3,9,6,23,16,40,7,0,3,0,3,1,9,10,21,3,2,0,2,1,33,16,0,2,1,13,23,2,29,11,2,0,2,3,15,9,10,18
"1",19,4,4,2,18,2,18,14,6,6,1,40,17,5,13,5,10,0,16,11,4,37,20,15,0,0,12,8,48,4,4,5,3,10,20,3,23,27,2,11,3,2,7,15,12,8,2,3,25,1,28,3,0,6,1,9,0,35,4,7,2,15,5,0,0,8,17,20,23,22,4,32,1,4,4,0,3,15,13,19,7,10,15,1,4,21,3,5,6,12,1,19,16,4,56,2,10,3,19,16,13,4,5,2,0,27,3,3,7,2,0,39,19,3,2,3,1,5,0,0,1,10,8,1,0,19,4,11,6,6,1,0,6,13,1,13,5,21,0,30,2,2,9,11,2,2,22,2,10,17,11,2,2,21,9,24,1,2,1,5,7,0,7,9,2,5,4,8,2,5,0,6,1,1,1,29,12,6,27,0,1,0,3,6,31,46,5,17,11,4,13,5,3,2,13,12,1,2,19,3,0,0,5,0,5,2,0,4,17,6,41,17,6,2,35,3,4,14,5,1,10,4,1,18,22,1,21,5,7,8,19,8,0,2,1,9,14,6,0,3,1,2,8,15,17,9,1,27,17,11,4,13,10,9,13,0,27,12,2,2,2,0,28,4,18,6,5,2,6,0,15,31,26,12,15,3,21,1,7,1,5,9,3,7,21,12,42,0,4,8,3,3,3,12,19,17,4,5,2,4,3,24,12,0,1,2,14,21,1,21,11,1,1,2,11,13,14,11,25
"1",19,0,3,5,20,0,9,19,5,1,5,29,11,3,10,3,8,0,8,29,10,30,20,23,2,0,5,1,60,3,2,8,2,4,25,3,20,22,4,12,3,9,4,14,16,12,0,5,26,0,21,0,3,11,1,4,2,36,1,9,3,13,3,1,1,5,12,16,41,24,2,39,2,0,5,0,2,8,4,15,9,11,10,1,15,13,0,4,4,6,1,16,15,10,45,1,3,3,20,17,13,2,3,1,4,28,1,1,11,5,1,28,22,9,1,0,1,5,6,2,1,4,6,1,1,20,6,2,6,6,4,0,0,10,1,9,2,20,1,43,2,2,3,9,2,1,22,6,10,13,7,3,1,23,0,23,3,4,3,5,7,1,4,5,0,3,4,14,3,3,0,8,1,4,0,22,24,2,10,1,1,0,4,0,26,65,3,2,13,12,6,0,6,3,11,20,1,2,16,3,1,2,1,0,10,2,0,3,28,9,28,20,1,3,40,0,6,6,3,1,6,2,1,19,23,1,19,0,8,7,20,3,4,2,4,19,25,8,2,6,1,0,1,11,23,6,0,8,11,5,3,11,6,2,5,2,16,13,2,3,1,1,34,8,11,0,10,1,6,1,25,30,14,27,8,4,21,3,7,3,10,7,10,7,23,21,25,1,2,4,1,1,3,7,11,34,3,10,4,2,2,19,9,1,3,0,10,11,1,20,18,2,0,3,2,3,14,4,14
"1",15,3,2,5,16,1,15,15,5,3,1,27,19,3,17,1,4,0,10,25,2,51,21,9,0,1,4,5,58,3,2,7,1,13,22,4,21,22,3,15,0,5,5,17,10,10,2,11,27,1,20,0,0,3,3,5,3,22,3,9,1,13,4,0,1,6,19,23,19,28,2,42,0,2,6,2,2,15,11,17,2,12,9,0,2,20,3,4,0,12,3,12,13,0,54,1,10,5,22,9,4,9,6,0,0,19,3,0,14,2,1,26,18,7,0,5,2,3,9,1,0,1,10,1,2,15,5,6,10,6,2,2,2,8,2,22,3,27,1,37,3,4,4,9,1,1,24,5,9,15,14,0,1,24,5,20,1,6,0,3,6,4,4,9,0,1,2,8,4,4,0,8,1,7,0,24,26,1,20,0,2,0,1,0,27,72,6,9,10,8,9,6,6,5,18,18,0,3,19,3,0,3,3,1,3,1,1,5,20,9,27,10,0,2,44,2,4,7,8,2,9,4,0,29,23,2,31,2,5,6,27,4,6,1,1,8,19,3,0,0,0,3,4,17,20,4,0,9,9,5,1,6,12,2,6,0,23,6,1,9,3,1,34,5,16,2,11,1,9,1,26,26,31,18,18,2,10,4,9,3,7,5,4,7,13,18,31,1,3,9,2,5,2,8,10,25,3,3,5,3,2,26,10,1,2,3,12,18,1,19,27,4,1,0,4,12,7,7,14
"1",12,2,3,5,16,0,18,9,0,0,1,15,19,11,16,1,4,1,12,19,2,21,16,14,1,2,10,5,45,5,5,7,4,5,25,4,25,37,2,14,0,9,6,27,10,6,4,6,30,1,14,9,4,2,2,2,0,21,4,6,3,11,2,0,0,4,13,13,17,22,1,41,1,2,5,1,4,6,8,14,6,12,10,2,13,22,3,5,0,5,0,18,9,2,53,4,8,0,21,18,11,2,12,1,3,31,2,0,6,0,1,44,25,9,3,1,1,8,7,0,3,3,11,0,1,16,4,9,11,7,4,3,4,14,3,11,0,30,0,25,4,6,5,20,4,0,24,7,14,11,13,2,3,28,9,19,1,2,2,1,11,1,1,6,1,2,5,11,1,5,0,2,1,3,1,29,24,0,13,0,1,0,2,2,19,61,4,3,17,11,2,2,5,0,19,23,0,1,19,8,5,3,3,1,11,5,0,5,22,8,29,11,3,2,35,0,5,10,1,2,4,6,0,17,16,2,26,0,4,11,20,6,4,3,2,14,30,7,0,3,1,0,2,12,23,3,1,23,13,6,1,5,6,6,5,1,21,9,3,9,2,0,30,6,12,2,10,4,6,0,24,39,16,21,10,1,19,0,6,0,9,8,7,7,32,10,36,3,2,12,1,11,3,4,16,24,4,4,7,3,4,22,14,0,1,1,12,12,0,22,22,3,0,4,5,12,11,6,18
"1",12,2,0,4,13,2,18,11,4,2,0,23,19,10,14,1,7,2,17,26,2,35,17,17,0,1,12,3,34,2,0,3,1,6,22,3,26,38,2,15,4,3,0,24,21,5,2,4,19,1,29,2,8,5,2,3,2,16,1,7,2,16,1,0,3,0,21,31,18,21,0,21,1,3,8,0,1,9,8,24,4,2,12,2,11,21,2,3,1,7,0,17,11,16,30,2,9,3,7,18,11,3,10,3,1,29,0,0,16,3,1,36,23,10,2,5,3,8,2,1,0,6,5,1,2,15,4,13,10,8,1,0,3,14,3,9,1,16,0,22,1,2,3,8,2,1,21,5,11,7,3,3,3,31,9,36,4,7,2,4,7,4,7,14,3,3,3,9,1,9,1,7,2,0,0,19,22,1,19,1,2,0,1,1,38,63,3,7,21,10,3,1,3,3,17,12,1,2,22,3,1,1,3,0,9,2,2,2,26,5,18,14,2,3,40,0,3,10,4,7,5,3,1,9,18,3,12,3,6,4,17,3,4,1,3,10,13,12,1,2,0,3,4,14,18,4,1,14,10,11,1,5,2,5,2,1,33,16,3,3,1,3,27,7,16,5,6,2,5,0,32,28,25,22,8,1,9,2,6,1,7,4,6,3,27,20,39,1,2,5,3,5,2,13,13,26,5,1,1,2,2,22,11,1,1,2,10,19,1,14,13,0,1,1,8,7,6,11,17
"1",29,2,1,4,18,0,11,22,6,8,1,25,25,6,10,1,9,1,17,23,1,24,16,18,1,2,10,6,52,4,0,5,2,5,19,1,34,32,2,14,3,6,5,20,9,7,1,15,31,3,25,1,1,9,3,3,2,30,2,13,1,16,3,3,1,6,28,25,13,30,2,46,0,1,10,0,2,11,8,11,7,4,8,1,11,24,3,1,1,3,1,10,11,7,45,2,10,2,11,15,20,4,8,0,0,17,1,2,12,2,1,27,32,3,1,3,3,7,0,3,4,0,7,1,4,14,5,11,4,9,0,0,4,13,3,5,3,14,2,26,4,3,3,18,2,2,11,13,9,14,13,3,0,26,5,23,0,3,5,5,9,0,5,17,0,5,4,7,2,6,2,4,1,3,0,30,14,1,15,0,1,0,0,2,42,60,7,5,18,9,6,5,7,2,15,11,2,1,26,3,0,2,3,0,10,2,0,4,23,16,24,11,0,0,36,1,2,7,0,4,7,3,0,15,27,5,18,0,7,8,12,6,2,4,1,11,27,8,1,4,1,1,2,7,17,5,0,18,13,6,3,6,8,2,9,1,24,13,2,8,5,1,23,5,9,2,4,2,7,0,27,24,20,25,8,3,23,8,7,5,11,5,8,5,21,20,39,3,3,7,2,4,1,10,15,16,4,2,7,0,0,21,14,0,3,4,11,20,7,13,13,1,1,3,13,5,10,9,22
"1",11,5,0,2,22,0,10,9,3,0,2,18,18,4,14,1,2,0,10,26,4,27,17,15,0,0,14,5,43,3,3,3,5,7,15,1,28,29,5,9,0,11,1,25,14,6,1,6,27,3,18,3,1,11,1,3,1,29,2,9,0,8,4,0,1,5,18,31,25,27,2,30,0,0,4,1,2,11,10,23,6,11,12,1,7,35,2,0,0,9,2,9,17,5,38,1,7,1,19,10,13,7,5,0,2,27,2,1,10,2,2,25,17,4,4,3,1,9,5,0,1,2,9,0,1,10,5,6,13,6,1,0,3,15,1,15,0,16,0,29,1,1,5,8,1,1,24,4,10,10,14,2,0,33,6,21,2,6,2,5,9,0,7,8,1,1,0,9,1,3,0,8,0,2,0,29,28,1,14,0,3,0,1,3,25,49,1,10,18,6,9,8,3,3,10,16,2,1,19,4,1,5,6,0,7,2,0,4,18,6,32,12,1,1,38,1,1,5,0,7,12,2,4,17,18,0,21,0,11,8,19,7,1,1,3,9,11,8,1,1,3,2,2,17,25,3,1,17,15,5,2,16,6,2,5,0,23,19,1,0,4,0,37,1,18,5,10,4,6,1,22,31,19,14,10,2,17,6,11,1,10,4,4,6,33,22,27,1,4,10,2,5,1,9,21,27,5,3,2,3,1,37,10,3,0,4,21,20,2,25,18,1,1,0,5,9,10,5,9
"1",12,7,2,7,20,1,15,12,6,2,1,35,14,4,7,2,11,0,10,21,2,20,17,4,0,2,8,10,53,4,3,3,4,16,31,1,25,24,5,14,1,3,3,18,9,2,0,5,30,3,6,6,1,9,3,4,1,24,7,6,2,11,4,0,0,5,15,23,22,20,2,47,3,2,6,0,1,17,9,17,12,7,10,0,13,24,5,2,1,9,0,11,15,13,41,2,7,3,24,22,8,14,11,3,4,22,3,1,14,3,1,24,21,3,2,0,0,8,2,0,5,4,9,1,1,14,9,15,3,3,5,3,2,11,1,7,1,32,0,19,3,3,2,10,0,2,24,4,12,9,19,2,1,31,6,26,4,9,3,6,6,1,3,9,1,2,1,6,7,13,0,7,0,0,0,24,24,2,17,2,1,0,2,1,46,64,2,11,15,8,6,1,8,1,10,16,1,2,8,5,4,3,4,0,14,3,1,1,20,9,34,7,1,1,33,1,0,5,1,2,10,2,0,13,25,2,19,0,6,9,15,6,4,3,1,11,13,12,1,3,5,0,4,5,23,4,0,11,12,4,1,11,8,1,8,3,28,12,3,11,1,2,35,7,17,5,16,6,10,0,20,28,18,10,5,2,20,3,2,2,4,4,2,6,28,22,41,2,3,13,6,5,7,5,27,38,2,4,4,1,0,20,12,2,0,6,10,11,3,14,11,1,0,2,10,7,10,7,11
"1",11,3,1,7,15,0,12,14,6,1,2,26,17,4,12,0,9,1,8,30,3,24,20,22,0,0,8,6,52,4,0,7,5,6,19,1,31,31,2,10,5,9,5,17,11,14,1,4,39,1,18,0,2,4,5,4,1,26,2,13,0,20,0,1,4,3,13,32,24,26,4,33,1,3,1,1,4,13,10,24,2,6,7,0,11,20,0,0,4,8,2,11,11,6,40,0,6,2,12,11,9,3,5,1,2,19,1,0,8,5,1,36,10,8,4,1,0,7,5,0,0,3,14,2,1,16,5,4,6,9,4,0,3,6,0,18,2,22,0,29,2,0,3,10,2,2,16,7,9,8,8,0,3,36,10,16,1,5,0,4,11,1,11,9,0,5,0,7,3,5,0,7,0,5,0,33,24,4,19,1,4,0,2,3,26,63,2,4,6,8,13,3,6,4,14,11,1,2,11,7,2,2,9,0,15,1,0,2,24,7,24,9,2,4,45,2,4,3,5,3,4,4,1,26,20,1,16,1,5,11,31,5,4,4,2,18,12,6,0,3,1,3,8,11,19,3,0,16,7,8,2,6,3,4,2,2,27,12,1,9,3,0,27,4,17,5,5,2,3,0,26,29,18,18,11,2,11,5,7,4,5,6,8,7,21,15,36,3,1,3,0,3,0,11,16,26,4,4,9,2,3,32,18,2,3,2,18,17,0,24,14,1,0,4,2,3,9,6,13
"1",26,5,1,6,26,0,8,8,11,2,3,19,14,6,8,3,6,0,11,21,3,24,22,13,2,1,16,3,54,7,0,2,2,10,17,1,30,37,6,13,4,6,3,15,14,13,2,6,38,4,15,2,1,5,2,1,3,25,2,7,1,12,2,1,4,4,18,20,23,32,5,21,2,4,8,3,3,11,9,17,1,5,14,0,13,14,2,0,7,8,1,20,26,9,48,0,5,1,18,16,8,3,13,1,2,25,1,0,7,1,2,25,14,4,1,2,1,6,2,2,0,2,4,1,3,19,7,11,5,3,3,0,9,13,2,4,2,15,1,29,0,4,4,13,0,1,20,3,11,21,5,4,0,23,7,27,1,7,3,2,4,0,2,8,2,9,5,17,5,4,0,2,1,7,1,24,20,2,37,1,0,0,2,3,12,70,2,3,17,9,1,5,5,2,19,20,0,1,19,7,1,3,9,0,11,3,0,3,19,18,29,3,3,1,46,1,1,3,3,5,10,5,1,20,25,1,16,8,8,9,19,4,1,0,2,12,11,8,2,2,1,1,7,11,22,7,0,14,9,7,4,8,6,6,11,1,41,9,3,6,2,0,45,2,13,1,11,1,4,0,23,38,10,17,14,3,16,2,9,3,3,6,5,7,20,11,30,2,1,5,2,8,7,11,15,32,2,7,4,2,3,24,18,2,1,1,13,16,1,17,21,0,0,5,4,8,10,9,15
"1",13,6,1,7,21,2,10,12,8,1,2,26,8,1,13,2,2,2,14,26,3,32,25,10,1,0,9,2,64,4,0,1,2,10,11,0,25,23,3,10,7,2,2,24,17,4,2,6,32,3,19,3,3,11,3,1,2,27,2,9,1,9,4,0,1,3,17,28,13,28,2,36,1,3,4,4,0,8,9,17,6,7,12,1,16,19,2,3,2,20,0,15,15,11,39,1,10,3,17,10,9,9,3,0,1,24,4,1,6,2,2,28,32,8,1,3,0,4,3,1,2,5,16,1,1,5,3,14,8,4,2,2,2,14,2,14,0,32,1,23,1,4,5,6,2,0,17,7,11,13,10,2,1,20,7,25,1,4,4,2,11,2,2,8,2,4,5,13,1,6,0,7,4,8,0,29,28,0,20,4,0,0,2,2,26,66,5,6,15,10,7,2,5,0,11,12,3,2,25,2,1,3,2,1,8,4,0,2,14,2,28,16,2,1,48,2,4,2,6,2,18,0,0,26,22,7,19,3,10,9,16,3,4,1,2,17,18,6,0,4,2,2,1,7,21,7,0,10,15,3,4,3,3,9,6,0,18,9,2,5,3,0,44,6,16,6,8,4,10,0,40,29,29,20,11,2,17,3,11,0,5,12,4,6,30,20,42,1,2,4,3,3,2,6,18,23,1,7,2,0,3,30,11,0,3,0,15,13,1,22,24,0,0,6,8,14,7,13,11
"1",11,1,3,4,37,2,22,17,8,3,1,23,22,3,19,1,5,0,13,28,5,29,22,18,1,1,12,3,53,5,1,5,1,2,17,2,25,42,5,14,3,11,7,25,17,4,1,8,28,2,20,5,0,4,3,4,2,28,3,12,0,17,1,0,2,0,19,29,32,34,0,28,1,2,6,1,1,17,6,19,1,3,3,0,13,11,1,4,4,9,2,18,10,6,38,1,12,0,12,21,17,5,7,2,2,24,1,0,11,2,0,23,17,6,4,6,1,7,5,0,1,5,17,4,1,14,4,18,11,10,2,1,4,13,1,22,3,26,1,20,1,3,3,10,2,0,23,7,9,17,13,5,2,21,7,46,5,3,2,3,8,1,7,10,3,6,2,9,1,4,0,7,2,2,2,34,18,1,17,1,0,0,1,2,33,57,4,10,19,13,5,0,5,7,16,11,2,1,22,3,2,3,3,0,8,2,0,3,24,8,42,14,0,2,39,1,0,9,6,4,5,1,0,15,17,2,15,1,7,9,30,1,4,2,2,8,14,10,0,4,0,5,4,10,19,6,0,13,11,3,6,9,1,4,6,1,36,5,1,3,3,3,33,2,22,2,9,3,9,1,32,31,17,7,10,2,12,5,11,1,8,13,11,11,36,14,36,2,1,4,3,4,1,7,7,23,1,4,5,4,2,31,13,1,2,1,17,18,0,18,26,1,0,0,9,14,15,17,17
"1",18,10,1,5,35,0,27,15,12,7,2,31,21,1,8,1,5,0,15,27,1,25,21,25,2,0,5,8,46,4,1,6,4,10,12,2,24,38,7,20,1,7,7,17,8,5,1,11,31,0,34,1,1,8,2,3,3,27,4,6,1,16,3,1,1,2,14,34,31,25,1,30,1,3,10,0,0,10,8,17,5,7,7,0,10,20,0,3,0,15,3,10,9,5,51,1,8,6,18,17,13,6,7,3,4,30,1,0,9,3,0,20,34,4,3,3,1,7,5,0,1,5,10,0,1,12,3,6,13,4,4,0,7,16,1,15,2,27,2,32,1,6,9,18,1,0,27,9,10,7,13,3,0,20,10,22,2,8,1,6,10,0,4,13,2,7,1,10,2,7,0,2,1,0,2,23,21,2,15,0,1,1,0,0,20,50,2,7,7,4,7,3,5,7,6,26,0,1,22,6,1,2,5,0,8,0,0,6,15,7,24,6,1,2,40,1,5,5,2,2,7,6,0,20,29,1,16,3,5,4,24,6,2,1,3,11,11,6,2,4,3,1,1,8,24,3,0,17,8,5,0,7,4,4,5,0,22,11,1,3,4,0,24,3,15,3,4,2,11,1,28,31,25,12,12,5,30,1,7,1,10,6,9,13,10,9,34,1,5,7,0,6,1,10,17,18,7,6,7,1,2,17,22,1,1,1,12,16,0,13,13,0,0,1,9,8,12,13,17
"1",18,3,2,7,16,0,23,19,4,3,1,44,17,5,8,2,3,0,9,23,2,28,21,13,2,0,15,3,48,1,1,7,4,6,16,3,23,20,4,14,2,5,4,28,13,2,2,5,27,0,14,0,2,2,4,3,1,36,3,10,4,10,1,1,1,2,22,31,18,25,0,41,0,2,4,2,5,17,5,23,7,7,14,0,6,24,4,7,2,12,1,13,11,6,27,0,4,11,22,10,10,6,12,0,0,36,0,0,18,3,0,40,25,5,1,1,1,5,1,3,1,5,13,0,3,15,2,11,14,7,2,2,1,10,1,21,2,19,0,29,1,7,8,13,1,1,23,10,13,19,6,2,3,11,9,33,1,10,4,3,5,0,6,13,1,3,9,9,4,2,0,7,2,4,1,26,31,3,21,0,1,0,2,0,18,60,5,5,15,6,7,3,5,2,13,12,2,2,16,8,0,2,4,0,11,2,0,0,19,14,26,9,0,1,44,0,3,3,5,4,11,3,5,8,23,3,17,7,8,8,21,2,5,2,2,10,15,9,0,3,0,0,7,7,21,4,0,21,12,8,2,9,10,4,3,2,30,13,7,6,0,3,34,3,17,8,6,0,8,1,29,32,22,22,4,0,19,0,4,2,4,8,4,5,34,14,38,3,4,10,3,5,2,9,14,30,1,2,2,1,1,27,18,1,1,1,20,20,1,28,17,1,2,2,11,1,12,8,14
"1",6,4,1,3,23,1,16,17,9,2,2,30,16,3,20,2,4,0,22,27,4,47,20,14,1,0,6,3,36,2,2,3,1,16,16,0,16,29,2,15,7,3,2,25,12,12,1,0,30,4,31,1,0,13,1,4,1,28,2,7,1,18,7,1,1,2,16,21,19,33,0,33,1,3,4,3,2,14,1,18,2,4,15,2,13,15,7,3,3,6,3,11,11,10,43,1,6,0,20,4,15,6,12,1,1,30,2,0,18,2,0,35,21,12,0,4,2,3,2,0,0,2,12,0,0,18,4,4,9,9,2,2,1,18,0,20,1,22,0,30,2,3,7,15,2,1,19,10,6,22,11,5,2,21,2,31,3,2,2,3,6,1,2,12,2,1,6,7,1,3,0,5,0,3,1,24,14,8,20,1,2,0,5,3,24,63,2,8,16,3,3,4,7,2,15,20,0,2,23,4,1,1,3,1,12,1,1,5,19,4,33,14,4,1,38,0,6,6,2,3,12,3,0,33,25,2,12,0,8,9,17,4,6,2,1,6,13,9,1,5,1,1,6,9,14,12,0,13,12,3,4,10,5,5,8,0,46,13,4,8,0,2,20,4,22,3,6,5,13,2,28,31,25,25,9,6,16,2,11,2,11,7,2,5,29,14,45,1,0,6,0,4,1,2,18,21,1,6,4,2,1,25,6,3,0,2,31,13,0,13,17,4,1,1,6,7,7,10,27
"1",9,5,1,8,16,0,20,15,6,2,3,29,20,2,8,1,12,1,16,24,4,22,26,13,2,0,7,3,49,2,2,4,2,9,33,2,20,33,4,19,3,4,2,14,11,2,3,7,22,4,20,1,3,8,4,1,6,21,2,5,1,12,2,0,1,4,22,22,20,24,3,36,0,0,4,1,2,9,6,18,4,6,6,2,14,16,3,2,3,10,0,15,14,13,30,2,9,1,16,15,16,3,14,0,0,25,1,0,14,1,2,23,20,6,1,0,0,1,3,0,0,0,8,0,0,9,3,6,2,5,2,0,5,14,2,3,2,28,0,22,1,2,3,6,2,4,20,4,9,11,14,1,2,19,11,33,4,5,1,3,8,0,10,6,1,3,2,8,5,3,0,3,0,2,1,22,19,2,14,0,1,1,1,5,30,65,2,4,18,3,3,1,2,6,19,16,1,4,26,7,0,1,3,0,13,1,1,4,35,12,26,13,1,2,37,0,4,3,6,2,13,5,3,18,19,5,24,1,4,9,19,6,4,3,3,10,14,12,1,5,2,1,0,10,14,4,0,15,13,6,5,4,10,2,7,0,28,11,1,4,1,3,29,7,10,4,8,1,10,0,23,38,23,15,13,5,24,3,3,1,6,9,4,7,23,21,28,1,3,3,3,12,1,5,23,32,3,0,6,5,2,27,13,5,0,0,15,16,0,17,12,1,1,2,4,4,13,19,15
"1",19,3,0,1,20,1,17,11,6,3,1,26,19,2,16,10,3,2,13,28,3,28,23,16,0,1,12,5,49,4,2,7,0,13,28,1,16,19,1,7,1,7,5,23,20,5,3,7,41,5,23,4,1,10,4,3,1,32,3,2,3,11,4,0,2,4,17,18,17,19,0,30,1,4,8,2,4,15,8,16,3,6,12,2,10,17,1,3,4,9,10,17,6,13,36,1,4,1,15,20,11,1,3,1,3,26,3,2,8,3,0,24,20,7,0,3,0,6,1,1,2,4,7,0,0,16,5,5,8,3,4,3,5,5,0,15,2,17,2,23,1,2,6,10,2,1,19,3,12,16,14,6,2,19,5,36,5,7,3,2,3,2,10,9,5,3,1,11,0,5,0,6,1,2,1,25,13,1,15,0,2,0,1,1,25,73,2,5,26,11,3,2,2,0,8,21,2,1,19,7,4,5,4,0,13,1,1,2,11,5,34,10,2,1,37,1,3,11,2,1,4,0,1,14,21,0,15,2,10,8,21,1,4,3,3,6,24,5,2,1,1,1,2,10,24,8,1,23,13,11,2,7,7,7,6,0,22,11,0,3,2,1,28,7,15,3,12,4,8,0,21,30,22,11,11,0,8,7,10,3,5,5,7,12,45,21,48,0,3,10,2,6,4,10,17,21,2,6,9,5,3,25,8,0,5,1,14,17,2,14,12,1,1,0,7,4,10,7,16
"1",20,7,4,9,15,0,10,16,10,7,0,24,31,5,7,3,4,0,6,23,2,17,12,15,0,3,7,4,43,3,2,6,2,3,27,0,24,30,6,8,3,6,8,26,18,10,2,8,26,3,31,4,0,3,3,3,0,24,2,6,2,9,3,0,0,5,17,16,14,16,1,27,2,4,8,0,2,14,14,18,8,8,13,0,13,15,6,0,2,5,1,13,7,14,39,0,9,5,11,16,18,1,6,1,1,27,5,0,13,1,0,42,22,10,3,0,2,5,2,4,1,3,9,0,1,15,2,9,13,3,4,0,3,10,3,15,0,26,1,31,1,2,2,9,0,1,26,2,7,19,11,1,1,13,5,20,4,3,4,4,7,0,4,17,1,4,4,11,4,5,0,8,1,5,1,25,25,0,30,0,1,0,7,3,29,66,4,4,18,11,4,4,9,7,12,18,0,2,18,3,3,3,7,0,12,2,0,2,23,5,31,12,2,5,41,0,3,5,1,6,6,3,1,16,17,1,16,2,7,5,25,3,5,7,2,3,13,7,0,3,3,2,3,5,19,7,1,20,13,6,3,8,8,10,5,2,22,10,2,5,2,1,35,4,11,2,6,2,7,0,25,25,18,17,6,1,16,6,6,3,3,8,6,4,27,7,42,1,1,4,2,5,0,6,13,26,2,8,3,1,5,26,6,0,3,2,16,22,1,23,13,1,0,1,12,6,11,16,16
"1",20,3,1,1,15,1,12,11,8,7,2,25,11,7,7,2,4,1,10,16,1,38,23,19,2,0,20,8,30,2,1,9,1,3,28,4,27,21,5,12,4,3,1,16,17,8,0,6,19,0,13,1,0,2,2,0,1,20,3,8,0,9,5,1,0,1,24,26,10,42,2,52,0,1,5,0,2,18,6,11,4,5,5,0,11,29,3,3,1,14,1,10,6,9,52,1,6,8,22,12,6,5,3,0,4,23,1,1,14,2,1,23,26,8,0,2,2,5,1,1,6,4,8,2,0,12,13,19,6,9,1,0,9,6,1,8,2,25,1,21,0,3,3,14,2,1,17,3,6,13,5,2,2,25,7,40,2,7,3,2,7,0,6,12,2,2,2,6,3,3,0,9,1,11,0,19,28,6,20,0,0,1,0,1,29,49,2,6,27,7,8,4,4,3,14,10,3,3,16,6,2,2,6,0,8,3,0,0,22,2,28,16,0,1,45,0,3,4,3,1,7,3,0,21,19,0,15,1,3,8,25,4,4,6,1,12,13,6,0,2,0,3,3,14,22,8,1,15,8,6,1,9,7,8,9,1,30,13,1,3,1,0,38,2,21,1,5,3,11,1,23,21,22,20,13,0,19,1,5,0,5,5,4,8,34,20,40,5,6,9,3,4,0,8,13,20,0,2,2,1,1,25,10,1,1,2,8,21,1,14,14,1,0,4,1,11,7,7,15
"1",21,8,1,5,13,2,16,10,10,9,0,27,13,8,14,2,0,2,4,23,6,21,19,18,2,1,16,10,33,4,0,6,1,4,25,3,21,23,4,7,0,4,2,15,14,13,1,3,16,0,19,1,4,5,2,1,1,24,3,9,1,16,2,1,1,4,21,22,12,24,2,30,0,3,10,1,1,5,8,12,6,9,9,0,5,21,1,2,2,14,0,7,8,9,46,0,6,6,18,8,16,5,7,2,2,22,2,0,15,3,1,38,20,7,8,1,0,13,8,0,3,4,10,2,2,19,4,5,11,6,2,0,5,12,0,13,1,24,0,25,0,2,4,13,3,0,25,10,7,24,4,2,1,26,4,32,6,4,2,4,11,1,10,16,3,6,3,4,1,3,1,4,1,0,1,23,24,1,21,0,2,0,3,1,23,61,3,8,11,4,6,2,9,3,10,18,2,3,18,5,4,4,2,2,3,0,0,5,24,3,42,13,5,2,32,2,1,7,3,1,4,5,0,12,26,3,15,2,8,5,24,3,1,2,6,10,12,4,0,3,1,1,5,6,21,4,0,21,15,5,1,4,5,1,6,0,12,15,1,3,3,3,37,3,22,0,13,4,4,3,32,34,16,20,7,2,31,7,8,3,6,5,7,6,23,17,27,1,0,11,0,9,2,5,15,14,2,6,3,2,2,16,12,1,0,1,12,23,2,21,15,1,1,2,3,13,7,10,8
"1",12,6,1,4,19,1,18,9,7,7,0,24,15,3,9,3,6,1,10,30,4,37,21,11,0,2,7,4,66,3,3,4,5,4,14,1,22,32,2,17,3,5,8,20,12,9,1,12,26,2,7,1,2,9,4,1,1,32,3,8,1,12,1,0,4,6,20,21,20,25,2,22,1,1,8,2,0,18,10,13,12,3,18,0,11,18,1,1,1,7,2,16,19,3,55,1,12,0,23,16,10,1,12,1,2,21,0,1,17,2,0,33,16,10,4,7,0,5,5,0,0,1,10,1,0,18,5,8,6,2,2,1,0,7,1,12,0,18,1,28,1,5,4,19,1,2,19,9,6,14,10,0,1,22,5,37,7,7,0,4,14,4,5,14,1,2,5,9,2,7,1,4,3,2,1,21,16,3,27,0,1,0,3,0,28,63,4,6,12,6,5,4,3,5,14,15,1,1,16,7,1,3,3,0,9,1,0,5,19,5,26,20,1,1,33,1,3,4,2,2,13,6,2,20,20,4,11,1,5,2,18,4,3,2,1,11,20,10,2,2,2,1,3,1,19,5,1,14,10,5,5,7,9,8,3,2,31,6,1,9,2,0,32,9,27,4,11,2,8,1,16,33,20,13,8,2,16,2,9,3,4,7,7,7,25,12,30,1,1,7,0,5,0,5,18,24,8,5,2,4,1,27,14,1,2,2,11,18,2,21,12,1,0,1,5,1,6,7,21
"1",16,2,1,2,23,0,24,13,8,4,1,21,21,3,12,5,5,0,9,22,5,25,21,13,2,0,11,0,45,6,2,6,0,5,33,2,26,24,2,8,1,3,1,16,21,7,4,9,21,2,28,0,3,6,0,2,1,22,0,6,2,20,2,0,2,5,17,23,29,22,1,31,1,2,5,0,4,16,7,14,4,3,14,0,10,9,5,6,3,9,2,17,9,14,52,4,7,1,20,16,7,3,7,0,1,29,0,1,10,2,0,28,11,4,1,3,0,9,3,0,0,3,8,1,0,20,9,9,8,5,4,2,4,12,1,7,1,22,2,16,1,1,3,13,1,1,32,6,11,7,7,3,4,25,8,18,4,2,2,4,12,0,8,10,1,6,2,5,3,8,0,2,0,0,1,25,17,4,22,1,0,0,2,0,30,58,3,4,18,12,13,2,7,3,16,16,2,1,12,4,0,0,4,2,11,0,0,2,24,11,37,17,2,2,45,1,9,5,1,1,11,5,2,26,23,1,27,0,7,13,8,2,2,2,4,16,14,12,2,6,0,2,8,10,15,5,0,21,7,9,2,2,3,5,10,0,28,8,1,9,4,1,36,4,19,3,13,9,6,0,25,28,29,21,9,5,6,3,7,1,8,6,7,7,23,22,41,1,4,7,1,8,3,10,13,29,3,4,3,5,3,23,8,0,0,1,6,11,3,19,13,1,3,1,2,5,9,12,6
"1",14,4,2,8,21,1,14,16,4,7,1,19,19,4,13,3,5,1,13,25,4,34,14,7,2,2,10,5,45,6,2,5,0,6,11,1,24,36,2,18,0,3,5,25,16,10,5,1,25,1,19,1,1,5,0,2,1,21,6,11,0,7,1,1,1,6,19,21,27,21,0,36,1,2,4,1,0,4,11,20,5,4,10,0,15,22,4,6,0,11,0,12,6,5,36,1,7,2,24,12,7,4,9,0,3,26,0,0,16,7,2,26,21,8,5,3,2,5,2,2,0,3,3,1,1,15,3,10,5,0,6,1,2,10,3,9,1,24,0,15,0,4,3,21,2,0,20,3,7,13,9,2,1,22,4,26,5,3,2,6,18,0,6,17,1,9,4,4,3,6,0,6,0,3,0,32,19,4,9,2,0,0,2,3,17,60,2,3,19,6,7,4,8,5,17,14,1,3,16,6,5,2,3,2,16,0,0,2,17,13,22,18,0,2,40,0,6,12,10,4,8,5,1,14,24,0,23,1,9,10,21,4,2,0,2,11,21,12,0,3,2,2,1,6,17,8,0,8,6,7,6,11,10,4,5,1,17,10,0,12,2,0,32,2,18,10,11,4,6,1,31,34,22,13,8,1,13,4,3,3,12,8,9,7,27,27,54,0,5,6,1,12,2,8,17,16,4,2,11,3,4,29,5,0,0,3,5,21,3,28,20,0,3,2,10,11,13,6,21
"1",19,3,4,5,19,0,16,17,8,5,1,23,16,5,15,1,6,0,7,27,3,33,12,17,1,0,7,5,45,1,1,5,3,10,11,2,23,23,5,15,2,5,4,17,13,6,4,8,33,5,21,6,0,7,1,4,0,21,6,5,2,10,5,0,2,6,11,29,19,29,2,28,2,6,5,4,1,17,6,14,5,2,14,0,8,14,2,4,3,12,5,24,10,4,42,2,4,3,10,21,7,5,14,2,2,28,0,1,10,8,2,26,10,7,1,1,3,5,4,0,0,3,16,0,1,15,7,5,10,6,1,0,5,9,1,10,3,27,0,33,0,3,3,11,1,1,18,5,9,12,11,2,3,23,7,28,3,5,0,6,9,1,4,11,0,4,2,2,3,11,0,8,5,11,1,21,12,6,15,1,0,1,4,5,34,53,2,5,14,4,9,1,1,4,17,22,4,0,19,4,1,7,1,0,8,3,1,3,20,10,29,16,3,3,45,0,1,5,2,4,7,4,1,11,24,4,17,1,9,2,18,3,2,0,2,20,21,19,0,5,1,2,2,6,18,4,2,19,17,4,5,9,7,4,6,2,15,14,1,13,3,0,20,7,8,2,11,6,10,2,25,27,14,17,11,3,18,4,13,3,9,10,8,8,27,15,32,3,9,8,1,3,3,14,17,35,1,7,2,4,3,17,8,1,0,1,16,16,2,15,14,4,3,3,5,6,11,5,24
"1",14,4,0,7,21,0,20,13,4,1,1,21,12,5,14,0,6,0,13,22,1,15,13,18,1,0,9,1,28,1,1,7,2,12,31,0,20,24,5,16,2,7,4,26,15,5,3,3,32,0,24,1,3,4,3,1,0,23,3,13,2,6,3,0,0,3,19,24,23,44,3,29,1,1,7,0,2,8,9,21,3,2,5,1,12,21,2,6,5,11,4,15,9,12,40,0,10,2,16,26,10,3,5,1,1,23,0,1,11,2,0,27,22,7,1,3,2,3,5,1,0,5,10,0,2,13,8,7,5,1,3,0,2,6,2,9,5,24,2,25,2,1,4,12,3,3,20,13,8,10,6,2,4,39,4,13,0,1,1,3,5,1,5,8,0,5,3,11,2,3,0,3,1,2,0,20,25,1,15,1,0,0,1,2,24,65,2,8,17,7,9,3,5,3,12,16,3,0,18,8,4,1,5,1,5,0,1,5,19,9,37,7,0,1,43,4,6,3,1,2,6,2,0,20,13,4,14,0,6,3,24,7,3,2,2,18,25,6,0,2,2,3,4,8,24,7,0,20,12,5,5,8,3,3,7,3,16,10,2,6,5,0,35,6,11,4,9,5,4,3,21,19,16,20,6,4,12,2,8,1,8,10,3,5,19,14,41,3,5,2,2,8,1,6,22,13,2,5,5,3,4,30,13,0,1,2,11,16,2,23,23,0,0,4,7,14,9,5,14
"1",17,3,0,4,21,1,21,12,3,1,3,18,19,1,15,0,5,1,5,29,4,24,18,13,1,0,11,5,43,6,0,5,3,8,23,1,28,32,3,20,4,5,2,24,10,10,4,3,30,1,25,1,1,2,2,2,2,35,0,7,0,15,6,0,1,2,12,37,16,16,1,25,3,0,3,2,3,11,10,11,3,2,7,2,6,19,2,1,2,13,3,19,15,10,29,1,7,8,15,17,9,1,13,0,3,30,2,0,17,0,2,34,28,6,0,3,0,4,2,1,1,3,9,3,2,12,2,9,9,3,3,2,8,12,3,5,2,20,2,26,0,10,6,7,1,2,32,5,11,8,20,2,2,25,6,20,1,3,0,2,12,0,7,17,2,4,2,10,0,4,1,3,1,4,0,23,18,4,18,0,1,0,7,4,34,59,6,4,13,4,2,1,11,1,15,17,2,0,30,5,3,4,4,0,8,8,0,2,16,8,33,13,2,1,33,0,7,7,5,5,15,1,2,13,19,4,20,2,5,1,26,3,5,1,5,10,16,5,1,6,0,3,5,15,17,6,0,15,10,7,5,5,6,2,5,2,20,11,0,7,0,2,27,6,17,4,10,0,7,0,24,42,19,13,18,2,10,2,11,1,4,6,3,2,21,15,40,1,5,6,4,3,0,11,9,25,3,6,9,3,6,27,13,2,1,1,18,11,4,22,8,1,1,0,3,8,15,12,8
"1",14,8,1,1,24,0,15,23,9,2,4,16,21,1,21,2,4,0,11,23,6,29,20,21,0,0,10,4,42,4,1,4,3,10,26,1,26,25,6,14,3,7,1,24,18,9,0,5,26,2,14,2,1,8,0,1,6,28,3,9,4,13,4,2,9,4,17,44,17,29,0,30,1,2,9,1,1,8,11,20,5,2,9,2,4,24,2,3,4,5,1,20,4,4,52,1,7,1,14,19,6,6,10,1,1,17,4,1,11,1,1,33,30,3,0,0,0,6,1,0,1,8,18,0,0,12,9,10,7,6,3,1,2,18,2,12,1,26,2,33,0,1,5,7,3,0,22,3,5,7,17,2,1,20,10,24,7,2,2,7,7,1,7,12,1,1,0,9,0,3,0,3,2,1,1,17,19,7,26,1,2,0,3,1,27,54,5,9,10,11,9,2,5,2,11,18,0,0,28,7,1,1,3,0,18,3,0,6,22,13,32,13,0,2,50,0,4,6,3,5,12,1,1,10,16,5,11,0,4,6,19,3,2,2,2,13,13,10,0,3,0,0,2,7,23,7,0,15,13,13,0,7,7,0,4,2,24,9,1,5,2,0,32,10,8,5,7,3,5,2,31,32,16,19,10,2,21,7,8,4,9,6,7,2,30,12,39,3,1,4,4,6,2,3,11,20,4,5,6,6,1,25,6,1,0,3,10,28,2,29,21,1,1,1,7,4,10,10,9
"1",13,5,1,5,16,1,9,18,8,2,1,30,12,1,18,3,4,1,8,18,4,31,16,13,2,0,11,3,41,3,1,7,1,7,22,4,25,30,5,13,1,4,4,23,15,7,0,5,44,0,21,0,1,10,2,4,1,18,6,9,1,13,4,0,3,3,15,26,40,25,1,28,7,0,9,0,3,10,8,17,6,1,5,1,6,8,2,2,1,3,1,10,23,11,40,2,10,6,14,18,11,3,8,0,5,36,0,1,8,3,0,41,9,6,0,4,1,14,5,2,2,3,5,2,2,23,10,7,4,4,2,0,3,8,1,9,1,21,0,29,1,3,2,12,1,0,19,4,13,20,8,5,5,31,6,15,5,2,0,4,7,0,9,18,5,0,3,7,7,6,0,13,0,0,0,27,19,0,19,2,0,0,3,2,32,51,3,7,10,10,4,5,1,3,20,12,0,0,13,6,6,2,8,0,9,3,1,5,19,10,43,7,0,1,41,0,4,1,2,2,17,4,0,20,28,1,16,1,5,6,18,1,5,4,1,10,17,8,1,1,2,2,4,4,15,3,2,15,7,8,4,9,7,0,7,0,34,9,3,5,1,1,32,5,12,2,19,4,5,0,22,35,24,19,11,0,18,5,5,1,5,8,4,19,27,22,45,3,4,4,1,5,0,4,12,18,1,7,9,7,3,24,9,3,1,2,24,19,1,18,13,3,1,1,8,4,13,9,12
"1",13,7,2,2,24,1,13,14,9,3,2,27,27,3,15,2,5,0,12,29,3,30,9,11,0,0,10,7,47,3,3,5,4,11,18,5,30,23,3,19,3,8,6,21,15,6,2,4,25,4,29,2,4,8,4,4,5,16,1,3,3,8,4,0,2,4,10,27,21,44,0,36,2,2,7,2,1,18,5,14,4,3,11,3,13,31,2,4,0,9,2,11,17,5,44,0,7,2,12,20,12,5,14,1,1,28,5,3,12,2,2,38,17,3,3,3,0,6,3,0,1,5,7,0,3,23,9,1,12,2,1,1,5,6,1,13,1,27,0,24,0,1,7,14,1,0,16,6,11,28,19,0,0,20,7,23,9,8,5,5,6,0,6,10,1,4,1,6,4,3,0,7,3,8,1,31,25,2,14,1,3,0,4,0,34,58,6,15,16,8,7,1,1,3,15,8,1,1,23,3,0,2,8,0,15,3,1,5,17,6,31,9,1,1,30,1,5,2,3,1,2,2,2,20,24,0,18,0,2,7,31,2,2,2,3,9,19,4,3,4,1,7,3,8,12,11,2,17,12,4,2,7,7,1,7,2,25,9,0,3,2,0,30,5,10,4,10,5,9,0,26,37,16,18,7,0,26,3,8,3,5,3,7,9,25,17,36,2,5,4,0,6,0,8,26,28,7,4,4,4,1,18,13,0,0,2,14,22,2,12,16,1,0,1,12,8,13,8,11
"1",16,5,1,1,21,1,12,8,1,2,5,18,14,1,13,4,7,1,10,19,3,17,15,16,3,1,11,8,62,4,3,4,3,9,28,4,25,19,2,10,1,4,2,25,11,2,2,4,25,3,16,7,1,9,2,6,1,24,1,8,0,12,4,0,0,1,15,19,25,27,1,43,0,2,9,0,3,16,2,10,5,3,5,1,12,13,4,6,0,10,2,16,13,10,37,0,2,9,9,17,11,2,9,2,3,18,0,0,18,2,0,27,21,3,3,3,2,14,2,1,1,5,6,0,1,10,5,8,7,8,2,2,5,13,2,13,1,21,1,22,0,7,2,17,0,3,20,4,12,14,5,0,3,24,6,23,2,6,3,4,7,2,6,9,4,1,3,11,1,5,0,2,2,4,0,19,25,1,24,0,0,0,3,1,34,48,7,7,10,9,5,3,3,3,14,6,0,4,16,3,3,4,1,1,4,0,1,4,25,5,30,16,0,0,32,0,4,1,3,3,5,6,2,13,19,6,25,0,6,8,26,4,3,3,1,6,15,2,0,7,2,0,7,4,21,6,1,15,10,8,3,13,4,3,2,1,19,17,0,4,4,3,28,4,18,2,10,4,4,0,35,31,24,20,14,3,19,1,9,2,2,3,12,12,25,14,49,0,4,16,2,5,1,12,11,22,1,3,4,5,3,26,13,0,1,2,16,21,1,22,14,2,1,4,8,8,14,6,19
"1",5,7,1,1,15,0,4,16,9,2,1,14,17,2,17,2,3,0,7,30,4,33,15,12,0,0,10,3,51,0,0,2,3,6,16,1,30,33,1,12,3,6,1,27,11,6,1,7,20,2,23,3,0,14,0,1,2,23,2,9,2,15,2,1,0,2,29,25,14,22,3,27,2,0,4,0,0,13,7,24,7,4,3,2,6,23,3,1,1,5,4,11,9,11,48,0,13,4,13,18,14,4,5,1,1,24,2,0,11,2,2,31,19,6,0,0,0,7,4,3,0,3,12,1,1,20,3,4,3,4,0,5,2,7,0,8,3,24,1,30,1,2,10,12,2,2,16,8,6,10,11,2,0,26,2,21,2,2,4,3,5,1,6,10,1,5,6,7,2,7,1,6,6,7,0,22,26,2,10,2,0,0,0,3,30,71,3,8,13,5,8,4,2,2,12,14,0,1,12,1,0,2,0,0,11,0,2,3,21,11,33,17,4,3,42,4,0,6,5,4,7,2,1,22,13,2,14,3,6,8,24,6,4,3,1,20,15,6,1,3,3,3,4,9,16,2,0,18,8,4,3,11,12,5,9,1,26,9,0,7,4,0,36,5,7,5,8,3,4,1,48,34,18,15,4,6,22,3,10,4,11,6,8,3,18,19,38,7,3,6,1,4,1,7,12,12,1,3,4,3,3,23,19,2,0,1,10,14,4,13,19,2,1,3,3,10,9,13,9
"1",11,3,2,5,20,1,10,14,3,0,0,28,22,11,8,2,7,2,12,27,2,22,12,17,3,0,9,5,62,2,3,2,2,19,23,1,23,17,1,9,4,0,3,15,11,4,1,11,29,2,29,7,0,2,0,2,5,34,1,3,0,13,7,0,4,4,7,40,28,21,2,33,3,2,6,1,1,17,10,14,6,8,9,0,8,12,2,4,3,11,2,11,9,15,30,1,8,7,14,21,11,3,10,1,1,30,3,2,16,7,0,31,7,6,5,3,1,7,2,1,0,2,13,1,2,12,4,9,6,6,0,3,2,15,3,9,1,19,1,29,1,2,1,6,0,1,18,4,9,12,3,2,0,23,3,25,3,7,0,2,11,2,5,17,2,4,3,5,4,6,0,4,1,5,1,14,21,4,19,0,3,0,4,4,18,66,5,3,13,6,4,5,8,4,19,10,2,0,27,5,3,4,7,0,10,2,0,4,22,8,31,10,0,2,33,3,6,4,3,1,7,4,1,8,26,0,18,7,6,10,23,1,3,1,2,8,16,7,4,5,0,4,4,5,20,4,0,9,11,6,2,12,7,10,16,1,28,18,4,7,3,0,28,7,10,4,4,2,12,1,26,39,17,8,16,0,35,7,8,8,9,7,7,9,26,13,24,4,0,5,2,9,2,4,22,20,1,5,4,8,2,16,14,0,1,2,16,24,4,28,16,1,0,2,8,6,13,9,16
"1",15,11,3,3,19,2,18,13,9,0,3,25,14,4,8,1,4,0,10,17,6,26,12,15,1,1,9,7,35,8,3,5,0,5,27,0,20,23,1,22,2,1,2,25,14,2,0,5,26,1,16,0,1,7,2,1,5,25,6,9,0,9,4,0,2,0,14,22,26,20,3,38,0,4,4,1,1,14,13,24,3,7,14,1,8,19,5,4,1,5,4,11,13,12,43,0,2,3,14,15,11,5,7,2,2,32,2,0,12,1,1,25,23,10,1,1,1,3,3,0,0,0,8,0,0,18,1,6,4,6,0,1,1,3,0,5,2,30,1,38,1,3,6,21,1,1,16,3,10,16,6,2,3,23,4,41,1,9,3,1,6,5,7,14,0,2,5,10,4,2,0,2,2,0,0,14,20,4,20,1,1,1,2,1,31,61,2,6,29,16,4,2,4,2,18,16,1,1,30,5,1,5,2,0,8,0,0,3,21,4,21,13,1,5,37,0,3,2,2,0,16,4,0,25,25,1,22,0,3,10,17,3,3,1,0,16,12,6,1,4,1,0,5,5,18,7,1,10,8,6,2,5,7,2,6,1,32,3,2,10,1,2,49,9,17,4,8,4,4,0,41,35,16,23,15,3,8,5,3,4,4,8,8,6,32,18,41,2,2,8,0,5,1,1,9,21,3,4,0,3,6,22,15,0,3,0,10,27,1,27,18,4,0,1,6,6,17,14,20
"1",10,6,0,4,13,1,16,17,7,3,0,33,19,0,13,0,7,0,12,25,7,23,16,12,3,3,7,6,56,2,2,2,5,6,8,0,25,27,1,6,3,8,2,28,13,8,1,5,25,1,16,3,1,4,3,0,2,25,1,17,1,5,2,1,2,5,16,21,23,24,3,30,0,6,10,0,1,10,9,10,8,6,8,0,7,22,3,5,1,7,2,11,12,11,40,4,5,6,16,12,11,3,7,0,2,21,3,0,13,1,0,39,17,5,1,2,3,5,4,0,0,3,13,1,1,17,5,13,6,3,4,2,2,7,1,23,2,24,0,24,2,2,6,14,3,1,21,8,6,19,10,4,0,19,8,33,3,6,2,5,8,1,3,9,4,3,5,8,9,5,1,9,0,2,1,30,8,2,15,1,0,0,4,5,36,68,12,10,15,14,2,2,3,2,21,13,1,1,20,4,10,5,6,0,16,3,0,2,16,3,31,17,1,4,36,0,7,6,4,2,3,2,1,27,13,3,24,3,6,9,20,5,1,1,3,16,22,7,1,1,0,0,1,9,31,3,1,30,4,5,4,11,4,5,6,0,23,21,0,5,2,1,50,1,22,0,6,5,9,1,31,24,15,21,6,0,7,5,10,4,8,5,13,10,33,10,32,1,1,6,1,3,3,7,14,13,8,4,3,2,7,19,11,2,1,3,13,24,0,25,14,0,1,0,9,5,21,13,12
"1",10,3,6,5,13,0,23,9,7,0,0,23,18,3,9,2,5,1,22,26,3,30,16,19,1,1,12,9,52,6,0,12,2,9,20,1,26,26,6,8,4,2,4,20,14,10,0,9,20,2,21,3,0,12,2,1,1,20,1,6,1,14,2,2,0,4,20,31,19,27,2,39,0,1,8,6,4,9,11,40,8,7,17,2,19,20,2,3,0,5,4,10,9,6,38,3,11,4,12,7,13,2,2,1,2,26,1,0,13,1,1,34,19,7,4,2,0,13,4,0,1,4,15,2,2,9,6,6,4,1,3,2,2,7,1,14,2,14,2,28,1,2,4,18,4,0,17,10,5,18,11,2,0,20,11,21,0,7,2,5,9,0,0,15,2,1,0,5,4,4,0,6,1,4,0,27,15,3,22,0,3,0,5,0,22,55,8,2,15,10,5,1,3,1,20,14,2,1,22,2,2,3,8,0,6,2,0,6,13,8,40,7,5,2,40,0,7,6,5,4,12,11,0,14,16,2,22,3,5,6,29,1,2,1,1,17,22,4,1,4,4,0,5,11,24,7,0,22,10,3,8,12,5,4,4,1,28,19,0,5,3,2,26,3,17,5,3,3,11,1,31,27,24,11,12,2,13,1,7,1,1,4,6,9,27,17,30,6,5,8,1,6,1,7,17,19,2,6,6,2,0,22,17,0,0,2,11,13,2,21,15,1,0,3,4,4,5,15,13
"1",22,3,1,7,10,0,18,10,11,1,1,28,19,7,11,5,3,0,11,21,4,23,12,11,0,1,7,7,58,3,2,10,4,9,23,0,32,24,3,11,3,5,2,13,17,8,6,4,29,1,19,2,1,10,1,1,0,26,2,2,1,12,2,3,0,4,15,28,21,18,0,23,0,1,9,3,1,12,5,15,6,5,10,2,10,24,2,1,6,3,2,9,10,13,39,0,11,4,36,16,8,1,8,2,3,32,0,0,6,0,0,25,25,5,5,0,0,6,6,2,1,10,8,2,2,18,8,8,5,2,1,1,2,8,0,17,3,15,0,29,3,6,3,13,0,1,17,3,7,20,7,0,1,33,9,31,0,2,4,5,7,0,4,10,0,1,1,4,4,4,0,2,2,4,0,31,20,1,16,1,0,0,4,3,16,61,4,1,14,9,7,5,8,3,18,21,1,2,15,7,4,3,3,0,9,1,1,7,27,5,32,15,6,3,53,1,2,8,3,3,12,5,0,16,25,0,15,4,8,7,29,4,4,0,4,4,36,3,1,7,2,1,2,8,17,8,0,14,10,10,2,8,1,2,3,0,22,11,1,4,1,1,29,4,13,5,6,4,5,1,33,37,15,18,15,2,26,1,6,2,3,6,6,9,28,18,45,1,2,6,1,7,0,5,17,16,1,3,2,5,2,18,18,1,0,0,9,18,3,12,19,3,1,3,11,7,4,8,15
"1",13,4,1,4,24,0,21,12,8,2,1,28,20,1,16,4,2,1,12,30,3,21,19,20,1,0,8,7,37,4,0,7,6,5,27,2,16,24,1,15,2,8,2,31,5,5,1,2,25,2,18,0,1,4,1,1,0,29,3,9,1,17,8,1,4,5,20,27,13,24,2,47,6,0,9,3,1,17,12,22,0,5,16,0,9,22,4,6,3,11,2,10,15,9,40,0,11,2,24,16,9,1,11,2,4,25,1,0,15,3,1,46,27,3,2,3,2,12,4,0,0,7,12,0,2,20,9,9,12,7,3,0,4,10,2,8,1,24,0,42,0,1,2,15,1,1,28,3,6,6,13,2,2,20,8,15,1,5,3,6,10,1,9,8,1,2,3,8,6,6,0,4,0,2,0,30,16,7,25,2,1,1,2,2,16,41,6,6,17,3,3,3,5,2,9,22,0,1,18,10,6,4,8,1,9,3,2,8,18,14,31,11,2,3,39,1,2,4,4,3,5,3,1,19,26,1,16,1,6,11,18,1,9,1,5,16,18,5,4,3,1,3,4,9,22,5,0,12,15,6,5,6,5,0,6,0,38,20,2,6,1,2,29,8,12,4,8,2,6,2,29,32,14,20,9,1,16,2,15,3,6,5,14,4,23,12,44,4,3,6,2,4,2,6,14,31,0,5,2,6,1,36,17,5,0,3,14,19,1,21,12,3,4,3,6,6,16,7,17
"1",17,0,1,4,26,0,16,17,11,0,6,27,21,6,22,6,4,0,6,29,0,16,19,21,3,0,6,5,69,1,2,9,1,4,23,2,33,26,3,24,4,4,3,21,19,6,1,4,23,3,15,3,1,12,3,3,2,21,5,5,0,8,2,0,1,1,19,22,9,30,1,31,0,5,14,1,1,8,25,19,4,8,6,3,9,19,2,3,2,10,0,16,10,9,44,0,9,2,14,16,18,3,3,0,2,28,1,0,15,2,0,34,17,5,3,2,0,9,3,1,0,2,8,0,1,20,6,6,15,3,6,0,4,12,2,12,5,22,1,23,3,3,2,11,1,1,32,9,13,25,10,3,0,32,8,30,4,5,5,0,11,1,4,10,1,0,5,9,2,3,0,8,0,7,0,18,21,0,14,0,0,0,3,0,40,66,4,7,14,5,9,10,5,2,9,22,0,0,23,2,4,3,3,2,16,3,1,2,20,6,28,6,0,4,44,0,6,5,8,3,8,2,0,27,16,2,13,2,9,4,27,6,6,2,1,9,25,12,0,0,0,1,3,13,17,3,0,24,5,5,1,9,7,3,5,0,25,17,1,8,2,0,35,4,17,5,6,2,5,3,23,38,28,17,12,0,21,0,5,4,5,13,10,5,19,22,42,0,3,6,0,8,1,9,9,40,4,3,3,8,2,21,21,1,0,3,10,14,1,21,22,2,0,2,4,6,10,9,18
"1",17,3,1,3,14,1,14,7,10,1,0,35,20,5,14,2,9,0,10,40,2,31,25,6,1,0,5,4,43,8,2,9,1,5,25,1,25,27,3,13,1,6,3,24,16,10,0,2,22,3,20,2,0,5,0,1,2,15,1,3,4,13,5,0,1,4,12,26,17,24,0,41,0,3,3,2,1,14,13,19,9,6,8,1,6,23,1,1,1,11,4,8,14,7,36,2,10,3,22,17,12,3,8,1,2,39,5,0,15,0,0,26,27,6,6,4,0,7,3,1,0,1,10,0,1,14,9,10,6,5,3,2,3,6,0,13,0,16,0,35,3,3,8,10,2,0,28,9,13,13,5,2,3,29,6,35,4,5,2,4,2,1,7,13,1,0,4,6,6,5,1,2,2,2,0,35,17,3,22,0,1,0,8,1,27,54,8,6,14,5,9,1,6,3,18,8,1,0,15,4,7,3,4,2,16,2,1,0,16,8,28,7,7,1,36,1,2,5,0,4,11,2,0,17,22,1,9,0,4,13,24,4,1,0,3,15,11,10,1,11,0,4,2,12,12,4,1,23,6,6,7,11,6,3,7,3,29,20,0,5,3,1,46,2,26,5,4,1,11,2,26,28,26,23,11,0,12,4,4,0,6,10,17,5,27,18,39,4,3,9,1,1,1,5,15,29,2,3,8,1,1,31,5,2,1,1,10,20,0,13,8,0,1,1,6,11,11,7,19
"1",15,3,1,5,22,1,18,23,7,1,2,42,15,3,7,5,13,0,17,20,2,25,16,12,1,0,10,12,46,3,0,2,4,7,19,3,14,26,3,18,1,6,1,17,12,1,1,11,20,0,19,1,0,7,0,2,3,39,5,12,1,14,2,0,1,2,19,30,22,22,1,35,2,2,12,1,2,26,10,14,3,7,14,2,11,19,1,4,1,6,3,17,21,8,46,1,11,6,20,8,14,4,6,0,0,41,2,1,16,0,1,27,20,8,0,1,0,5,3,0,0,1,15,0,0,13,7,7,4,6,7,2,2,11,0,10,1,36,0,32,0,0,6,11,2,3,16,2,10,14,4,1,2,28,8,23,3,16,1,1,3,1,7,15,1,2,4,17,6,3,0,4,1,4,1,33,23,4,23,2,0,0,1,0,27,53,0,3,21,4,5,3,4,2,16,10,0,1,22,3,0,2,6,1,14,1,0,3,22,17,22,12,4,2,53,0,3,4,1,4,9,2,2,14,13,0,16,2,4,6,23,4,1,3,2,14,24,10,2,2,0,1,6,5,30,11,0,22,10,4,3,11,10,3,7,0,25,15,1,4,3,0,31,4,19,2,12,0,12,0,19,39,23,21,11,3,11,5,9,2,2,12,7,4,23,23,34,4,5,4,0,5,0,5,19,30,4,5,6,4,1,36,12,2,2,3,13,25,1,21,18,2,2,3,9,10,5,15,18
"1",16,2,4,5,16,1,16,22,6,2,1,34,28,8,10,0,1,2,14,16,4,31,14,16,0,0,9,3,50,1,3,2,1,5,15,0,21,21,2,15,1,7,2,22,11,7,1,9,31,2,23,0,2,13,1,2,1,27,4,11,0,17,3,1,1,1,27,18,25,23,2,30,3,0,7,2,1,12,11,25,5,4,4,1,9,19,1,3,0,8,0,14,9,8,45,0,8,1,14,23,14,3,6,0,4,28,0,0,9,2,0,24,9,13,2,1,2,7,3,0,0,3,10,0,5,7,4,9,8,8,2,1,1,4,1,9,4,32,0,14,1,2,4,7,3,1,12,3,8,6,15,5,1,15,8,26,3,3,1,4,11,0,4,7,4,2,3,8,7,3,0,8,0,4,0,25,19,2,14,0,1,0,5,2,23,66,6,10,24,9,3,0,4,3,9,13,0,4,20,10,0,6,3,0,6,2,0,4,19,6,19,5,0,6,62,5,1,4,2,3,7,8,0,15,21,0,12,2,4,7,27,5,4,3,0,8,11,3,0,3,0,0,8,5,16,3,0,28,12,7,2,8,12,3,7,1,32,13,1,8,3,0,36,1,17,4,9,5,4,2,27,39,21,25,14,0,15,5,5,3,8,4,4,7,24,14,35,1,1,7,1,9,1,5,9,18,7,7,4,9,0,25,18,0,0,1,10,16,1,10,14,1,0,2,6,7,5,11,11
"1",10,3,2,3,29,1,18,9,9,0,1,15,10,5,10,3,4,0,13,27,6,34,22,16,2,0,6,6,31,2,1,5,0,5,19,0,26,31,6,8,6,8,4,16,12,12,1,8,31,2,21,0,2,4,0,3,1,29,4,7,1,16,6,0,5,0,19,35,23,28,1,33,0,0,4,1,0,15,12,19,8,9,10,0,14,18,3,3,1,8,1,15,10,8,29,1,10,10,17,10,9,3,5,0,1,27,2,1,13,2,1,38,15,4,2,2,1,7,5,0,0,8,14,1,2,16,4,9,8,4,1,3,5,10,1,6,1,21,0,41,2,7,1,10,0,2,15,13,4,22,10,3,0,21,9,29,4,2,5,0,10,1,4,3,2,2,3,11,4,5,0,8,1,1,0,25,23,3,14,1,2,0,2,2,24,50,2,9,17,4,5,4,8,1,18,16,2,2,24,5,0,1,2,0,7,4,1,4,14,7,31,15,2,1,42,1,2,9,3,6,3,1,0,13,24,2,13,2,1,18,27,3,3,5,3,14,16,8,1,5,1,1,4,1,12,4,1,18,14,10,1,8,9,2,4,2,28,8,2,2,4,4,33,9,19,4,15,3,7,0,39,32,23,20,14,2,13,1,3,0,4,5,8,8,18,20,40,2,1,13,1,3,3,10,11,33,4,3,6,7,1,26,9,0,1,1,10,15,2,19,9,1,0,1,4,10,7,10,17
"1",12,2,1,6,23,0,26,15,4,5,3,16,18,2,6,1,9,0,15,22,5,27,16,9,1,2,14,7,60,1,2,8,3,12,31,3,24,25,3,26,3,6,4,24,13,6,1,8,25,0,28,1,1,10,1,4,0,37,1,10,0,9,2,1,0,4,21,28,24,27,4,39,2,3,2,1,2,21,8,19,12,6,4,0,7,34,8,1,1,5,2,10,19,7,32,2,12,3,12,13,20,4,6,1,1,32,1,0,8,1,0,32,23,5,4,3,0,2,3,0,2,6,15,1,3,20,6,10,8,5,3,2,4,8,0,17,1,12,3,28,1,2,5,10,5,0,23,7,7,21,11,1,3,14,8,30,3,3,2,1,9,2,8,9,3,2,4,5,3,9,0,7,0,7,0,34,16,1,15,1,3,0,4,1,28,66,7,4,15,9,3,4,2,7,19,16,1,1,32,8,1,7,3,0,7,4,0,1,30,7,24,11,3,2,35,1,2,4,1,1,5,10,0,12,16,0,21,5,1,11,13,4,2,0,2,7,20,5,2,5,0,0,4,10,16,2,2,16,5,3,5,7,6,8,9,0,22,18,6,9,1,0,41,5,16,2,14,0,6,1,32,31,27,18,25,2,21,5,6,2,9,7,2,10,26,21,35,3,4,5,1,5,0,9,16,28,3,5,1,3,5,19,12,2,1,1,11,29,2,13,17,1,0,1,8,8,6,2,28
"1",14,4,1,2,30,0,29,14,7,8,3,30,11,6,15,3,7,0,13,23,3,29,18,17,1,1,11,4,39,3,5,2,1,8,28,0,17,42,4,6,0,4,1,23,12,12,3,8,27,0,24,1,1,7,2,4,1,22,3,1,1,13,2,0,0,2,8,24,22,17,0,45,3,5,11,0,4,12,13,25,4,5,8,1,6,14,3,5,5,8,2,13,7,8,43,0,13,1,11,10,7,2,8,1,8,34,2,1,8,0,0,28,16,4,2,4,0,4,7,1,0,4,8,2,0,18,6,8,4,7,1,3,2,7,0,9,1,19,0,18,0,3,3,18,1,2,21,9,8,14,16,2,3,32,9,27,3,1,4,6,1,1,5,13,0,2,3,11,1,4,0,6,1,4,1,25,36,5,16,0,0,2,2,2,28,52,8,6,18,7,4,2,2,6,11,19,0,2,17,5,0,4,5,0,11,3,0,5,15,11,26,5,0,1,31,1,1,6,3,7,3,2,0,17,15,3,21,3,2,7,19,3,5,2,1,10,24,7,0,3,1,3,3,4,29,4,1,15,11,5,3,7,9,3,9,1,18,10,0,4,2,0,23,8,21,3,0,2,7,0,31,35,11,10,11,0,26,2,4,0,4,6,5,15,29,11,45,3,6,5,0,6,1,8,11,26,6,3,7,0,6,15,8,1,1,2,15,19,0,18,22,2,1,2,5,6,11,12,13
"1",19,5,1,5,25,0,17,9,8,5,1,24,21,3,12,5,4,1,14,25,2,45,14,18,2,0,8,7,68,4,5,4,1,10,18,1,18,40,4,11,2,5,7,23,12,6,4,4,31,0,19,4,3,7,0,1,2,20,3,8,2,13,4,0,4,7,15,26,13,32,3,33,3,2,5,1,2,18,7,14,7,3,10,3,12,21,4,4,0,14,3,14,13,12,44,2,8,7,7,15,11,5,11,4,0,39,2,0,12,1,0,35,21,4,2,5,0,11,6,4,0,3,6,3,2,29,3,9,4,4,3,1,11,13,5,7,2,21,0,30,1,3,2,20,1,1,20,2,7,13,10,2,1,28,17,15,3,5,3,3,11,4,7,19,1,1,2,12,3,3,0,11,1,4,0,39,21,3,18,0,2,1,5,1,30,59,8,5,18,4,9,1,1,4,13,21,2,2,19,3,2,3,5,1,10,0,1,8,9,11,31,8,2,1,49,2,6,3,3,6,4,4,0,19,11,1,11,0,2,11,22,4,4,4,0,17,15,11,1,1,0,1,6,8,29,5,0,13,16,5,7,6,5,2,9,0,30,16,0,6,1,2,34,9,16,6,4,1,8,2,23,28,24,14,8,0,23,3,6,0,3,11,1,6,16,12,34,1,2,10,4,7,0,0,9,21,3,6,4,4,6,18,10,1,2,2,15,12,2,22,11,2,0,3,7,6,7,6,12
"1",17,3,1,5,15,0,16,16,7,2,0,25,22,1,16,2,7,0,11,29,2,26,17,13,0,1,9,4,45,3,1,12,1,9,20,2,23,24,5,11,8,8,2,21,12,10,0,9,26,2,25,1,3,6,1,3,5,24,1,10,4,10,6,1,1,8,11,17,31,35,2,31,3,2,7,0,0,10,8,17,6,10,20,2,12,18,4,8,1,9,0,15,12,10,47,1,4,6,19,11,16,4,9,2,0,32,0,0,8,2,0,27,19,9,2,5,2,8,3,1,0,5,9,2,1,9,7,5,6,7,4,2,2,9,1,13,3,23,0,23,4,1,7,14,2,2,26,4,10,11,18,2,3,34,13,24,2,8,5,9,17,4,4,16,3,5,5,15,8,10,2,4,0,5,0,18,17,3,25,1,0,1,5,1,33,55,7,11,12,4,7,3,4,2,11,17,1,4,20,4,2,3,0,2,13,5,0,6,23,9,24,15,0,0,40,0,6,3,2,4,5,3,2,8,12,2,12,2,4,13,25,5,2,2,1,9,20,9,0,4,3,1,6,5,17,6,1,22,5,8,4,7,3,3,6,0,23,8,2,10,3,2,29,9,10,2,10,4,6,0,35,32,21,13,11,2,13,4,13,2,9,4,6,8,29,15,31,1,2,5,3,3,0,8,16,17,1,8,6,4,2,26,9,0,1,2,10,13,0,18,14,3,1,4,6,9,5,5,26
"1",11,4,1,6,20,0,21,8,12,3,1,26,21,7,8,2,2,0,12,33,1,33,29,16,2,1,10,3,58,1,0,6,0,8,21,2,27,33,3,22,1,7,4,22,16,6,0,7,33,1,9,0,3,6,2,3,3,37,1,9,2,16,3,0,1,4,20,38,35,21,4,35,4,1,2,1,0,6,11,14,5,8,8,0,15,18,2,2,0,12,2,13,8,3,38,2,8,5,11,11,11,2,8,0,6,18,3,0,11,3,0,32,15,4,2,3,0,2,2,1,0,6,8,0,0,15,13,13,11,5,1,1,3,8,1,12,5,22,0,38,1,2,2,6,2,1,23,6,19,6,6,3,9,23,8,28,3,3,0,4,6,1,1,11,0,3,2,11,11,9,0,6,1,3,2,23,11,6,23,0,0,1,1,1,24,50,6,4,22,9,10,0,3,0,16,14,4,3,18,6,0,4,8,0,10,6,0,6,18,14,22,19,0,1,38,1,2,2,5,2,13,2,0,17,35,3,29,3,1,6,27,3,4,4,2,8,13,10,0,7,2,1,1,8,16,8,1,10,11,4,5,8,8,5,10,0,33,10,1,5,4,1,38,3,19,0,6,2,5,0,27,26,20,11,11,0,11,4,8,2,6,5,5,9,40,21,42,1,2,6,2,2,1,7,13,23,1,3,1,0,2,24,15,0,1,0,18,20,2,26,17,7,2,3,6,12,9,12,20
"1",21,2,4,2,22,0,7,22,3,2,3,30,24,7,14,1,5,1,19,31,2,40,16,22,2,0,12,8,45,1,2,5,4,3,26,3,29,23,3,6,1,5,1,25,12,6,3,5,33,1,26,1,0,7,2,3,4,23,4,10,2,21,3,1,0,4,14,41,29,28,4,35,2,2,7,1,4,10,9,16,2,8,12,1,16,7,0,1,0,10,3,18,10,3,35,1,5,3,16,23,10,3,8,0,5,27,2,1,3,0,0,32,16,7,8,3,0,6,4,1,2,4,15,0,2,14,9,3,5,2,1,1,3,10,2,11,0,16,0,17,2,5,2,6,2,0,22,5,8,9,8,0,2,28,5,26,8,5,0,6,8,0,5,10,1,4,7,9,6,5,0,8,0,1,0,25,16,1,18,0,0,1,4,1,21,64,4,4,16,6,7,0,7,2,15,25,2,1,31,5,4,3,4,0,10,0,1,5,17,11,34,15,2,1,47,0,5,4,3,4,12,0,0,15,26,3,24,4,3,8,29,4,6,5,3,10,14,8,0,3,1,4,5,10,24,6,2,22,10,5,3,6,7,7,12,6,19,17,0,1,3,0,24,5,20,1,8,2,7,1,30,43,21,20,14,1,12,5,10,1,9,7,11,4,27,16,38,1,1,5,0,2,1,4,15,15,3,4,10,0,4,17,7,2,1,0,17,15,2,15,16,3,0,4,17,7,9,9,10
"1",6,1,0,4,21,1,22,9,7,1,0,21,21,9,6,3,3,1,9,21,5,27,18,18,0,2,4,6,50,3,3,7,5,6,22,1,16,23,3,21,4,4,2,20,16,12,0,3,18,1,20,2,2,2,0,4,2,31,3,4,1,6,2,6,5,6,20,16,24,21,1,28,2,1,5,2,5,14,10,24,4,7,3,2,9,15,2,1,2,8,3,16,7,8,34,0,1,6,24,15,11,3,9,1,4,19,1,0,15,1,1,16,28,9,2,3,0,8,7,0,0,3,11,1,1,14,2,6,8,4,1,2,1,7,1,9,2,19,1,21,2,2,1,7,1,1,30,8,15,3,10,3,0,17,10,30,6,4,2,4,7,2,12,18,1,1,1,8,6,8,0,4,0,2,1,42,18,4,19,2,2,0,2,0,20,41,3,7,5,15,4,4,2,1,11,17,1,2,27,4,3,4,5,1,6,1,0,2,26,14,34,13,7,2,42,0,5,5,3,0,8,6,0,19,13,9,9,4,3,13,20,5,2,6,5,12,19,9,2,4,0,0,8,7,24,5,2,12,10,3,1,4,4,5,7,1,21,5,2,3,2,0,33,3,16,1,6,1,7,3,22,22,13,25,7,1,22,2,6,1,10,5,5,6,17,22,31,4,3,4,2,5,0,13,14,38,3,5,0,5,0,18,14,1,2,4,14,21,0,17,13,0,0,1,8,5,12,3,9
"1",15,7,3,3,15,1,17,15,9,0,0,41,22,2,12,4,4,0,5,34,6,16,12,14,1,0,3,1,45,4,1,6,3,6,26,0,27,21,5,17,4,3,4,13,18,7,3,7,34,1,14,0,3,5,2,2,2,23,3,5,1,7,5,2,5,2,15,22,23,26,1,26,1,2,1,0,2,8,9,18,3,5,11,3,7,22,1,9,0,14,2,16,17,3,41,0,4,2,15,11,10,1,8,2,0,18,3,0,7,5,0,36,12,7,4,3,0,9,3,0,5,5,5,0,3,17,6,4,10,7,7,3,2,5,1,18,2,14,1,30,3,6,3,9,6,0,21,3,11,9,15,3,0,20,9,31,3,3,4,3,9,1,7,11,1,3,5,13,4,14,0,4,1,4,0,26,22,4,16,0,0,2,1,2,30,51,5,3,14,10,9,4,3,6,24,14,0,1,21,4,0,5,6,2,8,2,1,3,21,11,41,12,3,1,42,1,4,7,1,2,16,4,2,21,13,6,23,0,8,1,19,5,2,0,3,8,10,7,1,4,3,2,3,11,21,4,1,20,10,12,3,11,8,5,6,0,20,8,1,8,3,2,41,9,17,0,3,2,9,1,28,34,24,20,7,0,14,0,9,2,6,6,10,8,20,18,38,2,6,4,3,9,2,7,22,19,3,6,2,1,2,25,13,3,0,3,20,14,0,19,9,2,1,3,8,5,10,5,21
"1",18,1,2,4,16,0,14,8,6,3,1,37,23,7,10,1,3,1,10,27,7,29,20,14,0,1,5,2,45,2,4,12,1,5,26,2,21,37,7,7,0,3,6,28,11,3,3,7,35,2,22,1,1,13,0,3,0,31,2,15,1,12,4,2,4,5,20,32,20,34,3,43,0,1,5,2,2,25,11,14,5,3,15,0,11,28,3,0,2,12,3,16,7,4,48,0,9,3,12,24,7,3,4,1,0,25,5,0,9,0,0,28,30,11,0,3,0,3,10,0,3,2,12,2,3,11,4,15,9,7,2,3,3,10,0,22,1,25,1,17,2,1,3,7,2,0,21,6,11,11,6,1,1,23,10,28,1,6,5,7,3,4,6,8,5,5,4,6,5,9,1,4,2,11,0,24,31,2,16,1,0,1,4,5,21,72,4,4,10,5,5,0,5,3,9,13,1,2,23,3,2,1,8,0,7,2,1,5,17,5,24,12,1,1,44,0,5,7,2,8,6,2,0,28,21,2,13,4,5,8,29,3,1,0,3,6,8,4,0,8,1,4,2,6,21,5,0,21,11,5,1,15,8,7,8,0,23,8,2,7,2,1,30,5,14,5,4,4,7,0,29,39,18,18,11,1,29,2,11,0,6,9,5,12,20,18,47,2,2,4,0,9,1,3,6,28,2,11,3,2,2,16,13,1,1,1,17,8,4,20,8,1,1,0,11,8,8,3,15
"1",14,4,2,2,15,0,12,20,5,2,2,33,20,15,12,4,1,0,16,28,2,20,24,18,2,0,7,10,28,6,3,4,1,3,14,2,36,23,5,4,0,8,4,23,13,3,1,7,31,5,17,1,1,9,1,3,1,22,2,5,4,10,5,1,1,0,13,21,14,17,4,38,1,4,5,0,4,13,14,15,3,4,12,2,5,30,1,8,1,8,4,7,9,9,50,0,8,3,9,14,8,1,11,1,0,33,1,0,14,3,0,43,19,5,2,2,2,9,2,1,1,1,9,1,1,7,12,6,10,5,2,0,5,16,0,13,1,28,2,20,2,1,2,9,1,0,22,4,11,16,21,4,1,34,5,25,1,4,4,2,9,1,4,9,3,1,2,11,2,7,0,4,2,5,1,25,12,3,23,1,0,2,0,3,22,66,6,9,18,9,10,2,9,2,13,19,2,1,23,6,1,6,8,1,10,3,0,4,25,11,25,6,4,3,38,3,5,3,6,4,4,2,0,23,34,4,29,1,6,5,20,3,2,2,0,11,14,3,0,5,1,0,1,6,11,1,0,17,9,10,5,7,5,8,5,0,34,4,3,3,0,0,27,2,19,3,6,1,8,1,24,29,21,28,10,2,18,4,9,2,4,6,8,4,28,12,33,0,1,7,2,4,4,10,19,29,2,4,3,3,2,18,8,0,1,5,18,15,0,20,14,2,1,1,7,3,6,4,22
"1",13,3,0,5,19,1,16,9,6,1,2,28,17,3,12,2,1,1,11,30,5,42,20,22,1,0,10,3,63,2,2,9,2,13,28,0,18,26,2,8,3,11,3,20,10,11,2,11,32,3,11,1,5,11,5,2,7,24,1,4,2,10,2,1,3,2,17,29,15,22,1,47,3,2,3,0,6,18,10,18,7,7,14,2,8,18,1,2,2,9,1,18,20,6,27,3,7,2,26,13,11,3,6,3,1,28,1,0,14,3,0,21,18,12,0,0,2,14,6,2,0,4,10,1,0,16,2,5,6,4,5,1,3,12,1,16,3,27,0,22,0,2,9,16,1,1,20,9,8,23,16,1,1,15,1,23,5,10,1,3,15,3,5,15,0,2,2,10,1,6,0,2,1,6,0,26,20,4,15,0,0,1,5,0,29,62,2,6,19,12,7,1,3,4,9,21,1,2,14,3,3,3,1,0,11,4,0,4,24,13,29,23,0,3,41,2,2,8,3,3,13,6,0,25,18,1,22,1,2,8,22,3,5,1,4,14,19,10,0,2,1,1,5,4,14,1,2,13,8,4,3,2,4,6,13,1,25,11,0,2,3,1,30,9,21,1,13,1,6,0,18,26,22,21,10,0,9,5,6,1,3,5,11,7,25,17,30,2,3,11,1,2,4,8,17,17,2,2,6,8,1,19,10,3,0,5,24,15,3,13,16,2,3,2,11,6,6,10,7
"1",15,0,2,5,33,0,21,20,4,0,4,26,21,7,6,1,6,0,6,26,3,23,20,22,2,0,13,5,42,5,1,4,3,5,14,2,20,29,1,14,2,7,2,18,6,7,2,5,29,0,27,2,2,5,0,3,3,33,5,8,1,12,1,0,0,2,18,17,22,19,2,35,1,7,15,0,1,12,10,13,4,6,18,0,9,17,3,3,2,11,1,17,8,9,49,2,5,3,8,9,11,6,7,3,4,34,1,0,4,0,0,32,22,6,7,0,0,9,7,1,0,2,11,0,0,12,9,11,9,6,1,1,1,14,0,8,2,19,1,22,3,4,4,7,1,2,22,5,7,15,10,2,2,18,7,25,2,1,0,6,12,1,6,7,5,6,6,13,3,6,0,5,0,2,1,25,19,1,22,3,0,0,5,3,22,61,8,5,19,6,6,2,3,3,29,13,1,2,24,9,2,2,10,0,6,1,0,11,30,10,31,6,1,0,35,2,7,6,2,1,14,1,1,19,23,1,10,0,5,11,20,1,7,1,0,14,17,4,0,7,1,1,1,12,20,9,0,12,11,12,4,6,3,3,6,0,21,12,1,6,0,2,30,5,19,1,9,2,8,0,49,22,6,11,14,4,15,1,5,3,7,7,6,9,28,18,26,4,3,8,1,8,1,4,17,18,3,4,1,5,1,21,5,0,0,1,23,14,1,14,17,3,0,2,10,7,7,3,12
"1",4,1,1,5,19,1,13,23,6,6,2,27,15,11,13,4,3,0,12,28,3,17,21,22,2,1,13,8,44,4,2,11,0,12,15,0,17,37,2,14,2,5,2,18,17,8,1,6,30,2,33,3,0,14,0,3,1,21,6,7,0,10,1,0,1,2,28,23,20,22,2,34,3,1,11,2,2,13,2,18,8,7,8,0,7,19,2,1,2,10,1,19,16,11,37,0,9,2,15,12,16,3,13,1,2,36,2,0,16,4,0,38,15,3,3,3,0,6,3,1,1,1,15,0,0,7,5,9,9,2,1,1,2,14,1,10,5,24,0,15,4,4,4,8,5,1,19,6,9,13,9,0,4,27,5,33,5,6,3,4,6,2,12,8,1,0,4,6,2,11,0,2,1,2,0,26,18,3,29,0,0,0,2,6,22,71,2,4,19,9,8,6,4,6,17,14,0,3,19,8,2,5,9,0,8,4,0,8,21,13,21,17,3,0,31,2,4,0,2,3,7,2,2,14,30,0,21,3,10,16,19,6,6,3,4,15,22,15,2,10,1,0,3,7,19,4,0,20,6,8,2,9,6,2,5,2,19,12,1,6,5,1,36,8,16,7,8,1,5,0,18,22,19,18,16,5,7,4,6,2,2,4,7,4,22,23,43,1,5,5,2,6,1,11,13,19,2,10,7,4,2,23,15,2,0,0,15,21,1,28,15,1,1,3,4,10,2,12,17
"1",9,0,2,3,16,1,16,11,2,1,1,26,21,1,8,3,6,0,25,17,7,30,35,22,1,0,6,3,37,2,2,6,1,7,13,2,20,22,3,15,6,6,2,13,10,9,1,4,19,2,26,1,4,9,4,1,6,16,2,9,2,16,4,1,2,2,20,24,20,28,4,40,1,1,10,1,3,7,9,17,4,4,9,2,10,21,1,1,1,4,1,14,9,6,43,0,5,3,20,11,13,10,9,1,4,39,3,1,16,3,1,39,17,5,1,4,0,3,2,1,0,1,9,0,3,13,5,16,7,6,1,1,1,15,0,19,2,20,1,20,2,2,2,8,6,2,12,3,13,3,12,1,2,30,3,18,6,1,0,3,12,2,6,14,3,4,3,13,4,1,0,9,0,0,3,24,14,5,13,1,2,0,7,4,25,57,3,3,23,7,5,6,6,2,12,12,0,2,21,2,1,5,7,0,15,4,0,5,23,7,23,13,3,1,44,2,2,6,3,8,19,2,0,17,24,2,19,2,2,13,15,3,5,0,4,18,15,9,0,4,2,1,8,4,16,3,2,17,14,10,4,11,5,11,9,4,27,7,4,7,3,1,29,10,30,2,6,4,5,1,25,32,17,19,7,1,12,6,11,4,10,8,7,6,19,16,40,6,3,1,0,4,3,12,13,18,2,1,5,5,4,17,11,2,0,1,14,17,1,20,15,1,0,2,8,10,9,11,18
"1",20,2,0,2,16,1,22,18,3,0,2,27,14,2,12,3,5,0,16,13,1,30,18,13,2,0,11,6,48,5,5,4,1,11,23,1,22,15,5,10,5,7,1,18,14,5,3,12,24,2,29,2,2,10,5,3,0,26,3,7,0,10,1,0,0,1,33,22,17,21,2,44,2,1,5,2,2,12,7,18,4,4,6,3,7,26,0,5,2,6,2,23,16,13,40,2,9,2,26,13,7,7,15,1,5,24,2,0,19,3,1,30,21,2,0,2,1,5,6,2,3,5,16,1,0,19,14,8,8,2,2,1,1,12,0,16,3,19,0,30,4,0,3,14,1,1,13,14,12,12,12,0,4,25,10,29,2,7,7,4,7,1,3,14,2,3,4,7,2,11,0,5,1,1,1,35,18,1,18,1,2,0,1,1,26,61,6,6,16,7,9,3,7,2,21,12,1,4,17,10,0,3,8,2,11,3,0,2,16,11,29,19,4,1,39,0,4,7,4,3,17,4,0,20,30,2,30,3,9,9,16,2,1,3,1,12,22,3,2,6,0,1,3,7,24,9,0,11,4,10,4,8,1,6,7,1,26,11,1,10,1,0,32,7,23,6,3,3,10,0,28,36,14,23,8,1,23,5,9,0,2,6,1,8,25,16,35,4,7,2,4,8,2,6,12,29,2,4,6,2,3,27,13,3,2,1,13,25,2,25,11,2,1,5,10,10,18,7,21
"1",4,1,2,4,18,0,17,16,11,2,1,34,20,6,19,5,4,0,18,18,2,31,22,13,3,0,6,5,41,3,3,5,4,12,20,3,31,19,6,13,0,4,3,12,14,4,1,6,26,4,25,0,1,10,4,5,1,31,4,4,1,15,4,4,2,3,20,23,28,22,7,27,1,0,10,0,4,9,9,14,5,6,12,1,18,21,2,1,5,4,0,15,11,4,42,2,5,4,21,15,13,5,6,2,2,26,1,0,13,3,0,24,20,5,3,0,1,14,1,1,4,4,7,2,2,19,7,12,5,2,1,1,3,11,3,5,1,14,0,34,2,1,1,8,3,1,25,10,7,10,6,0,0,29,4,22,5,4,2,3,14,1,5,14,1,3,2,11,4,1,1,1,0,0,0,31,21,2,11,4,2,1,0,1,35,64,4,9,19,14,6,3,5,2,19,12,0,1,21,7,0,7,4,2,13,3,0,3,16,5,27,15,1,3,49,2,2,8,0,4,8,5,1,20,18,2,26,5,2,8,27,2,2,2,1,17,13,7,0,2,0,3,8,9,22,1,0,11,11,10,3,8,2,11,7,0,35,7,0,2,1,0,39,4,19,2,6,2,10,1,46,19,27,20,12,1,18,3,7,3,6,3,2,10,32,23,48,3,1,3,2,9,1,12,18,20,4,2,4,2,6,28,6,0,1,0,18,16,1,19,15,0,0,1,18,10,5,3,22
"1",16,4,5,8,24,2,12,19,3,0,0,21,25,5,7,4,2,0,8,23,1,32,13,21,1,2,5,4,56,4,5,4,3,7,22,2,30,20,6,15,0,8,4,21,8,8,2,8,29,0,25,0,1,5,3,3,2,23,3,6,1,16,5,1,2,4,14,25,15,28,5,32,2,1,7,0,3,16,12,29,12,6,10,2,19,20,1,2,1,9,0,9,9,11,39,2,10,7,20,13,5,2,9,0,3,27,1,1,9,0,0,33,18,11,5,7,1,14,4,2,3,4,7,1,1,14,4,8,8,3,4,3,3,9,1,20,2,22,0,36,3,2,4,7,2,0,24,4,5,20,19,4,2,27,4,15,1,1,1,1,11,0,6,11,2,3,5,12,0,12,0,8,1,4,1,33,21,4,13,3,3,0,0,9,31,58,5,10,13,6,6,5,4,5,15,16,1,3,16,4,2,1,7,0,9,0,2,2,23,13,31,14,5,3,51,2,2,4,1,4,6,7,0,20,21,1,21,2,2,10,28,4,5,1,0,13,15,11,0,5,1,0,3,2,17,8,0,19,8,4,3,5,1,4,6,3,25,11,1,5,3,2,28,6,6,7,7,1,6,0,40,28,19,15,11,2,22,4,6,2,6,8,9,6,44,15,29,5,5,7,2,5,2,2,20,20,1,4,7,3,2,33,14,0,0,1,15,16,2,22,25,2,0,2,11,11,9,9,9
"1",21,1,0,2,25,1,21,19,10,5,5,41,16,3,19,4,4,0,19,24,1,30,11,13,2,0,11,11,51,5,1,5,1,4,21,0,29,31,8,12,3,5,1,22,13,6,2,6,29,0,22,1,2,9,0,0,0,24,5,5,0,12,6,1,0,3,26,22,29,23,2,36,2,5,11,1,1,13,10,23,5,2,7,0,19,16,7,2,4,10,1,14,13,5,36,1,11,5,20,13,7,5,2,1,2,20,1,1,11,5,0,25,18,4,1,2,2,10,2,1,0,2,8,0,0,7,6,10,4,1,8,0,3,12,0,16,3,16,1,22,2,3,3,9,1,1,23,7,11,7,12,3,5,30,3,26,8,6,3,3,7,1,8,10,1,6,2,10,6,3,0,7,1,2,1,19,19,4,9,0,1,0,4,0,22,48,9,13,16,8,3,3,5,6,12,24,1,1,18,11,1,1,0,0,8,5,0,3,19,8,18,11,3,4,38,0,2,6,1,2,8,6,1,24,19,1,19,1,3,5,29,3,2,3,4,13,19,10,0,5,0,1,7,3,26,4,0,16,19,7,6,7,3,9,4,0,27,10,1,8,1,0,30,6,10,1,4,1,5,1,31,46,20,17,7,1,19,3,11,1,6,9,4,3,20,15,25,2,3,5,1,2,0,3,20,34,4,7,4,6,3,21,27,0,2,2,19,18,1,19,20,1,0,0,10,6,11,9,11
"1",22,2,1,3,17,0,20,12,5,0,1,20,22,2,11,3,4,0,22,19,1,28,14,12,0,0,10,10,47,2,1,4,5,11,13,1,18,23,6,8,1,3,3,18,15,8,2,6,30,1,17,0,1,6,0,2,0,16,0,2,2,11,5,0,2,6,14,21,18,20,0,29,2,7,2,1,1,14,14,17,12,7,13,0,9,16,0,3,0,9,2,16,12,4,37,2,5,6,16,15,16,1,10,0,3,18,0,0,13,3,1,18,20,7,7,1,0,10,2,2,1,3,8,0,0,11,6,9,11,4,1,3,2,12,2,12,0,22,1,23,1,2,3,8,2,2,14,3,6,6,11,2,0,30,4,17,1,5,5,1,12,0,13,15,4,3,5,6,8,7,0,9,0,2,1,20,18,3,20,0,1,1,2,1,21,47,2,4,16,12,7,4,4,2,9,18,1,1,22,1,2,2,3,0,6,1,0,3,16,9,32,16,2,1,44,1,3,4,8,1,4,2,0,25,18,1,18,1,2,6,21,4,6,4,4,8,13,8,0,6,0,1,3,4,19,5,1,16,12,8,6,6,6,8,7,1,39,14,0,5,2,0,39,7,13,8,8,2,10,0,30,32,12,13,13,1,29,7,9,1,6,1,8,4,25,20,36,1,2,3,2,6,4,6,21,26,4,3,6,3,0,26,18,1,1,1,12,19,0,9,14,3,0,2,5,2,13,10,10
"1",10,2,4,1,20,3,17,22,5,4,1,31,15,8,13,5,11,0,11,11,4,20,18,15,0,2,7,5,58,1,0,7,5,13,22,2,23,14,6,15,4,6,2,22,17,7,0,8,29,6,13,0,3,4,1,3,0,26,2,7,4,14,4,2,3,11,19,39,22,35,4,34,0,2,10,0,0,16,15,20,2,6,9,1,12,19,0,3,3,9,2,14,16,6,46,1,11,7,18,18,16,2,10,1,1,33,0,1,17,2,0,31,7,3,4,5,2,4,0,1,0,3,11,0,0,22,5,5,7,6,2,1,4,8,1,12,1,30,0,26,1,6,6,15,0,1,23,5,6,12,1,4,0,19,4,22,2,5,2,4,8,0,8,12,3,3,4,7,6,6,0,4,0,4,0,22,13,3,17,2,2,1,1,1,42,47,3,10,19,7,5,2,9,3,17,12,0,1,10,3,4,3,3,1,9,0,0,4,17,10,28,12,0,2,47,0,0,4,2,7,6,2,0,16,21,0,20,0,4,7,19,3,2,1,1,14,17,10,0,2,0,2,9,5,12,6,1,10,14,4,5,16,10,6,2,0,22,6,0,1,5,2,41,8,10,4,6,2,15,0,36,35,15,23,17,1,24,7,6,4,2,5,5,9,24,12,36,1,1,7,1,8,3,8,15,18,0,3,3,0,1,28,14,1,3,1,13,17,0,12,15,2,0,2,6,9,13,7,14
"1",14,1,7,2,14,0,15,23,12,4,3,33,15,6,7,2,3,1,8,26,5,35,7,19,0,0,7,12,42,5,3,5,0,5,22,0,31,21,7,19,3,7,5,21,11,8,3,3,23,1,22,2,1,9,2,2,0,13,1,8,2,12,6,1,4,6,15,26,19,23,0,23,1,2,16,1,2,12,7,11,6,6,8,1,4,12,4,2,2,12,3,12,15,8,51,0,10,2,13,6,7,5,5,0,0,26,2,0,6,7,0,29,20,7,0,1,1,3,4,6,0,1,18,0,3,8,1,11,1,4,2,0,4,9,0,15,2,17,1,29,0,5,5,13,2,2,18,6,9,16,9,1,0,27,5,30,2,4,1,2,7,2,7,10,0,2,2,5,7,4,0,7,1,2,0,25,19,2,17,1,0,2,1,4,31,74,3,11,11,10,4,5,2,1,15,17,1,0,14,3,0,3,4,1,8,0,0,4,18,9,26,10,0,2,44,2,5,5,12,5,4,6,0,27,25,1,15,0,3,10,21,3,4,2,3,8,15,8,0,6,3,1,3,12,24,8,1,19,12,2,6,8,5,4,5,0,24,12,1,7,2,2,32,2,15,1,7,3,15,0,21,32,22,11,17,2,14,3,5,1,6,5,5,2,29,13,52,1,5,6,0,6,5,2,14,23,2,3,3,0,1,16,8,1,4,3,11,24,0,19,8,2,1,2,5,17,10,9,18
"1",16,5,1,6,12,0,11,12,4,3,6,25,26,4,15,5,6,0,14,20,0,34,14,17,1,4,2,13,56,4,3,1,0,19,36,4,19,26,7,14,3,8,3,23,13,6,2,7,23,1,25,1,5,13,1,2,2,16,0,7,3,11,4,1,2,4,18,20,15,37,3,23,0,4,4,2,3,13,8,19,10,2,12,1,16,15,1,0,3,9,1,17,10,5,49,1,14,0,14,10,10,4,7,1,2,24,1,0,15,1,1,39,26,3,2,2,2,8,3,1,0,6,12,0,0,13,10,12,7,5,1,4,3,13,0,14,2,27,1,28,3,4,8,26,2,2,22,5,19,13,8,4,1,21,6,24,3,3,3,5,7,2,5,8,2,1,0,13,5,6,0,4,1,5,0,23,17,2,16,1,1,0,3,0,22,75,1,7,19,14,8,3,7,1,10,13,0,2,36,7,1,2,2,0,13,1,1,1,26,10,28,10,0,1,40,1,5,8,6,4,8,3,0,16,33,2,21,3,4,14,16,4,6,1,1,14,24,11,0,3,2,3,3,6,20,8,3,12,13,8,3,11,7,6,6,0,19,14,2,6,1,1,35,5,12,3,4,1,7,0,36,44,23,20,13,2,19,2,4,2,6,7,8,4,24,24,39,0,5,8,1,4,2,7,15,22,2,1,2,3,2,21,12,0,0,2,15,20,0,11,22,0,0,1,9,10,4,16,13
"1",24,1,3,3,35,1,13,11,7,5,3,29,20,5,19,2,8,1,9,20,3,36,23,9,3,0,8,4,52,4,2,3,2,4,11,1,29,28,4,9,1,10,4,31,12,6,2,12,27,3,19,3,0,8,2,2,1,23,2,10,1,14,0,0,3,7,10,31,17,24,5,28,0,2,8,1,1,10,5,15,5,4,9,1,9,21,5,2,5,8,0,8,11,13,53,1,14,2,16,20,8,11,7,0,5,28,2,2,10,3,0,24,13,5,3,0,0,7,2,1,1,1,10,2,0,12,9,11,15,9,3,1,3,3,3,9,1,15,2,24,5,2,3,24,3,0,20,11,17,11,11,2,4,34,3,18,0,2,3,1,5,2,12,15,2,2,2,7,5,1,1,5,1,3,0,25,10,1,18,1,3,0,5,1,33,53,4,6,8,6,1,4,7,6,12,21,3,1,12,7,0,3,7,1,7,2,0,2,12,12,26,14,0,3,54,2,2,8,5,1,10,3,0,26,16,0,14,0,3,6,17,3,4,2,1,7,14,14,2,4,1,2,2,6,18,4,0,17,7,5,4,10,11,3,10,0,29,8,1,8,3,1,44,7,19,5,5,2,11,0,27,36,11,14,14,2,29,2,13,1,4,2,1,4,17,15,34,0,3,7,2,6,2,6,15,26,4,3,3,6,1,21,14,0,1,1,10,17,4,17,24,2,0,5,7,3,18,8,16
"1",14,4,0,4,19,1,9,7,17,7,1,16,23,4,8,1,4,0,5,32,1,31,17,10,2,1,11,4,58,3,0,1,3,8,12,2,26,30,10,16,6,5,4,21,19,7,0,10,26,3,17,2,3,5,6,1,2,23,1,6,0,12,2,0,2,3,14,32,14,34,4,35,4,1,4,1,3,7,6,12,7,10,8,0,14,26,2,4,3,9,3,9,18,11,38,1,10,2,12,7,8,2,7,0,6,31,3,0,11,4,1,30,23,4,2,2,0,15,6,0,0,1,4,0,1,15,6,8,6,5,2,0,0,8,2,10,1,26,2,28,1,3,4,16,1,1,27,5,15,9,12,4,5,23,9,31,4,4,6,3,8,1,9,5,4,0,1,10,8,4,1,1,1,6,1,16,24,2,17,1,3,0,2,2,27,49,0,4,17,5,2,3,1,1,22,20,1,0,22,1,0,2,4,0,12,7,0,5,14,5,17,5,1,2,35,0,8,6,5,1,7,2,1,18,18,2,18,0,6,11,22,6,1,0,0,13,12,8,1,3,0,1,3,9,24,8,3,17,12,10,2,8,4,5,9,0,23,8,2,3,1,1,37,4,23,2,7,1,16,2,29,30,14,22,19,3,19,5,7,1,8,3,6,6,14,28,24,0,2,6,0,3,1,9,16,17,4,5,3,2,3,24,9,0,0,3,15,17,2,20,24,4,0,5,7,5,13,9,15
"1",19,0,2,4,15,3,14,13,5,10,0,26,13,7,9,0,2,0,10,16,6,17,23,18,1,0,5,3,63,4,2,3,7,3,23,3,25,25,10,9,3,2,4,16,20,6,4,9,24,0,27,5,2,13,3,3,1,33,1,7,0,4,3,1,2,8,13,30,22,37,1,39,2,6,1,1,1,14,18,12,10,13,10,1,4,20,2,6,2,5,0,4,21,13,23,4,8,4,13,11,8,6,8,0,2,35,0,0,12,3,1,35,11,3,2,1,0,9,3,0,2,4,13,0,6,11,9,10,7,7,0,0,3,5,2,10,1,21,0,29,0,0,4,11,3,0,14,9,7,10,6,2,2,21,8,26,4,4,2,4,11,2,8,8,2,4,1,5,6,3,1,4,1,3,0,25,23,0,20,1,1,0,5,2,29,64,3,6,13,5,4,1,4,4,22,17,2,2,24,3,0,3,6,2,20,2,1,3,23,15,19,16,2,0,55,3,5,7,6,2,13,0,0,24,15,2,19,3,3,4,27,5,3,0,2,14,18,11,0,3,3,1,3,15,20,2,0,17,13,11,1,5,6,9,6,2,26,8,3,7,1,2,46,4,10,3,6,3,6,0,30,31,16,18,4,2,26,4,6,4,6,3,7,4,28,18,39,3,1,9,2,9,0,3,9,26,4,7,5,4,4,18,13,1,3,1,12,21,1,21,18,2,2,2,9,5,18,3,16
"1",13,5,0,0,23,1,8,12,14,3,3,23,12,4,14,7,6,0,15,28,2,19,13,14,0,0,4,5,52,1,2,4,0,1,32,1,29,31,10,25,1,1,3,18,15,8,2,6,22,0,24,4,0,6,1,0,2,17,5,11,0,13,4,3,3,7,19,29,21,32,2,28,0,5,5,3,6,12,5,27,6,10,13,0,7,19,2,5,2,6,3,15,11,10,29,1,7,4,15,19,12,4,6,2,1,31,0,1,9,4,1,28,16,1,1,3,0,7,2,1,0,6,14,1,0,13,4,4,4,3,3,1,3,7,1,14,0,18,1,26,1,3,5,7,3,1,27,6,7,8,16,2,0,16,10,23,1,5,1,2,7,0,10,17,1,1,3,10,4,4,2,2,0,1,0,24,18,2,12,1,0,0,1,2,29,40,4,6,16,12,8,3,1,2,12,10,0,1,21,5,0,6,6,0,13,5,0,4,8,12,36,12,1,0,30,0,2,9,2,1,7,3,0,22,35,4,10,0,2,12,19,3,5,2,3,9,18,7,0,11,3,2,8,13,23,6,1,20,11,7,1,4,3,5,5,1,23,19,2,5,3,0,32,5,16,7,19,3,5,0,32,30,21,20,16,1,17,4,11,2,4,2,5,7,27,12,34,2,8,6,3,3,2,10,15,17,6,8,4,2,3,25,12,0,0,2,11,12,1,19,12,5,0,2,5,11,13,7,17
"1",19,3,1,3,17,1,12,12,13,4,3,36,23,2,14,2,7,1,8,33,5,30,14,9,0,1,4,6,60,2,2,2,2,10,21,4,32,25,5,18,2,4,3,31,8,11,4,9,33,0,19,3,2,16,1,0,1,24,5,5,1,13,4,1,1,4,19,27,33,27,1,32,3,2,12,2,2,13,10,23,4,5,12,2,10,29,9,1,4,7,3,13,18,15,33,0,18,3,21,17,4,7,5,1,5,34,0,0,11,3,0,20,14,5,1,3,0,7,3,0,1,2,11,0,0,11,6,6,18,4,3,1,1,4,3,8,1,28,1,32,2,3,3,15,3,3,27,4,10,17,9,1,3,34,7,17,3,6,3,3,12,1,8,11,0,2,2,13,7,3,0,4,0,5,1,24,23,2,19,0,1,0,4,1,31,58,4,5,6,9,4,3,2,1,14,21,0,2,19,4,4,3,3,0,10,0,0,5,28,14,39,15,4,1,52,0,6,8,1,1,10,3,1,24,26,2,16,2,9,10,25,5,3,1,2,5,18,9,0,3,1,2,6,9,23,3,0,13,10,8,10,5,8,7,4,2,19,23,1,5,3,0,30,9,7,3,8,2,9,1,16,34,12,26,5,1,16,7,8,1,5,8,3,14,27,18,39,2,4,12,1,9,3,3,18,18,5,7,4,4,1,28,9,4,0,1,6,20,0,10,20,0,0,1,9,6,7,7,23
"1",12,5,1,2,23,0,21,16,10,2,1,30,22,3,21,1,0,0,8,22,1,30,21,20,2,0,11,3,41,1,3,2,5,4,39,4,26,38,1,14,1,1,3,12,21,8,1,5,31,3,25,4,2,11,1,0,0,18,4,8,1,12,7,2,0,2,22,26,27,30,2,30,4,2,13,1,1,4,11,27,8,6,11,1,6,13,0,4,2,9,1,9,15,9,46,1,5,4,25,16,16,4,12,0,6,48,4,1,7,5,0,29,16,9,2,0,2,9,2,2,0,1,13,1,0,10,9,11,5,5,0,0,5,7,1,22,0,15,2,30,1,3,7,12,2,1,17,6,8,6,9,4,4,14,10,20,2,2,3,5,3,2,2,11,1,1,3,4,10,8,0,11,3,4,0,20,21,3,16,1,1,0,5,4,30,59,4,8,25,15,4,8,2,0,19,15,2,3,27,6,1,4,3,1,13,4,0,2,19,7,26,14,2,2,46,3,0,8,3,2,10,2,1,14,16,2,11,1,3,16,20,2,3,2,0,11,21,7,1,8,4,1,7,7,25,5,1,22,7,7,3,10,1,4,5,2,22,15,1,2,1,1,28,3,16,3,7,5,11,0,33,46,17,25,7,1,21,4,7,0,5,7,4,10,26,12,28,2,0,13,2,6,0,5,14,14,1,7,2,2,2,25,9,0,2,0,5,13,2,15,18,2,1,3,1,13,6,6,13
"1",11,2,1,2,31,0,11,14,9,2,1,35,20,4,14,1,9,0,5,17,4,31,16,12,3,1,4,4,54,3,4,9,1,6,17,1,21,24,2,19,2,3,3,23,10,5,3,11,27,0,23,2,2,6,1,4,1,29,3,8,2,18,2,0,3,4,15,31,18,21,3,29,2,2,1,0,1,8,6,15,6,6,8,0,9,22,5,3,0,7,1,7,15,11,45,1,10,1,14,12,11,3,7,1,4,29,2,0,11,2,0,21,9,7,0,2,1,9,2,2,0,4,13,1,1,16,10,9,5,2,3,0,3,7,1,15,1,24,1,24,2,0,3,9,1,0,20,3,7,18,11,1,3,26,3,30,5,6,2,5,10,2,11,7,1,4,1,8,1,6,0,4,2,2,0,32,16,0,22,2,1,0,2,3,30,58,8,3,16,7,3,1,9,3,18,9,0,1,22,4,0,7,5,2,14,5,0,2,25,6,24,20,2,4,45,0,1,5,4,1,8,2,1,18,30,1,12,2,6,11,23,5,3,3,2,15,17,4,0,2,5,0,1,14,25,2,2,12,10,12,5,8,6,2,10,0,30,9,0,6,4,0,28,7,21,2,9,4,15,0,28,37,19,12,7,1,13,7,4,2,5,9,6,15,22,13,47,2,3,11,0,6,1,7,8,30,8,7,2,3,7,25,17,0,2,1,13,12,2,10,20,4,1,2,0,8,12,13,17
"1",17,3,1,4,11,1,17,11,8,0,0,29,12,4,11,1,10,0,18,22,2,26,22,18,1,1,10,9,35,9,2,8,1,9,21,2,30,30,2,8,1,2,2,16,17,4,2,7,17,0,20,0,4,2,1,3,2,24,1,14,3,15,4,0,1,2,10,27,27,28,5,35,0,4,3,2,2,20,9,20,4,7,8,1,7,20,4,4,0,5,4,24,19,14,48,1,7,1,17,12,13,1,4,2,1,18,2,1,16,2,0,26,26,8,0,2,0,4,2,1,2,4,10,1,3,24,5,2,7,9,4,1,5,10,1,6,2,10,1,23,3,6,5,2,1,1,24,6,10,12,7,3,1,21,6,37,0,15,1,4,11,3,4,14,2,2,0,13,2,4,0,3,2,1,2,24,18,3,18,0,0,0,6,2,34,58,4,3,12,7,10,7,5,3,13,24,0,0,16,3,1,5,4,1,10,1,0,1,23,8,24,15,2,2,46,0,1,2,3,3,16,3,1,28,11,0,17,1,4,11,21,2,3,1,2,15,11,9,2,3,1,3,2,6,12,2,0,19,8,3,4,9,2,1,4,1,37,17,0,6,0,0,49,6,12,1,7,3,7,0,39,30,18,12,6,3,21,3,6,0,16,5,1,3,26,19,32,1,0,3,0,6,2,12,21,14,3,1,5,4,0,20,10,4,0,1,17,10,0,14,21,3,2,1,6,10,8,5,14
"1",21,3,0,5,29,0,16,12,6,2,1,18,18,5,12,3,2,1,15,16,2,28,13,20,0,0,8,11,42,4,0,6,0,9,25,2,27,28,2,21,0,2,0,29,21,10,2,11,39,0,15,3,0,8,7,0,1,27,4,1,1,7,3,1,2,1,13,31,26,31,3,36,0,6,10,2,4,3,8,18,3,6,7,0,8,20,3,7,3,8,0,17,3,9,45,1,10,7,20,13,9,3,9,1,3,14,4,1,17,0,0,40,20,4,6,1,0,5,2,0,1,4,12,2,1,26,8,6,9,8,2,3,2,10,0,14,0,25,0,23,3,4,3,13,0,1,31,6,9,10,14,6,0,22,4,19,1,3,0,5,12,3,2,12,2,3,3,15,6,2,0,4,0,5,0,29,20,0,15,1,2,0,3,0,31,63,7,2,19,3,7,4,9,3,11,13,1,0,24,6,0,1,2,1,14,0,0,2,23,2,28,5,1,1,41,2,1,4,0,0,9,2,3,26,23,1,20,0,6,9,18,2,4,0,6,6,20,4,0,1,0,3,5,7,22,5,2,14,10,2,2,4,2,5,7,0,33,13,6,4,3,0,34,3,12,5,4,3,3,0,25,38,17,17,16,1,22,5,8,1,7,7,6,12,19,18,34,0,1,6,3,6,0,6,18,30,0,5,5,7,1,18,13,4,2,6,18,13,1,21,14,0,1,3,4,7,11,8,16
"1",14,3,2,1,16,2,24,12,6,0,1,30,14,0,18,0,7,0,10,27,3,38,11,17,1,0,10,2,51,4,3,3,2,12,27,1,27,35,3,17,3,1,2,25,18,2,0,3,33,6,25,3,2,9,7,2,1,32,1,6,0,11,2,1,0,3,27,37,28,20,3,35,0,2,7,0,4,13,11,22,0,3,12,1,9,16,2,2,2,9,3,11,10,7,34,0,5,10,14,9,20,7,12,0,1,34,1,2,15,2,0,34,22,5,3,4,1,3,5,2,4,3,5,2,1,19,2,8,7,6,2,0,2,9,0,17,1,35,0,27,1,8,4,5,1,1,21,5,7,12,6,1,2,26,5,17,5,3,1,5,10,2,6,7,0,2,5,6,2,5,0,6,1,3,2,20,23,7,22,1,1,0,2,2,35,56,3,6,19,5,6,1,2,3,12,18,0,2,17,13,5,1,7,0,3,0,0,5,18,9,13,19,2,1,35,0,2,5,3,2,8,6,0,20,14,1,38,2,8,9,21,5,2,2,2,11,11,2,1,2,1,0,1,4,19,1,3,12,11,9,1,8,12,1,3,2,31,11,2,3,6,1,32,3,22,2,12,6,8,1,21,36,24,27,17,0,16,3,10,0,13,4,5,3,32,27,47,4,2,5,1,1,1,8,22,29,1,5,4,4,4,31,14,2,0,1,15,16,0,18,9,1,0,2,5,11,6,8,9
"1",14,3,3,2,18,0,21,6,6,6,2,42,13,0,18,2,5,2,16,18,5,26,10,18,1,1,5,14,53,4,2,6,6,5,17,3,19,21,3,15,2,1,2,27,19,9,2,2,27,0,27,1,0,8,2,1,1,23,1,6,2,13,3,0,1,5,14,19,41,24,2,23,0,5,10,0,1,18,13,28,8,8,20,1,6,17,2,1,1,7,2,23,17,12,49,1,9,3,15,18,10,5,5,1,2,27,1,0,6,3,0,16,25,2,3,3,0,6,3,0,0,1,11,2,1,17,7,13,8,7,2,1,8,17,0,23,3,22,0,17,3,5,4,10,0,1,12,5,14,16,11,0,0,34,3,48,0,4,0,3,9,1,3,11,1,7,2,10,7,4,0,6,2,6,3,32,10,2,14,0,0,0,1,1,39,62,5,0,19,8,4,3,3,3,13,11,0,0,38,6,2,3,4,1,14,3,0,6,18,9,25,5,0,2,29,0,4,7,2,1,12,3,0,23,25,2,21,1,4,9,22,4,2,2,2,10,20,6,0,2,0,0,4,5,31,5,1,17,7,6,3,5,8,0,4,2,25,13,2,3,1,0,27,4,28,3,7,0,8,0,29,23,23,31,14,1,22,3,9,2,5,5,5,9,19,9,39,0,3,3,6,2,3,4,10,21,2,3,2,6,3,20,11,2,2,1,13,15,2,20,16,1,1,1,11,7,17,9,14
"1",19,1,0,2,20,1,16,16,7,3,2,26,19,2,12,2,6,0,14,25,3,26,21,18,2,0,4,3,42,9,2,0,0,6,21,3,24,19,2,12,3,2,0,24,10,5,2,2,21,1,15,0,5,12,0,3,2,15,7,8,1,22,7,2,0,5,21,21,21,30,0,43,0,1,5,2,1,13,12,19,5,6,4,1,12,19,1,5,4,17,5,17,9,10,47,1,17,6,13,14,11,9,4,2,1,20,0,0,21,6,1,26,27,8,1,2,0,5,1,1,1,3,11,1,3,11,8,4,4,6,2,0,4,14,0,11,1,16,1,17,0,2,7,22,0,4,17,8,14,16,6,1,1,16,13,20,3,8,3,1,12,3,2,11,2,2,3,10,6,4,0,7,0,1,0,22,25,4,16,1,1,0,5,2,19,73,7,3,18,10,6,5,3,2,12,16,3,1,22,2,2,4,3,0,9,3,0,2,20,5,25,12,1,1,54,0,5,5,5,3,12,1,1,14,13,2,15,1,3,5,22,3,6,5,3,14,16,9,2,4,1,1,3,5,11,2,0,16,17,7,4,10,4,1,10,0,26,7,0,5,3,0,47,3,14,3,9,0,2,0,32,23,12,18,12,5,18,6,5,5,3,6,5,6,20,13,36,7,4,6,2,7,1,8,10,18,2,9,4,3,4,18,7,1,5,2,11,21,3,29,17,1,0,1,10,6,3,8,11
"1",13,2,1,4,21,0,23,16,5,2,0,23,28,4,13,0,2,1,12,20,5,31,20,12,2,0,8,3,47,4,0,9,7,12,22,0,20,23,2,10,5,3,2,14,24,6,1,6,20,0,32,2,0,7,2,3,1,32,3,15,0,11,1,0,4,7,30,24,30,33,1,42,2,1,8,1,5,6,11,17,4,7,7,1,7,30,2,2,2,8,2,8,15,8,46,0,5,4,12,15,10,9,5,1,2,20,2,1,15,1,0,34,19,5,3,1,1,7,4,0,0,2,6,0,1,7,8,13,6,5,3,4,3,9,1,12,3,25,0,16,0,3,6,15,7,1,10,4,7,14,7,4,1,25,5,27,8,4,0,4,12,0,1,14,0,4,2,9,7,8,0,7,1,1,0,23,8,3,15,0,1,0,2,1,30,51,3,7,14,8,9,3,6,4,34,21,1,1,23,1,1,0,8,1,6,2,1,3,25,8,31,8,1,3,44,1,1,4,3,3,6,9,2,11,21,4,26,2,8,6,19,3,4,0,1,7,21,7,0,3,0,3,2,4,22,11,0,27,8,3,2,7,7,3,5,2,31,13,4,5,1,0,30,5,13,2,5,2,6,0,23,44,22,24,7,2,17,1,9,1,7,4,6,7,20,22,35,2,5,5,0,7,0,4,12,27,0,4,1,5,4,20,14,4,0,3,10,17,3,35,17,2,0,1,12,8,6,10,21
"1",19,3,4,1,27,1,22,19,5,4,0,25,31,6,15,0,7,0,10,30,5,34,24,17,1,1,8,5,64,5,0,7,2,11,28,3,36,23,6,18,3,0,2,24,10,7,4,10,25,3,17,6,0,9,2,4,2,19,6,7,0,8,2,0,3,6,18,24,34,22,3,43,0,0,11,0,1,16,12,15,5,11,9,1,15,23,5,3,5,10,1,10,10,7,60,1,9,5,9,17,5,6,6,3,7,22,3,1,18,1,2,36,24,11,1,4,1,8,5,3,2,4,5,0,3,20,4,11,4,7,4,2,4,4,0,6,2,24,0,31,1,2,2,17,1,1,21,3,13,8,6,0,2,28,1,27,0,5,2,8,6,3,7,9,3,4,3,12,4,13,0,11,4,0,1,21,21,5,19,1,8,2,1,1,33,51,3,1,7,4,1,2,6,5,14,12,0,1,20,0,1,2,4,1,10,0,2,4,14,8,25,20,3,2,36,1,11,9,3,5,12,2,0,24,20,2,16,1,6,7,23,1,4,0,0,19,24,12,0,1,2,1,4,9,19,5,1,24,9,5,3,1,6,4,11,0,18,2,3,11,2,0,33,15,15,3,6,3,5,1,17,30,22,23,10,0,13,3,9,2,5,9,12,4,25,11,43,5,1,6,1,4,5,5,18,21,3,5,2,2,3,26,10,2,1,0,7,22,1,17,21,1,0,1,10,10,17,7,18
"1",13,0,0,2,34,1,14,12,8,4,4,17,19,4,10,2,6,0,6,20,2,24,9,26,3,2,11,5,29,0,2,3,2,6,30,0,16,30,7,13,2,3,1,20,11,5,0,5,29,0,34,0,1,12,0,3,4,19,4,3,0,15,7,1,3,2,11,27,27,28,2,18,1,1,8,1,0,10,3,14,5,8,5,2,5,24,3,5,1,12,4,4,11,3,42,1,10,3,26,20,12,6,4,0,2,28,3,3,11,0,0,25,17,6,0,0,1,5,7,1,0,2,11,0,0,23,4,12,5,4,7,2,2,11,0,14,0,14,0,22,1,3,1,18,3,0,24,4,6,20,7,2,1,19,4,15,4,7,4,1,5,0,6,10,1,4,3,4,7,2,0,4,4,2,2,25,16,4,22,0,0,0,2,4,17,75,1,11,20,9,4,2,5,2,11,17,1,2,19,7,1,1,1,0,8,0,1,3,17,13,23,22,5,1,46,0,4,6,5,5,16,3,1,22,21,2,16,3,8,12,20,4,3,5,0,12,12,7,0,2,3,1,2,3,21,8,0,21,14,1,7,13,3,4,5,0,23,5,2,5,1,0,34,6,21,2,12,2,15,0,26,28,17,21,7,2,22,2,14,4,5,3,5,8,35,20,36,3,1,10,4,7,4,8,18,28,3,5,1,5,2,21,14,4,0,1,18,12,2,17,15,1,0,1,7,11,21,9,22
"1",13,1,2,8,25,0,15,18,4,4,2,22,19,2,13,7,4,0,13,27,3,31,12,12,2,0,6,1,44,4,1,9,5,6,29,1,24,23,5,17,2,3,2,22,12,3,1,7,31,1,21,0,1,15,3,6,2,23,5,11,0,13,2,0,6,6,17,27,22,20,0,30,0,4,14,1,1,15,13,19,2,5,5,0,13,18,0,5,1,10,3,19,10,5,55,3,6,3,15,18,3,5,8,3,4,23,0,0,9,1,1,15,13,8,1,1,1,6,4,1,0,2,9,3,3,20,7,13,7,7,2,1,1,10,2,14,1,29,1,16,1,5,0,14,2,0,24,7,5,17,4,3,1,23,6,32,3,2,1,1,14,2,7,10,1,1,4,8,2,1,0,5,1,5,1,20,16,3,15,1,2,0,4,0,21,60,5,7,12,9,6,1,4,3,12,20,2,1,20,3,1,1,1,0,6,4,1,0,21,7,37,15,1,1,39,0,2,12,0,1,10,1,0,15,23,0,14,0,6,11,14,2,4,2,3,8,18,9,0,5,3,0,6,5,23,5,1,16,10,7,3,9,6,4,8,1,18,4,3,5,2,0,36,7,20,0,8,2,8,1,30,39,25,16,17,1,20,6,7,2,7,2,11,5,18,25,31,2,1,4,1,4,1,6,12,19,3,2,7,3,3,25,19,2,0,1,8,17,0,26,14,1,0,2,4,6,16,10,20
"1",8,3,1,1,23,0,14,19,0,3,1,28,28,5,9,5,4,1,11,33,3,15,17,8,1,2,6,1,55,3,5,5,2,3,22,5,24,25,3,7,3,1,3,25,9,9,1,9,35,1,20,3,1,5,4,0,0,26,2,12,1,11,5,0,6,3,29,23,19,29,0,38,1,3,9,1,2,12,10,18,10,12,0,1,15,23,2,3,0,11,2,12,12,11,54,1,12,3,15,11,14,6,10,0,3,34,1,0,7,2,0,22,18,7,0,3,2,5,1,0,2,3,13,0,2,17,4,11,4,4,3,2,3,12,2,15,1,29,0,23,0,3,5,12,2,0,22,5,12,18,6,3,2,33,7,27,3,5,3,1,5,2,14,18,2,4,3,8,9,6,0,9,2,3,1,19,18,5,29,0,0,0,0,1,26,65,2,9,6,10,8,0,2,4,11,12,1,5,17,5,0,2,4,0,11,2,1,5,19,11,35,10,1,1,36,1,7,3,4,2,12,2,0,31,30,0,8,1,2,16,12,7,4,2,1,11,19,8,2,4,1,0,6,3,17,2,1,24,16,9,2,4,3,2,8,0,29,7,1,9,2,0,30,4,18,2,8,2,4,2,29,50,21,21,8,4,21,2,9,0,5,7,3,4,19,24,41,4,3,5,1,3,2,6,12,26,4,4,8,4,3,31,15,1,0,2,13,20,1,16,16,2,0,0,3,6,8,18,13
"1",19,0,1,3,16,0,23,13,4,10,1,25,19,4,19,2,6,0,23,27,2,41,16,15,1,0,11,4,38,5,2,1,3,7,33,3,16,27,2,12,2,7,7,17,15,8,1,9,20,2,18,0,1,4,7,0,0,11,1,7,1,17,5,2,3,9,5,27,23,18,4,51,1,2,5,1,1,13,8,21,4,6,18,2,4,18,0,5,1,12,1,13,7,6,53,1,5,4,15,19,5,2,5,0,1,20,1,4,14,3,1,32,24,10,2,4,1,1,5,1,2,8,12,1,0,14,6,11,3,10,1,3,8,4,3,10,1,26,0,26,1,10,1,18,3,0,28,5,17,15,9,2,2,29,6,22,3,4,2,3,7,3,9,7,3,5,4,11,4,3,0,8,5,3,0,27,21,9,20,0,0,0,2,4,35,74,3,7,15,6,7,3,9,3,9,17,1,2,16,5,0,6,6,0,14,1,0,7,18,8,37,10,3,3,51,0,2,5,3,3,5,2,0,18,34,0,19,3,4,13,22,7,1,0,5,16,24,12,0,0,0,2,1,7,19,11,2,17,9,3,3,6,1,5,5,2,31,10,3,3,3,1,31,8,11,3,6,0,1,0,26,32,13,15,11,0,17,5,9,1,6,6,8,10,21,22,48,0,4,5,2,10,1,8,23,30,2,5,8,5,1,24,18,1,0,1,19,14,1,21,12,1,0,4,12,7,9,14,9
"1",21,1,1,2,14,0,18,15,9,5,0,35,20,7,14,2,1,0,2,21,2,25,23,21,1,0,5,4,64,2,2,3,0,4,20,4,27,24,1,18,1,6,2,30,19,6,0,8,31,2,20,0,3,5,2,1,0,23,3,19,3,13,2,0,4,5,15,16,25,18,2,27,1,3,4,2,1,6,13,11,4,7,9,1,3,28,3,4,5,10,1,12,6,6,41,1,15,5,18,14,4,7,10,1,1,17,0,1,9,0,0,23,17,5,1,2,1,6,3,0,1,3,13,0,1,19,5,9,7,7,1,1,4,8,1,9,4,20,1,25,0,1,5,13,2,1,14,6,9,4,9,1,0,28,8,21,7,1,2,3,7,0,5,11,1,5,2,6,15,4,0,4,1,3,0,28,23,1,20,0,2,1,2,2,19,67,3,4,11,6,7,5,7,0,10,17,2,1,23,4,2,4,7,0,20,0,0,7,11,7,25,11,2,1,31,0,4,6,4,2,15,5,3,19,17,1,13,3,5,13,24,4,0,0,1,7,15,14,2,3,0,0,4,10,19,9,1,12,10,8,2,6,9,8,5,2,23,9,1,4,0,0,32,15,13,2,6,2,5,2,36,43,29,20,10,1,21,0,10,3,6,3,2,11,28,11,42,3,2,3,1,5,1,7,11,18,2,2,8,3,1,36,12,0,1,2,6,15,1,22,16,0,0,2,14,2,11,15,20
"1",18,1,1,2,25,3,17,18,11,3,2,34,23,7,12,4,1,0,13,26,1,30,11,11,1,0,11,12,44,6,0,4,4,5,19,0,25,21,3,12,5,5,1,30,5,6,2,9,24,1,22,2,0,6,1,0,3,33,1,6,2,13,1,0,0,4,10,18,18,27,2,33,2,4,2,0,2,13,13,20,2,6,13,3,8,13,2,5,0,5,4,15,7,13,35,0,6,1,15,15,4,8,6,0,0,36,0,1,15,2,1,27,19,12,4,2,2,3,5,1,0,4,9,0,1,10,10,8,5,4,2,1,5,11,3,9,4,11,2,28,2,3,2,8,1,3,19,5,15,11,9,4,2,36,4,30,2,2,1,4,13,1,9,9,1,4,2,9,7,1,0,9,3,0,1,21,13,3,25,0,2,0,1,2,22,43,4,5,13,9,5,0,3,2,12,20,0,1,14,5,1,2,4,0,6,2,0,3,29,14,30,12,2,2,27,1,5,11,2,4,1,3,2,14,25,1,17,3,4,7,29,3,1,0,1,15,14,11,0,3,0,1,2,8,29,3,1,23,17,5,2,4,4,9,8,1,23,14,0,5,1,0,35,3,22,3,10,1,2,1,21,34,18,19,10,1,16,2,5,1,7,7,6,8,18,21,45,3,5,10,2,7,0,10,11,18,3,5,1,3,1,20,8,1,0,0,17,25,1,11,27,1,0,1,3,6,4,15,10
"1",18,5,1,2,27,3,12,14,12,0,1,27,20,11,12,3,5,0,13,23,1,21,25,20,0,0,10,5,41,3,4,7,1,5,29,3,17,29,3,8,3,6,1,13,13,8,4,8,28,1,10,1,4,9,0,1,0,28,1,11,1,16,4,1,2,4,13,30,18,22,0,26,1,4,5,1,0,12,5,13,2,0,6,6,10,14,2,3,1,5,2,6,10,5,40,2,11,4,12,19,12,2,8,0,1,32,0,1,10,0,1,36,17,10,2,6,0,1,4,2,1,4,9,1,0,13,11,7,8,4,3,3,0,13,2,11,2,11,0,20,1,9,7,9,1,1,20,7,7,13,13,3,1,33,9,14,3,3,0,3,10,2,9,11,1,5,0,6,1,5,0,4,1,5,0,25,13,6,21,0,0,1,3,3,28,69,0,11,13,7,5,1,5,2,20,17,1,2,26,4,1,5,6,0,6,0,2,2,26,6,21,9,1,2,38,0,4,7,2,3,6,2,0,14,18,2,36,2,5,7,32,4,6,2,2,2,13,6,1,2,4,0,3,7,21,2,0,9,15,6,8,8,5,3,8,1,23,14,3,5,5,1,55,2,12,7,16,0,4,1,24,33,19,16,9,0,28,4,8,2,3,6,4,13,33,22,27,1,3,7,1,5,3,6,14,20,4,6,7,5,3,29,13,9,0,1,12,10,1,21,18,0,1,3,5,14,11,4,19
"1",12,4,0,2,24,0,21,22,9,0,3,33,17,4,17,7,5,1,11,26,1,18,22,15,0,0,8,6,32,2,2,6,3,7,34,1,26,31,1,9,5,10,7,26,13,7,4,6,20,0,25,1,3,9,2,4,2,35,5,15,2,14,1,0,1,2,15,29,14,14,2,20,0,2,4,2,1,8,7,17,8,5,14,2,9,21,2,3,3,1,4,14,13,11,37,1,10,2,28,9,7,2,9,2,1,25,1,0,7,3,1,42,18,11,1,3,0,4,4,1,1,7,14,0,2,12,9,10,6,5,4,2,11,23,2,19,1,26,0,26,0,1,3,7,0,5,15,8,11,13,7,0,0,20,5,28,7,6,3,3,7,2,10,18,1,2,1,12,9,5,0,7,0,2,0,30,23,0,8,0,0,0,2,1,25,61,2,8,11,8,7,3,7,2,21,9,4,3,18,4,2,3,6,0,10,3,1,3,24,6,36,13,2,2,52,3,8,9,6,2,8,2,0,18,27,2,21,2,2,12,22,6,3,3,1,13,16,7,1,0,2,2,2,10,25,2,0,20,19,6,5,8,2,11,6,0,28,5,0,6,3,0,31,6,19,5,12,2,7,1,24,34,31,17,15,1,5,3,13,1,9,10,12,3,28,20,31,3,4,5,1,5,3,7,13,25,3,3,5,4,0,32,8,8,1,1,7,26,2,18,22,3,0,2,5,8,11,11,16
"1",17,4,3,5,19,0,14,17,14,3,1,27,15,2,10,3,1,1,14,21,3,26,14,13,2,1,9,0,43,5,2,3,1,11,14,1,21,29,1,12,3,9,1,20,9,7,2,6,36,0,29,0,2,4,4,0,2,26,5,6,1,8,3,1,0,5,13,29,28,19,2,44,0,9,13,2,0,21,8,16,5,5,7,1,10,19,0,4,1,11,1,16,10,8,50,0,4,1,18,14,12,5,12,4,4,16,0,1,9,6,0,40,25,7,1,1,0,9,1,2,0,4,11,2,4,11,5,5,2,10,7,0,4,14,3,9,1,25,0,30,1,0,4,11,1,0,24,3,9,12,8,3,1,30,7,18,2,6,2,1,7,0,5,6,4,4,1,3,12,4,0,7,3,1,0,15,27,1,20,0,0,1,0,2,42,64,1,9,17,6,2,2,10,4,12,18,1,2,20,8,0,4,4,0,6,1,1,8,25,9,32,12,2,1,43,1,3,3,2,3,8,6,1,25,22,2,14,0,8,0,23,4,2,1,3,8,18,7,3,1,3,0,0,8,21,3,0,22,11,5,3,5,6,8,2,0,27,9,1,7,7,1,35,3,8,2,5,3,8,1,40,37,25,23,16,1,31,4,6,0,5,10,10,9,33,16,42,6,1,2,0,7,0,10,15,21,4,11,4,5,3,20,21,1,2,0,9,21,0,27,11,2,0,0,11,16,12,13,27
"1",13,5,2,2,25,0,11,12,6,5,0,20,24,5,25,1,6,0,21,25,1,25,22,15,0,0,11,3,52,3,0,5,8,6,24,0,29,39,4,16,1,4,2,24,18,7,0,7,21,5,11,0,1,5,5,2,2,16,4,12,1,9,3,1,1,3,21,22,36,31,0,17,1,4,8,1,4,9,12,11,4,7,10,2,5,27,1,2,4,10,2,18,12,9,40,1,14,4,18,15,7,0,5,3,1,26,3,2,18,3,1,22,23,11,1,4,1,5,2,2,1,2,6,1,2,22,6,16,8,6,1,0,2,13,1,13,1,26,0,17,0,0,6,10,0,3,20,4,8,6,12,2,2,29,6,23,1,1,2,4,7,1,5,8,0,4,0,16,8,3,0,8,0,5,0,16,14,3,20,0,0,0,4,2,31,56,2,6,16,17,7,9,4,2,12,18,0,1,21,2,0,7,3,0,8,0,1,3,31,0,25,19,3,1,34,0,1,6,3,0,18,4,0,15,17,3,15,2,4,11,29,1,4,0,1,11,24,2,0,4,0,1,4,5,18,3,1,17,12,6,3,4,5,3,7,3,24,8,1,5,1,0,33,3,19,4,8,1,7,0,25,39,20,16,16,1,20,2,11,1,7,4,5,6,29,13,50,2,7,5,2,4,2,5,16,23,6,2,7,3,3,24,7,0,0,2,16,13,2,21,13,0,0,1,5,18,5,4,20
"1",27,12,2,1,12,0,22,11,6,3,2,23,28,5,14,0,4,0,13,26,3,37,15,18,1,2,5,10,38,2,0,10,1,2,37,0,24,24,3,13,2,11,3,30,23,9,2,8,30,5,18,0,1,14,4,3,7,19,3,7,2,12,2,6,5,3,21,20,19,22,5,24,1,4,7,0,0,9,6,22,6,4,14,1,8,20,1,7,4,12,0,20,11,8,41,1,9,6,17,25,18,6,6,3,4,33,1,3,9,2,0,34,20,3,3,6,0,6,5,0,0,3,5,1,1,12,8,9,8,7,5,1,2,11,1,6,2,17,0,18,1,4,8,9,0,3,22,6,6,14,6,0,3,29,8,24,2,5,2,3,6,1,6,10,2,5,5,8,6,8,0,5,2,2,0,26,27,2,17,0,0,1,1,6,20,59,0,4,14,8,6,1,3,4,14,24,6,0,14,11,1,3,1,1,6,0,0,6,21,9,32,20,2,4,47,0,3,4,4,3,3,1,0,15,26,3,11,0,10,7,15,1,4,1,1,9,19,8,1,5,1,0,3,10,28,7,0,19,4,7,0,7,7,4,2,0,31,8,3,8,4,1,35,5,14,4,6,3,11,0,25,27,12,13,13,1,27,3,6,1,4,13,2,10,22,22,35,2,4,4,2,2,3,17,14,18,2,11,3,3,7,40,11,2,0,1,16,17,1,20,15,2,0,2,6,9,8,10,11
"1",19,5,3,4,19,1,9,7,5,2,0,21,13,11,9,3,7,0,8,33,3,31,21,15,2,0,5,2,64,5,0,8,3,7,21,0,34,21,2,12,2,7,4,9,10,8,2,4,17,3,37,0,3,12,0,1,2,21,3,6,0,12,4,1,2,3,18,25,18,31,2,36,3,2,1,3,2,13,12,27,14,10,15,1,5,16,2,3,4,8,1,9,9,17,53,1,11,0,13,10,8,8,6,2,2,27,1,0,18,2,0,24,22,7,1,1,2,2,5,0,1,2,9,0,1,16,5,8,9,9,1,0,1,14,1,10,1,24,0,29,0,4,6,9,4,1,19,7,9,14,9,1,2,38,3,18,6,8,2,5,7,1,7,19,1,4,3,15,4,3,1,1,0,1,0,26,17,5,19,3,1,0,4,0,44,71,6,6,18,11,5,2,7,4,12,12,3,2,17,2,0,1,3,1,12,0,0,3,15,14,33,19,2,2,53,3,1,11,4,5,14,2,0,19,17,1,17,1,8,8,19,3,5,0,1,9,20,8,1,3,1,1,7,13,19,10,1,30,22,5,5,8,4,2,5,0,32,13,2,6,2,0,33,4,24,2,11,2,6,0,27,35,13,11,9,1,26,3,9,2,9,7,7,4,22,25,35,4,3,3,2,5,4,8,17,30,3,5,3,5,2,24,16,3,2,1,12,21,0,23,21,2,1,0,1,10,7,13,16
"1",13,4,4,5,14,0,22,16,10,0,2,24,17,5,23,5,10,1,9,32,8,23,15,13,2,0,14,3,57,3,2,5,2,11,27,1,17,29,6,6,5,3,1,32,17,7,2,12,32,2,34,0,1,11,0,5,0,32,2,8,2,17,8,1,4,10,22,36,32,27,0,37,1,5,0,6,2,11,9,15,2,10,13,1,7,16,1,1,2,8,2,17,13,13,42,1,6,7,17,14,12,4,10,1,3,32,1,1,10,3,1,45,18,12,5,4,0,3,2,3,2,3,11,1,0,14,9,7,10,5,2,1,3,4,0,20,0,15,3,41,1,5,5,8,0,2,12,9,13,14,11,0,4,27,4,34,3,2,1,4,2,1,11,15,0,6,1,8,3,11,1,5,0,1,1,30,24,6,14,2,0,0,2,0,22,53,5,3,25,7,9,2,8,2,14,7,0,0,22,4,5,2,6,0,6,1,0,6,23,9,17,19,1,5,43,2,3,3,6,1,10,4,0,15,27,1,20,2,4,9,15,7,4,3,1,8,18,10,2,1,0,0,1,6,10,6,2,12,10,8,2,7,10,2,7,1,21,17,3,1,4,0,44,1,14,2,8,2,8,0,33,43,28,26,4,2,16,2,12,2,2,9,12,9,24,12,49,3,1,9,1,9,0,6,11,25,3,4,2,1,4,18,12,0,0,2,16,13,0,23,16,1,1,2,8,10,7,12,22
"1",21,2,0,1,13,1,10,15,9,4,2,18,18,3,12,3,6,0,13,19,0,18,19,16,2,0,6,6,60,3,0,3,1,11,19,5,21,13,6,17,3,2,4,18,12,9,2,2,28,2,21,5,2,16,6,2,1,31,0,8,0,10,1,0,2,3,12,29,18,27,4,26,1,2,8,0,4,16,5,19,3,6,10,1,1,14,2,2,1,10,2,6,14,14,43,1,6,2,12,16,8,3,3,0,2,33,4,1,11,4,1,35,15,11,0,2,5,5,4,0,0,4,10,2,0,15,6,2,10,3,2,1,8,7,2,19,2,21,2,20,1,4,1,9,1,0,24,4,6,12,8,4,2,21,2,29,0,7,4,0,7,4,4,7,1,3,0,10,6,4,0,3,0,1,0,24,15,4,23,0,2,0,2,0,25,68,3,6,16,8,1,3,6,4,14,11,3,0,19,2,5,2,3,0,7,2,3,8,18,6,29,13,0,3,42,2,3,7,2,3,8,3,1,22,12,0,25,0,9,8,19,0,2,1,1,13,14,13,0,3,3,3,2,16,24,3,2,19,9,10,2,4,9,2,11,1,21,10,3,5,9,3,31,5,12,2,12,1,8,0,22,29,27,26,12,1,11,5,4,3,9,7,4,9,23,19,33,3,3,9,1,7,1,9,17,23,6,3,6,5,3,21,7,0,2,0,13,25,1,12,24,2,1,3,9,15,2,14,13
"1",15,5,0,5,16,0,14,17,3,1,3,41,16,5,6,4,4,1,14,24,4,32,15,14,3,0,1,5,46,5,0,7,2,9,17,1,26,31,1,11,2,6,2,14,14,9,5,9,26,1,29,1,0,6,0,4,1,18,4,7,0,15,4,1,5,5,16,34,20,38,2,26,5,3,6,2,3,9,12,16,11,3,9,2,9,24,2,5,6,7,2,14,11,12,35,2,16,5,13,12,6,5,0,2,2,18,7,0,16,1,1,23,16,7,1,4,0,7,0,2,1,7,9,0,1,14,4,0,11,5,2,2,4,9,0,13,3,27,1,31,5,2,1,18,1,1,17,5,12,14,14,4,5,24,12,16,2,2,5,5,10,2,4,9,4,3,3,5,6,10,0,6,4,0,1,31,15,6,29,0,3,0,4,2,23,70,2,9,16,12,4,4,4,4,14,14,3,1,24,8,1,1,8,3,9,3,1,7,21,7,27,12,1,1,36,2,3,3,4,4,5,3,0,27,20,1,19,2,4,9,23,3,4,0,2,11,24,10,1,3,1,0,8,8,23,8,0,25,5,11,2,10,8,6,14,0,23,14,2,4,6,1,25,4,25,5,8,2,14,0,28,31,16,15,10,2,20,6,3,2,10,10,4,2,26,18,27,2,3,6,1,7,0,12,21,16,7,5,1,3,5,31,16,3,2,2,11,17,1,12,13,2,1,1,12,11,6,11,22
"1",15,3,1,4,28,1,27,13,12,2,1,35,16,5,15,2,2,0,6,39,1,22,23,15,1,0,9,7,40,3,2,6,3,10,28,6,29,20,1,16,2,5,2,24,14,6,1,8,35,1,20,0,0,11,6,3,0,17,5,5,0,14,3,0,1,0,30,28,16,24,0,21,4,0,5,1,1,10,6,29,5,7,5,0,9,15,4,1,3,18,2,11,17,15,52,0,8,6,23,18,14,4,7,0,1,18,3,0,9,1,0,39,21,9,6,1,2,9,4,3,1,4,8,1,3,11,8,9,11,5,0,2,0,21,1,9,0,22,0,19,2,6,1,12,1,0,15,6,9,9,9,4,2,21,6,25,6,9,1,3,7,3,10,15,4,2,2,6,7,6,1,6,0,5,0,22,24,2,10,3,0,0,2,1,29,60,1,8,23,10,5,3,2,1,13,16,0,5,18,6,3,3,4,2,9,4,0,4,25,6,35,11,1,2,30,1,4,6,6,1,7,2,0,14,21,1,12,0,2,11,22,4,8,2,1,14,12,9,0,6,1,2,5,2,15,1,0,26,10,10,5,5,8,7,7,1,39,11,2,4,1,0,54,7,21,7,11,4,14,1,30,37,19,16,8,1,27,2,3,1,5,2,10,7,34,22,45,4,4,5,3,2,4,8,18,15,2,2,5,7,1,30,14,1,2,2,12,22,1,26,23,4,1,2,7,5,3,3,18
"1",9,3,0,4,16,0,17,20,7,2,1,27,19,5,9,2,5,2,2,16,5,18,12,16,1,1,10,4,47,5,1,6,3,4,24,0,24,23,4,18,3,5,2,21,10,8,2,14,20,3,23,3,2,10,6,1,5,34,7,8,2,9,4,0,5,2,14,25,22,21,1,32,1,0,3,0,0,9,10,16,4,10,10,3,10,19,1,5,3,6,4,15,19,4,43,0,10,5,14,24,9,3,11,1,0,17,1,2,13,3,0,26,25,7,1,4,2,4,4,1,0,0,13,0,1,13,15,9,8,10,3,0,4,6,4,16,3,29,0,27,1,1,3,18,0,1,18,5,8,20,11,2,0,21,5,30,3,4,0,2,8,1,5,20,1,3,5,11,8,5,1,3,1,4,1,18,19,6,10,1,1,0,9,1,34,48,3,6,36,11,5,3,0,5,27,17,1,2,30,4,2,1,6,0,6,3,1,6,18,8,30,13,0,2,42,0,2,4,6,5,9,2,1,25,14,1,17,1,5,6,19,2,5,2,1,9,16,8,0,2,1,1,6,8,28,5,0,6,13,3,0,4,8,6,10,1,30,17,4,7,1,4,32,5,9,3,6,3,6,0,28,32,15,14,13,1,6,8,1,5,6,5,9,7,24,20,47,1,3,5,4,13,2,15,10,21,8,3,1,4,6,16,10,0,0,5,18,14,0,15,12,0,0,1,3,19,7,5,10
"1",11,11,5,5,13,2,14,24,10,2,0,39,18,2,9,1,4,0,16,25,1,27,15,18,2,1,8,6,49,5,3,10,5,7,22,3,29,41,1,14,2,5,4,28,10,8,0,6,28,1,14,5,2,7,4,4,4,28,1,7,2,15,3,2,2,4,17,22,24,17,2,42,0,1,2,0,2,10,6,23,3,17,10,2,13,24,1,4,4,6,1,19,12,4,51,0,6,5,14,15,21,1,2,3,0,27,8,0,26,4,0,22,29,8,3,2,0,7,5,2,3,0,8,0,1,16,9,8,4,9,2,3,1,6,1,12,1,17,1,32,2,4,3,18,2,0,17,7,6,16,17,1,1,25,6,26,2,3,1,4,12,2,7,10,2,6,2,10,4,8,0,5,0,5,0,22,20,2,22,1,1,0,3,0,25,65,3,5,20,11,7,7,11,4,22,19,0,0,19,2,2,5,4,1,4,4,1,6,23,7,32,13,1,3,50,1,1,3,2,3,5,0,2,23,18,1,17,1,3,8,19,2,2,3,6,9,15,7,2,4,1,0,2,7,22,8,0,16,9,6,4,5,4,4,8,4,24,16,1,7,1,3,26,12,14,2,12,1,5,0,22,47,26,16,16,0,17,3,8,2,12,4,4,9,21,22,43,0,2,6,2,3,2,8,16,33,0,4,7,2,3,22,17,1,0,5,15,15,2,13,15,2,1,0,10,4,11,5,23
"1",26,0,0,3,30,1,18,16,10,5,0,22,27,10,5,1,4,1,7,26,3,26,9,27,2,0,10,6,46,6,0,5,1,10,28,0,33,32,1,11,2,6,2,22,12,9,4,12,20,3,17,1,3,6,1,3,8,36,5,1,1,5,6,0,5,4,23,27,28,27,3,30,5,3,4,1,0,13,8,9,6,3,16,1,5,23,2,3,0,7,0,10,12,7,36,1,6,4,21,19,11,10,7,1,1,28,2,1,14,4,0,31,16,7,2,4,0,4,1,0,1,5,7,0,5,16,8,6,9,8,2,0,1,15,2,10,0,23,0,32,0,3,4,15,0,1,14,5,13,13,17,4,1,19,14,27,2,5,1,0,13,1,2,12,0,5,1,5,4,2,1,8,1,2,0,19,22,3,18,0,4,1,5,1,41,74,1,11,24,6,7,4,8,4,8,20,1,3,23,6,1,9,1,0,10,6,0,0,20,4,26,13,0,1,37,5,3,3,2,0,12,3,3,13,13,3,9,1,1,3,23,4,2,2,1,15,20,2,0,6,1,0,3,11,18,3,0,23,17,8,1,17,10,3,7,0,31,15,1,7,4,0,35,7,15,2,10,6,6,2,32,37,26,23,15,0,25,5,9,1,0,4,4,12,12,19,41,2,5,4,1,10,8,3,16,19,3,2,4,6,4,30,15,1,1,2,11,25,2,10,11,0,0,3,10,10,10,8,17
"1",13,8,2,6,22,1,24,13,9,3,1,36,25,2,15,13,2,1,12,29,3,29,21,23,1,2,9,5,44,1,3,0,4,6,19,0,31,25,2,6,1,6,1,32,13,4,1,3,30,1,22,0,0,12,0,1,1,20,4,8,2,11,2,0,0,4,10,25,21,29,0,31,2,1,16,1,4,7,11,13,1,2,20,1,9,21,2,5,4,8,2,14,10,4,44,1,11,6,16,21,16,5,10,0,0,31,1,1,19,1,3,19,15,6,1,3,0,9,1,1,1,4,16,2,0,17,1,3,6,2,1,2,2,12,1,9,2,20,0,26,3,2,3,10,0,0,26,3,13,10,10,2,3,24,4,31,3,8,3,3,9,0,14,7,1,4,5,8,4,5,0,5,4,5,0,21,32,3,16,1,0,0,1,0,21,53,3,2,10,11,3,5,7,1,20,21,0,4,21,5,1,3,3,1,9,9,0,5,18,13,30,14,1,3,43,2,2,7,6,2,8,1,2,18,20,1,14,2,0,16,29,5,7,0,1,20,19,9,0,4,2,2,4,9,27,2,1,21,16,11,1,8,1,0,4,0,25,15,1,9,4,1,37,5,14,1,6,1,2,2,27,38,20,24,12,2,21,6,7,2,9,9,13,6,34,23,39,3,1,6,2,6,2,7,18,24,4,7,7,7,5,21,5,0,0,2,20,12,1,21,21,0,1,2,11,10,10,7,13
"1",26,7,4,2,17,0,15,21,10,5,0,27,23,6,11,0,4,0,10,25,7,24,11,11,2,1,9,7,55,4,0,3,1,6,21,2,22,22,4,19,5,7,2,20,7,7,2,3,21,0,28,2,5,7,6,4,1,18,3,6,1,23,8,0,2,7,13,23,25,30,0,16,0,5,6,1,2,11,7,20,7,2,12,7,11,28,0,2,2,11,0,16,10,6,40,0,9,5,15,12,9,8,10,1,0,29,5,1,19,0,1,30,10,9,3,0,0,6,3,2,0,7,8,2,4,11,8,7,5,4,1,2,3,10,1,13,4,22,0,23,1,9,3,15,3,0,19,9,8,13,7,3,3,45,6,20,6,2,4,6,4,0,7,11,0,1,5,11,4,3,0,11,2,4,0,24,20,1,24,0,2,2,3,4,26,57,2,6,28,9,9,3,7,5,20,25,0,2,16,8,2,4,11,2,8,1,1,2,24,10,21,10,4,1,48,0,4,2,2,2,7,0,1,29,10,0,7,1,2,9,21,3,4,1,3,13,16,6,2,3,1,0,3,6,23,4,2,21,9,9,2,10,2,6,4,1,15,6,1,10,1,0,37,3,16,2,10,2,7,0,23,33,25,25,17,2,20,0,8,1,6,5,5,7,24,13,30,4,3,5,3,4,1,11,16,24,5,5,3,2,2,27,12,1,0,3,17,21,1,19,17,2,0,1,8,11,10,9,11
"1",17,2,4,4,15,1,10,20,9,4,1,29,9,4,10,0,7,0,15,30,4,24,16,14,0,1,14,3,48,1,2,8,1,3,34,0,17,20,3,11,2,0,3,20,11,11,2,7,25,2,10,3,0,7,1,3,1,15,5,3,0,15,5,2,0,2,17,26,11,26,3,38,5,2,11,1,2,15,8,15,6,3,12,0,8,19,3,7,2,7,2,5,13,11,35,1,7,3,10,13,16,3,5,1,0,21,1,1,16,1,0,24,18,3,5,3,1,11,6,0,1,5,11,2,2,13,7,0,11,3,0,0,2,7,2,17,2,18,1,24,4,2,5,11,1,2,24,8,12,14,14,3,1,22,4,31,2,10,2,1,6,0,5,6,1,9,5,5,2,2,0,16,1,6,0,27,20,2,14,0,3,0,1,3,19,54,0,7,21,8,1,2,5,2,8,20,4,1,19,8,1,3,3,2,7,1,0,3,14,9,27,22,1,4,41,1,4,2,3,2,6,3,1,17,19,2,14,9,4,5,20,6,2,2,1,11,19,8,0,1,0,1,5,5,15,5,2,15,7,8,3,7,5,4,5,1,18,12,1,5,6,1,26,2,21,6,6,1,4,1,27,23,19,18,9,2,21,6,14,2,9,7,3,8,24,7,24,3,5,6,0,9,1,6,11,17,5,5,4,5,2,25,19,1,1,5,22,11,0,16,9,3,2,2,5,6,10,9,16
"1",24,5,1,1,20,3,20,10,6,7,1,19,10,4,8,0,5,0,12,29,5,28,16,13,2,0,8,3,43,4,0,8,0,9,17,1,23,24,1,13,6,5,9,12,11,4,1,10,23,2,23,3,2,7,3,1,1,29,1,9,1,11,5,2,0,3,14,24,30,18,0,28,0,2,6,0,1,9,11,13,2,4,9,0,5,23,2,1,3,5,4,8,7,4,43,1,8,2,19,6,14,7,4,4,0,22,2,0,15,0,0,35,14,12,0,1,1,4,1,1,3,3,14,0,0,12,12,5,8,5,6,0,7,11,0,14,2,24,1,30,0,3,5,12,2,6,17,6,7,15,11,4,1,24,4,16,2,6,0,4,9,0,8,11,1,4,2,9,5,2,0,4,0,1,2,30,19,5,19,1,2,0,4,3,22,40,2,8,19,9,5,7,6,3,17,12,1,1,24,6,2,1,5,0,3,2,1,8,19,5,28,16,3,2,36,0,9,3,0,4,12,4,1,24,25,0,22,2,1,2,14,1,5,2,2,10,21,8,0,8,0,2,6,9,23,6,2,20,17,7,3,13,8,4,2,0,25,9,1,1,1,0,34,6,16,0,8,3,5,1,26,36,17,24,11,2,18,2,6,0,5,7,8,4,23,14,38,3,2,9,1,4,0,2,13,18,5,4,3,5,2,40,6,0,1,2,11,13,0,21,13,0,0,0,4,4,6,6,21
"1",20,8,5,1,37,0,21,11,15,4,2,17,14,3,18,1,1,0,11,24,1,27,12,13,3,0,8,7,47,5,1,3,3,4,19,2,37,35,3,10,9,5,1,23,14,8,1,9,18,2,19,1,3,7,1,0,2,20,1,8,2,18,3,0,1,2,16,30,18,22,4,32,0,3,6,2,7,25,8,19,10,10,7,2,6,18,4,5,1,11,4,13,15,11,31,1,4,2,22,15,14,1,9,1,6,36,3,1,12,3,0,46,17,5,0,0,0,2,2,2,2,1,16,2,2,11,5,13,5,3,4,4,2,12,2,14,7,36,1,33,0,6,2,10,2,2,21,9,8,9,11,6,2,22,7,29,1,9,3,2,6,2,2,6,1,6,3,8,8,8,0,6,1,1,1,22,13,1,13,2,0,0,1,2,24,66,1,7,18,8,4,4,1,3,13,21,2,3,18,10,1,3,5,0,4,12,0,5,24,15,21,16,4,4,36,0,3,6,4,1,8,0,0,17,15,1,16,2,3,20,17,4,4,0,1,11,14,4,3,3,3,3,3,9,10,4,0,23,17,10,5,14,8,3,5,1,28,10,1,5,0,0,26,0,18,2,15,3,10,0,28,24,20,21,14,0,17,3,6,1,6,9,7,4,31,22,45,2,0,2,3,5,5,5,13,24,1,8,6,2,3,19,12,0,2,1,13,8,1,16,13,2,1,1,7,8,15,12,20
"1",13,7,5,7,19,3,16,11,8,5,2,34,16,7,17,0,7,0,10,20,1,32,16,16,0,0,6,4,48,2,3,7,4,12,21,2,19,29,2,24,4,8,3,21,17,6,1,8,22,1,30,4,1,7,4,2,0,24,0,9,0,13,1,1,3,5,15,37,18,35,2,29,1,2,4,0,2,19,13,23,16,3,10,1,12,25,3,7,0,6,1,14,8,11,52,5,9,4,20,17,7,7,9,2,5,26,3,0,12,1,2,21,17,6,5,2,2,4,4,2,2,4,6,0,4,11,2,11,4,3,1,0,3,4,0,11,1,19,0,25,0,4,1,6,1,0,14,1,15,8,11,3,1,26,3,19,1,1,1,3,10,1,7,11,0,3,2,8,2,8,0,4,0,1,0,30,8,5,19,2,0,0,5,2,21,63,2,8,16,8,2,3,7,3,22,16,1,3,20,2,0,3,6,0,8,5,2,2,25,5,24,7,3,3,39,0,3,7,6,5,11,2,0,24,19,2,12,4,6,13,23,1,2,0,1,14,16,5,1,2,2,0,2,9,19,10,0,14,8,4,3,10,9,4,7,2,26,11,3,3,3,0,36,1,12,2,6,5,14,1,25,25,24,23,14,0,23,1,10,1,8,3,5,12,31,14,31,1,6,6,0,4,3,9,21,41,6,9,9,0,3,31,14,3,1,1,12,16,0,24,19,1,0,2,6,8,9,15,17
"1",14,6,4,5,15,3,13,12,8,3,3,23,23,2,12,4,2,1,4,16,5,27,25,15,0,0,7,7,39,2,2,15,4,13,23,7,42,34,1,15,1,3,0,28,12,6,3,2,25,2,18,0,1,3,5,5,1,28,1,10,1,19,4,1,2,6,27,28,16,28,0,31,0,1,4,2,1,11,9,21,4,2,11,1,11,30,2,2,0,9,5,18,15,21,36,0,5,0,18,20,11,6,5,3,5,26,1,0,13,1,0,22,29,7,5,2,5,4,7,0,1,3,7,1,1,13,2,9,13,5,0,2,3,9,2,17,1,25,0,28,4,2,4,21,1,0,14,10,6,22,11,2,3,28,8,20,3,3,1,2,13,0,7,11,0,4,0,7,4,8,0,8,1,0,0,20,18,3,14,0,0,0,2,0,17,63,1,7,10,5,8,0,0,3,19,16,2,3,22,6,1,1,6,2,9,7,1,5,22,8,30,15,1,3,45,1,7,9,5,2,6,0,0,21,19,2,10,2,3,13,18,2,2,0,2,4,15,10,0,3,0,6,3,12,26,2,0,8,16,4,5,9,6,7,6,3,21,11,0,5,1,0,41,5,19,6,7,1,10,1,27,27,19,16,8,8,24,2,8,2,7,11,4,4,23,14,23,6,2,7,1,9,2,8,14,22,2,0,8,1,2,27,8,1,1,2,12,24,1,15,13,1,1,2,13,14,10,9,11
"1",20,2,1,6,19,0,22,12,7,4,3,26,21,2,8,2,5,1,19,27,2,36,24,21,0,0,3,5,43,3,0,12,3,6,24,1,26,16,4,21,5,4,0,25,15,10,1,7,29,1,25,0,3,9,2,4,2,32,5,7,1,17,5,0,3,2,16,27,35,34,1,29,1,3,6,0,2,22,6,18,9,6,16,1,15,26,0,1,4,8,2,18,13,5,43,1,3,4,19,16,11,6,8,1,0,27,5,0,11,0,0,32,21,7,0,1,0,5,4,3,1,3,14,1,4,17,10,7,8,8,4,0,6,11,0,11,0,21,1,21,2,4,3,13,2,1,18,6,11,6,10,1,0,22,9,29,5,8,3,1,11,0,6,18,1,2,1,4,2,6,0,8,0,2,0,32,14,4,21,1,1,2,1,2,33,65,3,12,15,9,1,1,5,2,16,25,0,0,16,7,2,5,9,1,9,3,0,3,11,11,36,9,1,3,33,4,6,3,1,4,17,5,0,21,28,5,15,2,3,10,19,4,7,0,2,8,16,5,0,6,0,2,5,9,25,1,1,23,9,2,3,12,7,2,5,0,21,11,0,4,3,2,44,11,12,2,6,1,6,0,23,37,21,23,16,0,25,5,9,1,2,11,10,6,24,20,44,3,9,6,2,6,0,6,12,15,5,4,5,4,2,23,10,4,1,3,16,19,2,25,16,2,0,2,5,11,13,7,8
"1",23,7,2,2,23,2,13,17,9,4,0,30,27,5,18,4,10,2,11,17,0,35,15,11,1,3,7,6,47,6,1,2,2,8,14,0,30,36,1,18,3,9,2,16,13,4,3,8,22,5,13,1,1,12,4,3,6,13,3,9,1,19,2,3,4,8,20,27,18,21,2,48,2,1,6,1,2,22,15,16,5,5,6,0,10,19,2,3,2,16,6,18,17,3,32,0,10,3,15,19,16,6,6,1,6,28,3,0,11,2,1,34,27,7,3,4,1,7,8,2,1,1,12,0,0,8,8,10,7,8,4,1,5,9,2,16,4,15,0,34,0,1,6,5,1,3,26,8,8,14,7,0,2,24,4,13,6,11,1,5,8,2,11,8,2,0,4,11,7,4,2,6,3,7,1,14,18,1,18,0,0,2,2,0,21,68,5,2,16,4,4,4,3,3,15,24,1,1,28,5,3,4,4,0,7,2,0,2,21,13,33,10,1,4,28,2,2,10,2,4,7,6,0,14,32,3,27,1,3,6,10,2,3,0,4,20,12,10,2,6,1,1,1,9,23,9,0,19,5,8,1,9,9,1,11,1,13,6,1,5,1,0,32,8,15,1,13,1,8,0,21,31,14,24,7,8,9,4,7,0,5,8,2,5,25,5,41,4,2,5,3,1,0,12,13,29,4,5,1,1,6,36,10,0,0,1,10,16,3,15,15,0,1,1,5,7,9,9,18
"1",17,2,0,6,18,1,18,22,10,7,2,27,35,9,9,6,4,0,8,33,5,30,21,19,0,0,6,4,42,1,0,6,1,8,22,0,15,25,5,24,2,4,4,23,11,9,0,6,23,1,26,3,0,8,4,1,1,20,0,8,0,11,7,0,2,4,20,37,24,27,1,21,2,5,8,2,2,30,7,21,2,6,7,2,3,31,2,2,3,13,1,17,7,11,43,1,6,0,23,13,13,1,9,2,5,28,0,2,8,0,0,36,22,7,4,1,1,12,6,0,0,0,7,0,0,22,3,10,7,13,3,1,4,11,0,12,2,21,0,16,0,7,4,8,0,0,18,8,16,13,6,2,5,27,6,23,3,4,3,3,9,0,6,12,2,3,4,6,9,10,0,7,0,9,0,23,14,0,21,0,3,0,2,6,28,57,4,13,20,12,11,2,3,3,14,13,3,5,23,4,3,1,5,1,8,0,0,3,16,6,30,12,1,3,37,3,3,13,4,2,6,7,0,20,20,0,16,4,3,10,29,3,3,2,0,13,21,9,0,3,2,1,6,7,29,5,1,15,9,8,4,7,7,0,2,0,21,10,2,3,3,1,26,9,19,4,7,3,5,2,35,28,21,7,14,0,28,1,6,3,11,8,4,2,22,20,33,2,3,5,2,4,3,8,15,9,4,8,1,8,5,35,10,1,0,3,8,20,2,17,21,2,1,1,8,13,16,9,16
"1",10,5,3,2,25,0,15,13,2,6,0,27,18,5,6,2,2,1,6,26,8,41,18,13,0,0,11,9,41,5,1,8,4,4,22,2,25,29,0,11,1,9,3,20,7,10,1,9,13,1,20,1,0,8,5,5,4,31,2,8,2,6,5,0,4,12,20,19,13,23,1,24,2,0,7,4,2,11,12,12,2,6,14,0,4,21,3,2,3,12,2,11,11,13,41,1,11,2,17,7,11,0,9,0,3,27,1,3,6,4,1,32,21,11,0,4,0,3,1,0,2,1,10,0,1,7,9,6,14,6,9,0,3,13,4,12,1,13,1,15,1,1,3,9,1,0,20,2,11,16,10,1,2,25,5,24,4,5,4,2,5,2,9,9,0,1,1,8,6,9,2,0,1,8,0,19,26,2,19,1,1,0,1,5,25,58,5,11,12,7,8,1,6,2,16,17,1,2,24,3,1,3,7,0,8,3,1,3,23,8,31,7,0,4,47,0,1,10,1,1,12,3,0,20,14,0,11,2,1,12,19,4,1,2,1,13,15,9,0,8,1,5,7,12,23,4,0,14,14,3,4,8,6,3,4,0,23,4,3,0,3,1,36,7,16,8,9,3,11,0,45,30,15,21,9,0,20,4,12,2,4,8,6,11,24,17,41,3,3,17,3,3,5,11,29,20,6,6,10,1,3,22,13,3,1,2,11,19,3,17,20,1,0,2,12,11,14,6,15
"1",16,3,0,4,26,4,25,16,5,0,0,21,12,6,4,6,6,0,10,24,6,31,29,16,0,2,8,3,39,1,3,5,3,9,23,1,19,32,0,11,4,4,7,26,21,6,2,6,28,2,24,1,2,9,2,1,0,29,1,7,2,13,5,1,4,3,10,23,16,24,1,36,2,0,10,3,3,10,4,8,2,11,15,0,7,12,5,0,2,7,3,17,12,12,45,1,11,6,19,13,21,6,15,3,3,25,2,0,15,1,0,23,18,8,0,2,1,4,1,1,3,9,8,0,3,9,5,8,7,4,0,3,4,7,0,10,2,19,0,29,0,3,6,6,4,0,27,7,14,7,15,3,2,18,5,30,4,6,2,1,9,4,5,13,4,4,1,7,5,7,1,1,1,5,0,29,35,2,11,0,0,1,2,1,33,59,9,5,14,5,6,0,9,3,18,11,0,2,15,5,0,4,7,1,13,3,0,5,17,9,24,8,1,2,53,0,5,10,2,3,4,5,0,21,20,1,17,2,4,13,27,4,4,0,4,21,26,18,0,6,3,1,2,6,19,10,0,18,12,5,3,9,6,4,6,0,22,4,1,3,3,1,23,9,29,6,4,3,7,2,25,26,27,13,10,2,10,7,4,3,7,8,5,9,24,15,30,6,3,10,3,9,1,8,11,25,3,12,3,6,3,24,12,2,2,1,5,17,3,21,25,2,0,1,8,4,17,7,16
"1",13,4,2,6,30,1,21,16,3,2,0,29,24,5,10,2,12,0,12,23,2,24,24,20,4,1,12,8,53,3,0,4,3,13,16,0,31,23,3,12,2,1,7,32,10,6,1,7,28,0,24,5,0,8,3,4,0,22,1,11,2,20,4,1,0,4,15,30,18,33,0,37,1,3,4,0,0,13,12,40,13,7,9,1,6,17,8,8,3,16,2,20,24,8,36,0,5,5,13,10,10,3,10,4,2,28,4,0,7,1,0,26,13,6,3,3,0,3,2,1,2,1,17,0,2,18,5,9,10,6,6,2,2,6,1,10,3,26,1,26,4,4,2,14,4,1,20,9,11,6,8,2,2,26,3,11,1,6,2,2,5,0,4,8,1,1,4,8,7,5,0,7,1,8,0,29,12,0,23,1,2,0,3,1,13,65,11,3,13,9,4,0,6,2,13,17,1,1,13,4,1,2,3,0,8,0,0,7,17,4,25,19,6,1,37,1,3,11,3,4,15,1,1,15,20,3,26,1,2,4,18,5,2,2,6,14,21,7,1,2,0,2,4,4,18,4,0,13,9,8,0,9,11,1,8,0,25,9,1,7,4,2,34,10,20,4,2,1,3,1,35,27,14,19,8,1,17,0,6,1,13,13,3,12,28,16,44,1,3,5,0,3,1,10,22,18,2,6,5,2,1,29,15,1,0,1,11,17,1,18,20,1,0,1,6,11,7,15,9
"1",15,3,2,9,29,0,11,14,6,2,0,21,22,2,24,6,7,3,12,34,5,26,28,21,1,1,10,6,52,3,2,10,1,13,14,1,21,19,2,13,3,6,3,18,12,5,2,7,29,1,15,5,0,8,2,2,0,24,2,3,3,18,1,2,2,5,18,44,23,25,1,22,2,1,10,0,1,4,19,7,11,9,10,1,9,30,3,1,2,17,2,11,2,14,40,1,9,7,15,20,13,4,7,1,3,25,3,0,13,2,0,31,16,4,5,3,0,3,2,1,1,1,9,2,1,13,5,2,3,8,5,1,5,13,1,13,2,9,1,17,0,2,6,12,2,1,7,11,14,10,6,3,3,17,2,18,1,9,1,4,5,1,10,6,2,5,0,5,4,5,0,6,2,1,3,27,23,2,15,1,2,1,10,2,29,61,5,3,11,12,7,1,1,2,16,19,0,0,19,4,7,6,5,0,9,3,0,1,17,5,16,7,4,3,41,0,1,10,7,6,10,0,0,18,29,1,22,0,4,3,24,3,7,1,2,13,19,5,2,4,0,1,3,5,21,2,1,19,19,4,3,8,7,10,7,0,20,9,2,17,1,0,26,3,15,5,11,3,9,3,37,29,18,13,11,3,22,2,9,2,6,10,8,6,21,20,51,0,6,1,1,5,1,11,9,17,2,5,8,3,6,27,21,0,0,0,8,20,2,14,13,2,0,3,11,10,7,6,16
"1",16,3,0,1,23,0,15,11,12,1,0,40,14,3,24,2,4,0,17,38,4,24,24,16,2,2,5,7,49,5,0,5,3,7,36,1,34,32,3,13,0,4,4,33,24,8,2,5,22,0,9,1,2,13,0,5,4,29,2,6,1,10,6,0,2,3,14,36,26,27,3,28,0,1,10,1,2,6,8,20,8,5,22,0,5,19,3,1,1,10,2,18,11,11,38,1,3,0,14,21,15,5,11,0,0,27,1,0,9,0,2,26,7,9,6,2,1,5,2,0,0,0,14,2,1,15,7,5,6,2,2,1,0,14,2,7,3,17,1,27,4,2,4,15,1,0,16,1,13,11,5,1,3,21,5,20,8,7,1,6,9,2,9,10,3,1,0,10,5,4,0,6,0,5,0,12,25,1,12,0,0,1,1,4,27,62,7,6,11,6,5,2,5,5,15,8,0,0,18,3,2,1,5,1,10,2,0,1,13,10,18,12,0,2,46,1,6,3,6,2,8,6,2,22,31,1,18,0,7,4,23,0,3,1,2,7,11,8,0,4,2,1,5,6,26,5,0,16,9,8,2,3,5,3,8,1,20,5,0,3,0,2,35,5,28,4,11,2,14,1,26,30,12,19,6,1,11,6,7,2,1,6,6,9,24,10,43,1,4,1,5,3,3,6,16,27,3,3,9,4,2,28,15,0,2,0,13,19,1,15,14,1,0,3,4,3,13,11,17
"1",19,3,1,7,24,2,13,16,10,3,1,27,24,6,15,3,5,1,16,17,6,28,24,15,0,0,17,7,50,4,1,8,3,7,36,1,20,36,1,15,1,5,2,26,25,5,0,6,30,4,24,0,0,8,1,1,3,33,2,5,4,10,3,1,1,3,14,20,22,23,6,40,1,2,7,3,3,18,4,25,7,5,12,5,7,15,3,3,2,12,1,13,14,3,44,0,10,2,19,19,12,8,4,1,1,27,1,3,16,2,5,28,13,6,5,0,2,1,4,1,1,0,11,0,1,21,9,8,3,6,2,0,3,8,1,8,3,26,2,24,1,4,3,17,3,0,21,7,15,18,8,3,0,23,2,25,3,7,0,6,9,1,4,7,3,2,1,2,5,7,0,5,1,5,0,24,14,0,13,0,2,0,4,3,18,64,3,5,11,16,9,3,6,1,22,21,1,6,31,6,3,4,3,0,8,9,0,4,20,12,27,9,2,0,32,1,4,11,3,7,11,6,0,19,24,3,22,0,4,7,18,0,6,0,4,7,20,8,0,2,2,2,1,8,20,2,0,17,11,9,3,13,7,6,5,0,28,14,2,6,1,1,39,5,24,4,10,1,5,0,23,30,31,28,5,2,11,0,7,1,7,6,3,4,21,25,37,2,2,9,1,2,1,3,19,21,5,5,4,3,1,31,15,1,1,0,11,22,1,18,16,1,0,2,9,8,7,3,25
"1",21,7,0,5,19,1,13,16,10,1,0,29,17,5,12,3,5,1,10,26,1,32,15,16,2,0,11,8,55,3,0,8,1,10,21,0,32,30,1,15,3,7,6,18,22,9,2,9,36,1,24,1,1,4,1,4,1,25,4,8,5,8,3,1,0,1,11,33,20,23,4,28,1,5,8,0,1,4,9,16,7,8,9,0,12,20,3,5,3,15,2,9,14,3,39,1,6,3,18,16,10,4,3,1,1,26,4,1,13,2,4,22,17,5,3,6,2,3,1,0,0,2,13,0,8,19,5,10,6,4,0,1,3,10,2,14,2,29,1,22,0,4,6,7,3,3,16,9,3,14,8,4,2,22,5,23,3,7,0,1,14,0,5,12,0,3,1,11,3,5,0,6,0,3,1,23,18,10,13,0,2,1,7,2,22,47,6,9,8,9,5,5,4,6,13,11,5,1,20,3,3,4,2,1,7,6,0,3,29,9,26,7,0,0,49,1,5,6,4,4,9,2,0,16,19,3,20,3,2,4,36,3,1,1,4,7,24,7,4,5,2,1,4,5,23,3,0,21,8,1,3,6,4,4,6,0,26,9,3,2,0,2,36,1,17,0,3,2,11,0,30,24,21,19,12,2,14,5,9,5,5,4,6,2,33,15,43,0,3,10,4,4,3,5,12,24,0,5,1,3,4,24,13,1,1,1,12,14,1,17,15,1,0,1,12,5,11,10,23
"1",18,5,1,3,11,2,16,15,10,1,0,31,19,6,21,3,4,0,8,26,1,18,21,20,2,1,11,7,48,1,1,8,3,6,24,4,28,21,2,29,1,8,4,24,11,5,2,3,28,1,20,0,0,8,2,0,4,19,2,12,1,12,2,0,2,2,10,27,28,35,2,32,4,5,7,2,3,6,7,16,7,8,10,3,9,12,4,3,2,11,1,22,16,15,51,1,10,2,23,16,8,8,9,0,0,25,2,0,11,4,0,35,16,5,4,3,0,4,2,1,2,1,10,1,4,17,8,7,3,5,3,0,2,15,0,11,2,26,1,24,2,4,2,13,0,0,18,5,4,8,14,0,1,32,12,24,3,4,1,0,5,3,10,20,1,3,0,9,6,3,0,9,4,0,0,18,18,1,15,4,0,1,3,1,17,53,6,12,9,12,5,2,7,3,15,10,0,3,18,4,1,5,4,0,14,3,0,2,23,9,27,19,0,0,41,3,4,8,1,5,4,1,1,21,15,2,24,2,10,8,11,4,6,0,4,9,24,9,2,3,1,1,2,13,24,3,1,16,14,4,5,9,2,3,6,3,37,12,4,4,4,0,30,5,14,4,6,3,4,0,31,25,21,14,8,1,15,4,10,2,7,8,4,4,25,18,36,1,1,1,6,7,6,10,21,22,5,4,2,3,2,27,12,2,1,3,15,23,1,14,11,1,0,2,6,8,9,7,21
"1",18,7,4,1,18,2,24,17,3,4,0,17,16,1,10,2,5,0,4,27,2,34,15,18,2,2,9,4,48,4,1,9,4,7,17,0,31,28,7,6,8,7,1,15,21,3,0,7,31,1,27,1,1,9,2,1,1,25,4,8,1,8,5,2,1,2,15,25,35,19,0,30,0,1,9,0,3,5,5,12,6,11,16,3,7,15,2,4,3,8,2,15,6,12,34,5,8,2,22,7,9,3,2,0,0,14,5,1,10,1,0,39,13,3,7,1,0,2,2,2,0,1,13,0,2,16,9,6,5,9,2,0,3,16,1,15,2,18,1,38,0,4,5,8,2,2,21,4,13,16,3,2,1,23,13,25,3,4,1,5,12,0,5,14,3,3,2,6,7,3,0,5,1,7,1,26,33,2,19,1,1,0,1,4,28,53,11,2,31,13,6,2,4,2,11,5,1,1,29,7,1,2,6,2,5,0,0,5,15,6,24,23,0,3,32,2,4,6,2,1,18,2,0,17,16,1,21,1,6,15,25,2,5,4,5,8,15,4,1,3,3,1,5,11,25,7,1,24,8,11,0,10,4,2,5,1,24,14,1,6,2,1,23,6,24,0,6,1,15,3,34,27,34,16,10,2,27,1,7,0,6,3,8,7,17,16,35,4,6,4,2,5,0,10,11,26,6,7,4,1,1,24,7,2,4,3,17,16,3,15,23,1,0,4,18,12,8,9,16
"1",19,3,4,3,21,1,17,15,4,3,3,37,11,1,13,3,4,1,7,26,3,20,12,11,3,1,8,5,57,3,0,6,3,4,25,4,35,20,2,14,6,10,3,33,7,5,3,4,25,4,12,2,6,6,1,5,4,24,2,5,7,12,4,1,1,1,21,25,30,22,1,24,1,0,14,3,2,10,6,21,4,5,6,1,4,18,0,2,6,3,5,11,15,13,37,2,9,4,22,15,9,6,3,0,2,25,2,2,16,2,1,32,27,3,1,1,0,3,1,1,0,6,12,3,5,25,3,8,4,5,2,2,1,8,1,4,1,27,1,35,2,5,4,4,1,0,25,5,14,13,4,1,0,24,3,16,3,5,4,9,11,1,5,10,0,2,4,9,4,7,0,2,5,0,0,17,23,2,26,0,0,0,2,2,26,58,2,5,20,13,3,0,10,1,16,18,1,5,17,4,6,5,11,0,4,1,1,3,18,11,24,20,1,3,40,2,4,3,5,1,9,3,0,23,23,1,30,0,6,8,25,4,4,2,0,9,20,4,0,5,2,2,1,7,19,1,0,10,19,12,4,12,15,4,3,3,18,4,2,7,3,3,48,3,19,0,6,0,11,1,32,36,21,17,13,1,13,3,9,1,10,7,8,11,24,15,35,1,2,4,8,9,0,8,13,35,5,3,7,1,8,22,13,2,3,1,13,14,1,26,20,1,0,3,10,6,9,10,16
"1",16,7,1,5,7,1,13,20,5,2,3,11,13,2,16,0,5,0,10,25,3,26,17,16,2,2,14,5,52,2,0,12,2,4,31,2,27,28,2,19,2,11,3,18,12,5,1,6,32,3,16,3,1,9,1,1,1,18,3,3,4,12,3,2,2,4,20,29,28,32,1,30,1,0,15,0,3,12,3,18,5,4,7,0,3,21,4,5,1,7,2,12,6,6,40,0,10,6,12,13,7,4,3,1,2,19,1,1,14,2,1,23,26,6,2,0,2,3,2,0,0,1,5,1,3,19,6,6,7,4,9,1,1,5,1,11,3,23,0,21,1,3,0,11,1,1,19,10,13,20,8,0,1,23,4,18,4,2,1,7,6,0,2,11,1,4,4,8,8,4,0,16,2,2,0,31,17,3,12,0,0,1,3,2,21,44,6,5,25,5,2,1,3,6,16,10,1,2,18,4,0,3,8,0,8,2,0,4,21,8,20,6,3,2,37,1,1,7,5,5,4,1,0,15,12,5,19,1,3,10,24,2,3,1,2,12,28,12,0,1,1,1,2,7,12,7,0,18,8,2,4,12,7,5,9,0,28,7,0,9,1,0,33,7,18,1,3,1,11,0,41,30,19,18,14,4,14,1,6,2,6,8,7,11,22,12,21,2,3,8,0,11,2,10,14,32,1,6,5,1,4,29,12,4,1,2,9,12,2,18,14,1,1,2,10,4,10,9,11
"1",15,4,0,7,20,0,14,5,4,1,1,24,32,4,23,2,7,1,4,23,1,19,11,17,2,1,6,10,49,4,1,8,4,10,25,1,27,26,7,10,3,5,1,17,17,7,3,3,28,3,29,1,2,6,2,3,6,34,8,9,3,14,3,4,2,1,10,20,30,24,5,35,0,1,8,1,1,6,8,19,6,4,8,1,11,13,1,1,1,11,1,13,9,5,33,1,3,3,6,12,9,3,11,1,2,22,0,1,15,2,0,26,20,9,2,2,0,3,3,1,2,9,12,2,0,13,7,9,13,2,0,0,1,6,1,11,4,35,0,24,6,1,4,13,2,2,23,15,13,13,5,3,1,33,3,22,6,0,3,3,8,0,9,3,0,4,4,4,7,11,0,7,1,3,0,29,16,0,23,0,0,0,5,1,25,55,3,10,23,12,8,3,4,3,20,19,0,1,18,6,3,3,7,1,11,0,1,7,22,3,26,14,2,0,31,0,8,5,2,0,11,4,1,13,17,2,14,0,9,6,16,4,5,1,1,16,22,6,1,2,0,2,4,8,32,4,0,14,5,8,3,10,10,6,12,1,23,12,3,8,1,2,27,7,4,3,5,3,3,1,17,43,19,10,6,0,20,2,5,1,4,5,1,8,22,13,36,1,3,8,3,3,0,9,13,15,0,3,4,1,11,38,16,1,1,2,13,15,1,24,25,1,0,2,12,4,13,8,8
"1",14,4,3,6,22,0,19,15,9,1,0,14,22,3,10,3,5,1,9,26,2,23,26,15,2,0,10,4,43,3,2,8,3,7,18,0,22,32,4,12,4,3,5,11,8,7,0,6,38,4,19,5,2,12,1,2,4,31,2,9,2,11,3,2,2,4,24,37,22,18,1,30,3,1,5,0,1,19,10,27,6,6,4,1,16,27,1,7,3,12,1,13,14,8,36,1,7,6,17,13,10,6,13,0,5,18,3,0,19,3,1,29,21,2,0,0,1,11,2,1,0,7,11,1,0,16,7,7,7,5,3,0,3,16,0,11,2,16,0,19,4,3,3,14,3,2,24,4,13,14,17,4,0,25,5,29,2,8,2,2,13,0,4,11,1,3,9,8,2,11,1,4,1,5,1,15,19,3,8,0,1,1,1,2,36,56,12,4,9,14,8,0,2,2,17,14,0,2,20,5,0,2,8,1,4,2,0,3,17,8,22,7,0,0,24,0,7,5,2,4,6,5,0,21,27,2,15,1,4,10,22,6,5,1,0,8,25,6,1,6,1,2,4,4,18,5,1,17,8,6,3,7,7,8,3,0,30,4,1,3,1,2,31,5,20,3,13,3,9,2,30,23,19,16,14,2,14,0,10,1,8,3,8,6,18,21,37,1,3,4,4,5,0,10,17,18,1,6,3,3,1,20,13,1,3,1,20,8,3,24,19,0,2,0,6,7,8,18,9
"1",15,2,2,1,21,2,15,14,10,2,0,23,24,3,16,3,1,1,7,28,0,27,14,16,0,0,8,8,52,0,1,6,3,7,24,4,22,29,1,10,4,6,1,15,14,12,2,10,29,1,22,1,2,11,2,2,0,20,7,9,5,8,6,0,1,4,15,35,26,22,0,28,2,5,13,0,2,13,6,36,4,10,15,3,14,16,0,5,3,11,2,8,14,3,43,0,11,2,12,14,18,3,12,1,2,25,1,1,11,3,1,43,16,6,2,3,2,3,1,3,4,4,16,1,1,15,10,6,8,6,1,1,1,16,0,16,2,26,1,19,1,0,9,14,2,1,26,5,9,21,8,2,1,31,9,29,3,6,4,4,11,0,10,10,0,3,7,9,6,6,2,1,0,6,0,30,26,5,10,1,3,1,0,3,31,48,5,4,20,14,9,1,7,2,19,13,1,1,23,5,1,1,7,1,8,4,0,3,20,8,36,13,2,1,40,2,2,7,3,0,7,1,3,21,25,0,17,0,2,11,31,4,4,0,1,6,12,10,1,1,2,1,6,8,17,1,1,16,8,4,4,5,8,2,6,3,37,9,3,6,2,1,28,7,17,1,5,0,9,1,28,30,25,11,14,3,17,0,2,2,5,4,5,17,23,18,29,5,3,10,0,6,3,9,12,21,2,4,7,7,5,23,6,3,0,1,7,19,0,16,11,1,0,1,6,9,11,7,7
"1",9,4,3,3,20,0,15,11,7,4,1,34,22,5,8,1,6,0,12,23,3,16,19,13,1,2,4,3,56,2,1,6,2,9,17,2,28,31,3,14,2,6,7,20,13,9,2,6,31,3,26,1,4,10,1,2,3,19,8,11,3,14,1,0,3,1,10,27,20,28,3,40,2,2,4,0,1,16,13,12,1,3,12,1,6,33,3,0,2,9,1,12,7,13,45,0,10,5,16,12,18,2,5,1,1,29,4,0,14,2,0,27,21,2,5,2,2,5,3,0,0,3,9,2,2,11,6,15,12,5,2,0,3,15,0,10,2,22,1,25,0,1,3,14,1,0,21,7,10,13,10,2,1,27,7,16,2,3,5,3,9,2,12,14,2,2,3,9,5,15,0,9,1,4,0,29,17,4,14,1,3,1,1,2,36,59,5,6,10,12,8,0,3,1,7,16,2,0,16,6,1,2,9,0,13,0,1,4,21,4,28,11,1,5,47,3,2,8,2,1,7,7,2,20,25,1,17,0,7,17,12,5,1,2,0,8,20,4,1,1,2,1,2,7,25,7,0,15,10,6,6,7,4,2,0,0,24,9,2,11,3,1,35,1,10,1,4,3,11,2,25,36,26,20,13,1,20,4,9,2,3,8,6,12,21,15,42,1,3,6,2,7,1,11,15,28,4,4,5,9,2,22,20,0,2,2,17,17,0,9,22,2,0,3,8,10,14,7,10
"1",17,4,1,3,25,0,17,13,3,3,2,29,21,5,9,1,4,1,11,17,0,20,27,27,4,1,5,2,63,5,1,6,0,14,19,1,31,30,1,12,2,4,5,19,14,12,1,7,25,2,25,0,2,15,5,2,6,23,3,3,1,19,3,1,0,2,16,22,9,33,3,27,1,2,5,1,2,11,12,13,6,5,12,1,13,22,0,6,4,9,3,11,10,8,34,1,5,1,8,14,12,6,13,5,1,27,3,1,11,2,0,40,19,2,2,2,1,4,3,0,2,3,9,0,3,19,9,6,8,4,2,3,3,12,1,13,0,20,0,28,4,1,7,8,3,0,17,5,16,19,9,3,2,22,1,20,4,5,3,2,9,0,4,10,1,6,5,8,5,9,0,8,0,4,1,18,27,5,21,1,1,0,1,4,26,53,2,6,17,11,6,3,5,1,16,18,2,1,12,3,3,2,3,1,4,3,0,3,17,13,24,11,2,3,37,2,8,4,3,0,5,5,2,20,20,1,24,0,9,5,24,8,2,1,8,13,23,6,1,6,2,1,8,8,11,8,0,15,15,8,1,7,11,6,4,2,20,8,1,3,3,3,35,8,10,1,13,4,13,1,35,25,22,18,6,1,18,1,11,3,6,6,5,3,30,15,48,4,4,8,2,5,2,5,12,27,3,0,7,8,0,27,16,2,0,1,10,19,1,27,16,1,1,0,5,7,6,10,14
"1",12,6,0,2,15,1,7,19,11,0,2,31,15,7,16,4,3,0,13,26,1,25,20,9,0,0,4,9,43,4,2,9,0,11,14,1,17,24,2,10,6,2,2,21,15,5,1,8,27,1,20,0,2,9,4,3,3,19,2,7,0,16,2,1,3,2,18,34,25,31,3,29,1,3,4,2,1,12,12,23,5,3,4,0,7,23,3,3,1,10,4,15,12,11,24,0,4,3,21,11,6,4,10,2,4,23,1,1,18,1,1,26,25,4,1,3,2,3,2,0,0,5,11,3,6,26,5,7,7,1,4,0,3,13,2,12,1,27,0,27,0,1,4,17,8,2,17,10,9,14,7,3,4,35,8,28,11,9,0,1,14,1,4,6,0,6,4,11,3,9,0,3,1,2,1,26,13,3,19,3,0,1,4,0,21,57,6,8,8,10,4,3,3,2,18,20,1,0,25,6,0,2,7,1,5,4,0,3,14,11,23,10,0,4,48,1,1,4,2,5,8,3,1,24,22,0,13,1,7,2,28,8,4,4,2,16,22,10,0,3,1,2,4,12,22,8,1,19,11,11,7,10,6,7,7,0,30,12,1,5,1,2,27,7,11,1,8,1,14,1,21,18,20,22,11,2,25,3,8,4,2,5,5,8,21,20,30,3,4,7,1,4,0,8,13,30,1,5,2,3,2,27,6,0,2,1,11,15,2,21,12,0,0,1,5,8,13,7,6
"1",27,6,2,3,24,0,15,8,18,1,4,23,20,3,15,2,5,0,7,21,2,21,21,23,4,1,6,5,57,5,0,5,3,13,23,6,27,29,3,16,1,6,2,13,17,7,4,6,24,0,17,0,2,12,4,4,1,23,2,7,5,19,2,0,0,2,14,21,19,31,2,50,0,3,3,0,3,17,16,15,3,0,11,1,9,23,3,4,6,9,1,14,10,3,55,6,5,7,15,17,9,7,5,0,5,21,2,1,12,1,1,40,13,9,1,3,3,4,2,0,0,5,9,0,4,14,9,9,4,6,3,2,4,11,3,16,0,20,0,34,3,1,3,7,4,0,18,8,12,13,4,5,4,18,4,19,8,7,2,4,9,0,9,7,1,5,3,5,4,3,0,9,1,8,3,22,21,2,25,0,1,0,7,2,36,65,7,10,15,5,8,0,4,4,12,18,2,4,21,6,1,2,10,0,11,2,1,6,19,8,29,13,1,3,55,4,3,5,2,3,9,4,1,22,28,0,19,2,7,6,20,2,3,5,1,6,17,6,0,4,0,1,9,12,19,4,1,21,16,6,6,9,10,8,2,2,19,10,0,8,7,0,28,6,19,3,3,2,13,0,23,17,10,13,18,2,22,2,8,1,3,9,5,4,21,21,35,1,7,8,2,8,0,5,18,22,2,4,4,2,1,24,14,1,0,1,10,17,3,21,20,0,0,0,6,11,15,8,27
"1",21,3,1,4,21,0,12,11,10,0,1,27,21,5,12,1,7,3,11,29,4,34,19,9,0,2,7,6,51,4,0,6,2,8,28,1,21,25,4,12,1,5,1,32,12,5,1,2,28,0,21,2,3,6,1,4,2,38,3,9,0,14,4,0,1,2,10,25,31,26,0,42,0,2,1,1,4,9,5,17,3,6,7,2,7,16,3,1,1,7,4,10,8,10,35,2,6,5,17,15,14,6,5,0,0,21,3,2,12,3,0,29,23,3,0,3,2,7,4,0,4,4,14,0,2,23,11,12,5,7,6,0,2,7,4,4,2,19,1,19,0,3,7,7,3,1,16,10,9,15,9,3,1,29,2,24,2,4,2,7,11,0,13,20,2,2,8,15,2,1,1,10,0,2,1,24,15,6,12,0,1,2,0,0,29,44,6,8,15,9,9,6,6,4,13,14,0,2,20,4,5,1,6,3,19,4,0,4,19,9,38,18,2,3,38,2,3,4,6,6,14,0,1,21,17,2,16,2,4,6,29,4,2,1,3,14,23,4,1,0,0,2,3,4,24,5,1,14,15,9,6,5,9,4,11,1,19,6,3,3,4,1,35,8,21,2,6,3,8,0,24,34,19,13,7,2,20,3,6,1,5,5,3,5,26,23,28,0,5,0,3,6,1,14,12,23,2,2,7,1,2,16,10,1,1,0,27,21,1,20,20,1,0,0,8,14,12,10,22
"1",10,5,1,6,16,1,12,15,5,2,2,28,18,4,14,1,4,1,16,22,2,13,14,15,0,0,4,7,47,5,3,4,0,11,19,1,25,21,5,13,4,6,3,23,11,4,1,5,27,1,18,1,1,1,1,3,0,35,1,10,2,15,3,1,6,10,15,25,22,21,1,45,3,3,6,0,2,9,2,23,1,12,7,4,9,13,0,9,4,12,0,10,15,21,35,3,9,4,19,11,16,8,9,0,3,25,2,0,9,5,0,36,28,4,1,1,5,11,5,1,2,3,16,1,1,13,7,8,2,4,0,2,3,12,4,9,7,25,0,21,0,1,2,11,5,0,13,6,10,18,16,2,1,20,7,22,2,9,3,9,10,1,4,9,2,4,2,9,2,1,0,2,1,6,1,23,20,3,21,1,0,0,4,3,46,54,9,10,14,4,8,3,4,4,13,21,2,2,19,4,2,2,2,0,16,2,1,4,25,10,21,8,2,2,42,2,2,5,3,4,10,2,2,16,19,2,12,1,6,9,29,1,2,0,1,10,23,9,0,4,0,1,3,6,25,8,0,15,8,11,5,10,8,5,1,1,20,6,3,6,0,0,40,8,9,3,4,1,5,1,20,33,29,18,10,1,11,7,9,1,10,8,3,5,20,18,37,5,4,5,3,5,2,2,15,29,5,7,6,0,4,8,11,0,1,3,8,10,0,27,24,2,1,2,6,7,11,8,8
"1",17,2,2,5,18,0,15,12,6,0,0,25,11,8,11,3,3,0,13,27,2,28,14,17,0,0,10,3,74,6,1,4,3,8,25,0,29,29,3,7,1,11,3,23,12,5,4,4,30,1,22,1,3,8,0,2,3,24,2,15,2,18,1,0,1,5,28,34,36,20,1,32,0,0,5,2,3,10,3,22,6,7,12,0,15,16,2,1,1,9,1,9,7,7,38,1,3,3,21,9,12,4,7,0,2,19,5,2,9,2,0,26,28,5,3,0,3,6,4,0,2,2,7,0,4,11,4,15,8,8,3,1,0,9,0,11,1,24,2,19,2,8,5,7,4,0,29,7,13,16,13,0,1,31,4,28,2,4,4,4,10,0,4,16,2,5,5,7,0,5,0,9,1,4,0,26,25,5,28,1,0,1,3,2,28,63,8,7,17,4,6,2,5,3,16,16,3,0,23,4,4,2,8,1,19,1,0,2,14,13,32,10,2,2,37,1,1,7,5,5,12,1,2,20,19,1,12,1,3,7,24,3,5,2,3,11,15,8,0,0,1,1,4,12,16,2,1,27,7,4,2,16,6,6,3,2,24,4,1,4,2,0,32,3,22,2,10,1,9,0,46,37,19,20,21,1,30,1,5,5,5,6,8,4,21,23,43,2,5,7,0,8,0,8,17,22,6,5,5,2,5,23,13,2,0,0,13,18,3,13,26,0,2,0,4,9,17,14,12
"1",15,2,2,3,26,0,19,11,17,5,1,34,16,10,9,2,8,1,17,30,3,24,16,17,2,0,12,6,66,2,0,7,3,2,33,1,23,22,1,18,5,3,3,14,18,7,5,7,17,2,24,3,0,12,2,0,0,15,3,4,2,4,5,4,1,5,13,33,27,24,0,27,2,0,9,1,1,15,7,22,5,10,13,4,11,25,1,2,1,9,0,21,14,11,35,1,5,3,15,10,10,5,6,0,2,25,3,0,12,2,0,19,18,5,0,2,1,4,5,1,1,5,12,1,3,12,11,4,4,4,3,2,2,11,1,10,0,26,0,23,2,3,5,8,6,1,23,4,14,15,14,2,2,18,3,15,6,2,1,4,6,1,4,10,1,6,6,8,2,8,0,5,2,3,0,21,22,1,34,0,0,0,2,0,27,76,8,8,20,10,6,4,2,3,13,17,0,3,17,6,0,5,2,1,13,0,0,6,24,12,29,20,0,7,51,0,2,6,4,7,6,7,1,29,27,2,18,2,2,1,17,2,1,2,3,14,22,7,0,0,1,2,8,6,19,10,0,19,10,3,4,4,9,3,10,3,21,11,1,5,2,3,35,7,16,2,6,6,10,0,31,38,34,19,17,4,18,5,6,2,6,4,6,6,25,17,39,8,2,5,2,4,5,6,16,18,7,4,1,2,3,13,12,0,0,0,10,9,1,16,12,1,1,5,12,11,7,6,21
"1",10,7,0,2,18,0,18,16,14,4,1,28,16,2,11,2,7,0,6,26,2,18,12,11,0,1,16,7,53,5,3,3,2,12,22,0,26,32,3,11,4,4,2,18,20,8,5,7,28,5,21,1,7,8,2,1,2,27,4,8,1,10,2,1,3,6,17,12,19,28,2,33,1,0,8,0,3,13,8,10,6,2,6,5,12,25,1,4,1,10,2,3,9,8,36,0,8,2,24,15,15,4,4,3,0,24,1,0,12,1,0,38,26,3,4,1,1,8,3,1,0,2,9,0,2,13,3,8,6,4,3,1,2,8,1,8,0,16,2,36,2,4,1,15,7,0,17,15,10,9,12,2,2,23,9,33,3,6,0,1,12,2,7,12,1,1,3,7,3,6,0,6,1,5,0,30,4,3,22,1,2,0,0,2,22,52,6,9,25,14,3,5,4,4,11,19,2,0,27,4,3,2,6,1,3,2,0,3,24,4,33,12,0,2,35,0,3,9,0,9,8,6,0,16,26,1,11,1,6,7,21,1,4,1,2,8,24,6,0,2,4,0,7,8,28,7,4,16,6,9,11,5,9,2,7,0,12,11,3,5,3,0,39,4,15,0,12,4,10,0,18,30,17,21,12,1,27,1,9,1,3,5,5,6,26,14,22,2,7,7,5,3,2,3,12,21,0,3,4,3,4,31,13,0,2,1,16,26,0,26,29,2,1,0,5,6,14,10,7
"1",20,1,0,3,16,1,17,11,4,4,3,16,20,11,12,6,4,1,17,20,3,15,22,10,0,1,15,2,84,3,1,4,5,14,15,3,28,26,5,18,3,10,3,25,23,6,2,8,26,0,22,1,0,10,4,3,0,31,5,9,1,13,4,1,0,2,17,17,21,30,2,26,2,0,9,0,4,13,11,12,5,5,14,0,16,18,4,5,3,15,2,5,20,11,43,2,9,4,12,11,10,3,7,0,2,27,3,0,17,1,0,27,16,11,1,2,1,9,6,0,0,7,10,4,1,18,7,3,7,10,6,2,4,6,1,15,1,19,0,24,2,4,5,2,5,1,10,7,10,13,6,4,0,15,11,26,4,4,2,4,6,0,7,9,2,4,2,8,4,9,2,9,5,0,1,12,16,4,28,0,0,1,1,4,24,65,6,11,13,6,7,6,3,3,19,16,0,1,15,3,4,0,3,0,9,2,0,5,22,14,29,12,3,3,38,1,6,4,4,2,13,2,1,18,24,2,18,1,7,10,17,7,5,2,1,10,13,17,0,4,0,2,3,10,18,5,1,21,14,16,0,11,12,4,6,3,19,9,2,4,3,2,27,1,23,0,17,2,6,2,44,32,19,30,13,0,20,7,7,3,9,11,6,6,22,21,34,2,1,8,4,6,1,7,10,24,2,6,4,1,4,17,4,0,1,1,23,12,0,26,14,2,0,3,8,6,10,11,16
"1",17,5,1,4,27,0,21,20,7,1,3,40,18,1,16,0,2,0,15,16,2,32,11,16,1,3,16,9,45,1,2,6,5,6,17,4,22,37,1,15,3,7,5,19,18,6,1,7,19,3,25,3,0,5,3,2,1,19,2,4,2,11,0,0,0,4,20,27,21,24,4,57,1,2,6,0,3,11,11,18,3,7,13,0,6,16,2,2,4,13,2,10,11,7,57,2,7,3,14,25,3,6,6,0,4,21,4,0,13,1,0,20,22,6,0,1,1,8,1,2,0,4,21,0,2,7,4,4,9,3,1,0,2,16,1,12,0,18,0,28,3,2,8,12,2,0,16,2,5,12,13,1,0,29,14,20,6,1,0,8,10,0,11,16,0,2,4,19,1,3,0,9,2,6,2,20,21,2,13,0,1,0,1,3,21,75,2,6,15,9,8,3,2,2,10,17,1,2,32,6,3,6,3,0,9,2,1,4,16,6,29,15,1,1,38,2,2,6,6,3,11,5,0,16,22,2,13,1,5,7,18,4,3,5,1,10,20,12,1,0,0,0,4,14,19,7,0,15,3,9,4,10,8,6,2,0,25,8,0,6,3,0,33,6,16,0,14,7,11,2,28,32,17,17,10,2,21,4,20,2,6,5,6,4,23,21,35,0,4,4,3,8,3,18,15,20,5,5,1,5,6,27,10,1,2,0,33,29,0,16,8,0,2,1,6,5,9,8,16
"1",20,5,0,9,28,0,17,13,4,4,1,19,16,3,10,10,3,0,13,28,2,32,23,10,2,0,8,4,55,1,1,5,3,7,15,1,20,21,3,11,1,9,2,18,5,4,5,8,26,2,17,2,0,3,0,0,0,38,5,12,1,16,2,0,2,1,14,27,16,18,0,24,0,4,12,0,7,11,9,21,7,8,10,0,8,9,4,3,3,5,2,8,13,12,35,1,12,4,10,19,9,3,3,0,2,34,2,0,17,1,1,20,22,7,1,2,0,11,5,0,0,0,13,1,0,14,5,8,4,4,3,1,0,9,0,15,2,17,0,27,0,1,6,10,0,0,20,2,7,7,6,1,1,25,10,18,3,3,1,3,10,0,3,1,3,2,4,7,4,6,1,9,3,1,2,27,22,5,11,0,0,0,2,2,24,53,2,13,11,2,9,0,4,7,14,13,0,3,12,3,2,1,1,1,6,6,0,6,13,14,24,13,0,3,32,2,2,5,5,9,7,2,0,22,17,1,11,1,6,6,25,10,3,4,1,10,16,15,2,4,1,7,3,5,13,2,0,13,3,2,2,3,6,5,8,0,25,20,1,6,2,0,37,5,14,1,9,1,8,0,24,27,15,14,20,0,16,5,8,2,8,5,9,8,15,14,42,1,3,8,0,8,2,4,9,26,2,7,2,2,1,24,12,1,1,2,14,16,2,14,5,1,2,0,6,6,11,10,12
"1",20,6,3,3,23,2,14,15,7,8,0,28,30,2,5,2,6,0,16,29,3,25,13,10,3,1,8,6,41,4,2,2,1,10,15,1,27,28,2,15,3,2,5,22,21,6,1,10,28,2,30,2,1,4,2,0,0,25,7,9,1,16,1,1,3,1,16,18,12,24,0,34,2,0,9,0,1,15,8,13,6,3,4,0,7,22,3,1,4,15,4,20,12,8,38,0,10,2,19,17,6,3,14,3,0,41,1,0,25,3,0,28,18,8,2,1,1,7,9,1,1,3,13,1,4,11,6,8,4,10,1,2,1,9,5,9,2,20,1,26,1,0,4,19,2,2,19,5,7,13,6,5,1,31,13,21,4,4,2,3,5,1,6,12,1,3,2,8,0,8,0,5,1,0,2,24,16,3,24,0,2,0,3,2,20,60,3,2,13,11,5,1,7,1,15,16,0,0,18,9,4,2,4,0,10,3,2,5,20,10,28,11,0,0,48,1,1,9,4,6,8,2,0,23,26,3,20,3,7,6,26,1,7,2,4,7,17,3,2,4,0,1,4,12,25,7,0,25,3,9,6,8,11,2,4,5,20,10,3,6,3,0,38,8,11,1,11,3,6,0,29,37,19,17,13,4,26,3,3,2,13,5,1,5,26,10,30,3,1,5,6,1,0,8,19,26,1,3,5,3,5,24,13,0,1,1,16,10,0,20,12,0,3,4,7,2,9,0,22
"1",11,1,4,2,30,0,19,11,9,2,1,20,19,1,14,1,1,0,9,25,1,20,19,21,1,0,10,2,50,8,3,4,5,6,26,2,36,29,3,10,2,8,1,18,18,10,2,7,23,0,18,3,2,8,4,3,0,36,3,5,2,13,3,1,0,5,5,22,17,28,1,31,2,4,15,0,1,20,8,14,11,7,6,1,10,33,4,4,3,7,3,21,16,4,48,0,9,1,15,13,9,9,7,1,1,33,1,0,17,2,0,29,18,6,0,5,0,1,3,0,1,6,12,0,5,18,7,11,2,10,3,0,5,10,0,8,1,23,2,20,6,3,3,9,3,0,19,11,8,16,13,2,2,17,9,26,3,2,0,6,12,0,4,4,0,1,3,15,0,11,0,9,0,4,0,34,26,2,17,0,1,0,5,2,26,44,2,5,14,11,12,2,3,4,17,12,0,1,19,6,2,8,5,1,8,4,0,5,17,6,28,14,0,3,54,0,6,6,6,0,7,1,0,21,28,2,13,1,3,11,19,9,3,1,1,14,16,5,2,1,1,2,8,6,10,8,0,11,23,5,6,5,9,4,7,1,9,14,4,3,0,2,56,5,18,2,4,1,6,0,25,33,14,15,11,3,14,1,9,1,5,8,2,4,20,28,31,1,2,6,0,4,0,8,19,18,6,1,5,5,1,27,19,0,2,1,12,18,0,30,19,2,3,1,8,12,7,13,16
"1",10,2,3,3,16,0,19,13,10,6,2,29,22,8,13,2,4,2,24,27,2,37,22,21,1,0,3,8,52,3,0,6,3,10,33,0,40,27,5,12,2,6,6,29,20,6,1,3,21,1,15,1,2,6,1,2,0,28,1,8,1,15,2,1,2,3,15,22,29,25,1,33,2,1,6,0,3,19,7,20,7,8,11,1,14,17,0,3,0,8,2,14,18,7,57,1,12,2,16,16,10,3,10,2,2,21,3,1,12,2,0,31,11,5,3,4,1,3,5,0,0,2,7,0,2,9,6,7,15,4,3,1,4,9,0,15,5,17,0,17,1,1,5,12,0,0,19,5,6,11,15,3,0,30,1,19,2,6,2,5,4,1,11,10,4,0,0,13,2,8,1,9,0,3,2,13,16,2,16,1,0,0,0,7,28,62,1,5,13,2,6,3,5,4,7,17,0,5,20,7,0,3,5,0,7,0,0,4,24,10,24,13,4,2,43,2,2,7,2,3,15,2,0,15,15,1,10,2,6,8,17,3,4,1,0,9,16,12,0,2,0,4,3,5,34,8,1,19,8,6,2,10,6,7,7,0,27,6,1,7,2,0,26,5,19,0,7,2,11,1,22,23,9,19,11,3,9,5,9,2,3,0,5,10,20,26,36,1,3,7,2,4,1,11,16,16,6,6,4,2,3,22,10,0,3,1,10,10,2,14,10,0,2,1,15,6,15,10,14
"1",21,0,0,3,19,0,20,13,16,2,1,35,22,1,11,8,6,0,8,32,3,27,19,15,0,0,6,11,49,4,3,4,2,7,17,1,27,29,5,8,4,4,2,25,12,9,2,8,28,1,28,3,1,11,3,2,0,34,3,8,2,13,5,1,3,3,12,26,19,12,2,42,3,0,1,2,1,18,10,22,4,5,15,0,16,13,4,3,5,15,0,16,12,5,42,0,10,4,12,21,14,5,5,0,0,25,0,0,14,8,0,36,23,3,5,0,0,12,3,0,0,2,12,0,2,15,12,9,10,4,1,0,3,8,3,12,0,18,0,39,0,2,6,11,1,0,25,6,13,16,11,2,0,28,3,20,3,3,3,2,13,3,8,20,2,3,6,14,3,6,0,6,0,4,2,24,28,3,23,0,1,1,1,2,27,56,3,8,13,5,8,4,1,3,17,14,0,1,15,6,1,2,6,2,6,1,0,1,23,12,40,13,1,2,34,1,5,3,4,3,11,3,0,18,22,2,32,2,5,8,16,5,5,0,2,6,20,5,0,3,0,4,4,5,19,9,0,9,9,5,2,10,7,2,4,0,23,13,0,7,8,0,41,0,16,1,11,1,5,0,20,50,14,18,5,5,15,3,8,0,2,4,6,3,36,15,52,1,5,3,0,6,2,11,17,16,2,8,6,3,6,23,14,3,2,0,16,18,1,26,17,1,0,2,4,13,18,5,9
"1",23,1,1,7,13,0,15,15,11,6,2,33,26,3,13,3,5,0,10,31,3,30,21,24,1,1,5,7,65,5,6,4,2,10,20,3,33,15,3,9,5,4,1,28,10,8,0,8,25,1,21,4,7,8,0,1,1,32,2,5,4,6,6,0,0,5,17,27,19,29,1,25,0,5,8,2,4,18,15,19,8,5,6,0,10,31,1,8,3,6,1,12,28,6,45,1,7,5,22,5,3,5,4,1,5,35,0,0,16,7,1,25,25,4,1,4,3,11,9,1,1,2,11,2,1,13,9,13,10,7,4,4,0,6,0,7,3,19,2,37,3,5,3,10,1,2,28,7,12,14,11,3,2,26,2,31,4,9,3,1,6,4,9,13,0,8,3,11,6,6,0,6,2,1,0,25,14,6,24,1,0,1,6,2,40,62,4,8,15,9,5,3,4,5,18,7,4,2,20,1,1,2,5,1,15,2,0,4,13,9,27,7,0,3,36,0,6,2,2,4,7,5,0,29,13,4,20,2,8,11,21,6,1,0,1,21,10,10,2,2,1,2,3,15,30,6,0,13,15,6,2,5,7,2,6,0,26,6,1,6,5,0,31,6,23,4,7,1,14,0,24,33,25,23,16,0,17,1,5,1,3,10,18,5,28,14,46,3,2,6,0,2,4,4,14,17,5,8,7,6,2,18,22,2,1,0,13,19,2,19,9,2,0,0,10,8,9,15,22
"1",16,1,3,10,24,0,19,10,10,2,0,15,15,4,15,5,8,1,13,30,0,24,10,12,0,1,3,7,43,3,3,8,1,8,13,0,23,12,2,17,2,2,3,23,9,7,1,15,30,0,29,1,7,9,0,4,3,18,2,6,0,11,2,0,0,5,14,19,26,16,1,23,3,1,8,1,2,4,6,17,8,5,13,1,8,15,5,1,2,10,3,1,10,5,47,0,2,4,9,6,9,2,11,0,3,27,3,0,15,1,0,45,19,7,1,2,0,6,3,0,1,4,12,0,3,12,5,7,6,2,2,2,5,6,0,11,5,18,5,22,2,3,5,5,0,0,26,4,10,14,11,1,1,26,4,20,4,5,2,4,8,1,8,21,2,5,6,6,9,4,0,4,1,1,0,14,23,3,8,0,1,0,5,1,24,63,4,8,9,10,4,2,1,4,15,11,1,3,14,2,1,1,4,0,9,1,0,10,19,8,29,13,0,3,35,1,7,6,2,6,4,0,1,20,24,0,13,0,8,15,23,4,3,2,1,9,23,10,2,6,2,2,3,11,12,4,1,13,14,7,0,9,11,6,5,0,27,9,2,7,2,2,38,7,17,0,8,0,5,0,27,48,22,14,8,2,22,4,2,2,6,8,6,8,26,18,34,2,4,9,0,7,1,7,16,15,9,7,3,1,2,16,14,0,1,1,10,6,3,14,13,2,0,0,7,8,13,8,15
"1",17,2,2,3,24,0,15,17,9,5,1,18,25,3,7,4,8,1,11,17,3,22,19,14,1,1,2,3,54,4,0,4,2,10,19,4,19,31,2,14,4,6,2,17,9,6,1,2,29,1,22,5,3,9,0,1,1,31,3,10,5,22,3,0,0,4,20,16,29,15,2,27,0,7,11,0,1,17,7,20,8,6,8,3,10,29,3,2,3,3,3,17,13,7,57,0,6,2,15,22,11,2,12,1,0,22,1,0,9,2,0,45,17,8,0,2,3,6,7,3,0,0,10,1,2,16,7,3,11,7,1,1,5,5,0,13,2,17,0,22,3,6,9,5,4,2,12,6,8,12,10,3,2,22,4,27,5,8,0,2,10,4,4,9,2,4,3,13,1,8,0,5,2,0,0,23,20,2,19,0,0,0,4,4,30,77,9,9,28,11,8,0,4,7,25,27,1,1,20,3,2,4,3,1,9,1,1,3,19,11,35,10,0,2,44,0,4,12,6,3,2,4,1,32,24,2,14,1,5,2,22,6,1,0,1,8,20,5,0,6,0,4,5,11,23,6,2,11,11,5,1,6,9,5,8,1,25,17,1,3,2,0,36,6,6,3,8,1,4,0,29,32,15,18,12,4,18,1,13,0,5,6,8,10,27,12,39,1,2,7,1,10,6,6,12,22,2,7,3,6,8,27,10,4,0,0,9,19,0,16,12,0,0,0,10,9,8,9,18
"1",5,4,4,4,15,0,15,18,3,5,3,28,29,1,16,3,9,0,10,30,6,41,16,33,1,2,3,10,50,7,0,5,1,12,24,2,15,22,1,13,1,5,3,26,14,7,4,2,23,0,26,5,2,3,0,7,3,17,3,4,1,7,2,2,0,3,16,27,31,34,6,33,3,5,3,0,3,18,6,20,5,6,8,1,7,23,5,3,1,9,2,13,10,11,59,0,8,4,15,19,12,7,4,5,0,16,1,1,19,4,1,29,19,4,1,4,0,4,6,2,0,5,17,2,3,15,4,9,6,5,3,0,2,7,2,9,2,22,2,21,2,2,5,15,1,0,23,2,16,14,13,1,3,29,6,27,3,3,5,4,7,3,5,15,2,1,2,7,1,3,0,3,1,4,0,27,15,2,12,1,0,0,1,1,22,57,9,10,16,10,6,4,7,0,14,15,2,2,22,10,4,1,1,1,3,1,1,4,19,14,25,13,2,2,42,0,6,5,1,2,5,0,0,16,10,1,23,0,3,4,20,3,4,2,3,11,20,8,1,2,1,1,3,6,15,6,1,23,18,13,6,5,5,9,8,1,25,7,0,7,5,1,30,8,14,1,12,2,5,1,20,34,17,25,16,0,14,4,11,1,11,9,9,6,27,10,37,3,4,7,0,10,3,13,19,16,6,2,3,2,3,18,24,3,0,1,18,16,0,21,13,1,0,0,12,10,11,5,18
"1",21,3,0,10,18,1,15,15,4,3,1,23,16,2,17,0,3,2,9,18,8,34,23,9,0,0,6,7,36,5,1,3,1,12,15,4,32,18,3,7,0,6,4,25,12,9,3,9,31,3,28,0,2,17,3,0,1,23,4,2,1,17,5,0,2,2,11,32,24,34,0,31,2,3,5,1,1,9,7,23,4,6,16,0,7,25,0,2,1,7,4,14,9,13,50,0,13,4,8,12,9,1,2,1,2,28,1,0,17,0,0,27,28,7,1,3,1,8,2,2,2,4,11,0,3,15,2,8,8,4,2,1,1,17,0,11,0,24,0,32,2,0,2,13,1,0,20,6,5,9,11,0,1,20,1,24,3,8,0,6,13,1,2,8,2,2,1,6,3,10,1,0,0,0,0,34,11,1,23,2,1,1,3,0,20,61,8,5,16,9,2,5,2,3,18,15,3,1,16,4,2,4,4,1,10,3,0,4,21,11,24,8,2,1,27,2,5,5,4,4,6,3,1,18,21,2,9,1,3,10,25,6,3,1,2,12,20,5,1,6,2,2,4,2,18,4,1,18,11,9,4,7,4,6,4,3,20,5,1,3,2,0,28,7,16,0,5,1,7,1,39,29,22,21,12,2,27,9,7,4,2,8,7,7,18,15,25,4,6,6,2,1,2,9,17,19,1,4,8,3,8,21,14,0,1,1,18,12,1,13,27,1,0,0,14,11,11,11,9
"1",18,4,1,3,24,1,24,16,7,7,1,39,11,3,11,2,3,1,16,23,1,33,22,21,2,0,2,6,47,3,3,5,2,7,17,2,22,22,3,5,1,5,2,29,7,11,1,4,28,2,18,1,1,3,2,4,1,32,6,9,0,11,6,0,0,4,22,42,27,27,3,38,0,2,5,1,1,17,9,26,5,7,5,2,11,20,1,0,2,21,1,14,16,13,29,1,13,0,13,13,11,4,4,1,4,25,3,0,18,3,0,20,20,6,2,0,1,4,5,2,1,3,7,0,4,11,6,5,8,3,1,0,5,11,5,13,3,14,0,35,1,4,4,7,2,2,12,6,8,7,11,3,4,21,4,22,8,7,3,2,13,3,4,10,0,1,3,6,3,6,1,7,1,0,0,15,19,4,17,1,0,1,4,6,24,50,6,9,7,7,5,4,3,2,15,15,0,2,31,6,2,3,6,3,7,3,0,2,20,11,26,16,5,0,40,3,2,5,3,5,9,2,0,16,34,0,25,2,4,3,24,3,1,2,1,11,23,11,0,4,1,0,1,5,23,5,2,14,7,8,5,6,1,5,9,2,38,17,0,4,1,2,21,3,15,3,11,3,8,0,25,41,17,15,12,5,19,5,7,1,9,11,5,6,22,25,56,0,4,5,3,1,2,8,19,24,7,6,7,3,2,23,9,5,1,3,10,18,1,27,19,1,0,2,17,13,14,15,18
"1",15,4,2,3,16,2,13,10,8,6,1,29,15,6,10,4,4,0,7,18,1,21,21,17,1,0,11,10,59,2,2,3,4,11,25,2,19,27,3,8,2,3,4,20,14,8,2,5,27,3,13,6,3,6,0,3,0,25,2,8,3,20,7,0,1,4,12,24,15,30,3,34,2,0,4,2,2,16,11,12,7,1,5,1,11,23,1,7,3,13,4,17,15,5,38,2,8,3,14,17,9,4,6,4,2,28,6,0,13,1,1,21,27,7,2,2,0,1,2,2,0,6,8,1,0,20,7,2,5,4,5,2,1,15,0,19,0,18,1,22,0,2,9,14,3,1,28,3,17,15,11,1,2,23,9,25,1,1,7,9,16,0,4,12,0,3,1,10,3,8,0,9,0,2,2,28,19,1,20,0,1,1,8,3,23,62,4,6,17,4,7,0,4,1,20,18,1,1,16,5,6,2,3,0,11,3,0,4,19,8,16,7,3,3,43,1,2,4,5,4,7,3,0,25,34,2,21,2,1,5,19,4,3,3,2,16,16,9,1,3,0,1,4,8,25,5,0,20,6,5,5,7,4,5,8,0,15,7,1,5,2,2,24,1,23,4,10,2,12,0,33,17,18,21,9,0,20,1,12,2,5,5,14,3,22,21,38,0,1,2,5,5,1,3,22,30,5,2,7,2,4,22,17,1,2,3,14,24,0,26,15,2,0,1,13,12,6,13,11
"1",14,5,0,5,18,0,23,11,3,3,3,32,16,4,18,4,5,1,15,24,0,29,12,9,1,0,10,6,51,7,0,5,0,9,21,2,25,22,3,11,7,13,7,20,17,12,7,3,26,1,28,2,2,7,0,6,2,19,1,8,5,13,3,0,0,2,12,27,17,20,2,31,1,1,13,4,2,19,10,21,3,4,5,1,14,18,1,1,1,11,2,15,8,5,58,0,9,5,16,8,8,4,10,0,0,18,3,1,11,4,0,33,19,16,4,5,2,4,2,1,2,1,9,1,1,18,6,7,5,5,2,1,3,5,2,18,1,19,0,17,0,3,2,11,3,2,18,10,7,15,6,0,2,22,6,18,4,4,4,5,5,3,4,12,0,2,3,16,1,5,0,3,0,2,0,28,14,3,13,0,0,0,3,3,30,63,6,4,8,13,9,5,4,2,12,20,0,4,24,7,2,3,6,0,9,1,0,5,19,11,35,15,1,3,38,1,5,3,4,2,11,2,0,15,14,4,13,2,3,10,25,3,3,1,5,15,26,6,2,3,0,0,5,9,17,7,1,12,8,9,2,8,6,8,8,0,24,11,0,5,1,0,28,5,20,2,7,6,9,0,31,39,23,24,7,1,20,3,5,2,5,10,11,9,18,23,43,1,5,4,3,3,1,6,11,21,1,4,3,15,3,29,9,1,0,1,14,14,2,31,15,1,1,1,10,11,16,12,13
"1",13,3,3,7,24,2,28,15,9,3,1,33,18,3,12,2,2,0,19,26,5,35,17,11,1,1,12,9,60,4,0,0,2,1,22,1,25,22,3,12,2,7,5,24,20,7,6,6,38,2,17,4,1,7,1,7,0,18,3,8,3,16,2,1,1,6,9,37,27,24,0,21,2,0,12,0,1,16,11,14,15,9,8,3,9,17,4,5,3,11,4,10,14,7,38,2,7,7,25,20,8,2,20,0,1,29,2,0,9,2,0,30,16,7,4,3,4,3,5,1,1,7,8,1,1,16,5,6,8,2,0,2,2,11,0,11,3,17,1,21,0,1,4,13,1,2,19,10,12,7,18,1,1,32,5,22,0,3,0,5,7,2,9,15,1,4,7,15,4,12,0,5,1,3,0,24,23,1,17,0,1,0,6,5,25,71,4,6,23,6,6,1,7,4,27,12,2,1,20,3,3,4,4,0,9,0,0,4,14,4,32,5,3,2,20,1,2,5,6,0,8,9,6,22,22,2,13,4,0,18,19,2,3,2,5,20,12,7,2,1,0,1,8,10,19,2,0,17,11,6,5,4,5,3,7,0,20,8,0,8,5,3,34,7,10,0,5,3,6,1,32,35,19,26,17,4,26,5,6,1,5,5,8,7,22,25,41,0,2,8,0,2,2,9,12,18,4,1,1,2,3,35,18,1,2,0,16,16,1,17,15,0,1,0,9,8,13,14,12
"1",15,6,2,4,16,0,23,13,2,2,3,25,17,4,13,5,5,0,13,26,0,26,22,15,2,1,18,3,42,5,0,5,1,6,24,2,22,16,1,19,6,5,5,20,13,8,2,15,32,0,34,1,0,4,4,5,4,21,1,13,0,14,1,1,0,4,23,19,14,31,0,25,1,2,15,1,0,13,11,17,3,5,14,2,9,17,3,1,3,2,2,16,25,10,51,0,11,1,10,12,9,11,7,0,3,19,4,0,8,3,0,23,20,8,2,3,2,5,5,2,1,0,12,1,4,19,4,9,15,3,2,5,7,11,1,17,1,29,0,16,0,8,2,7,2,0,24,7,10,12,15,2,2,22,5,22,10,4,1,2,6,1,4,13,1,5,4,5,1,5,0,3,4,1,1,24,25,4,15,0,0,0,5,1,15,57,9,8,17,11,4,2,2,2,27,23,0,2,19,7,5,3,4,0,5,4,1,3,22,7,38,4,0,1,53,3,0,4,3,3,9,5,1,16,18,0,16,2,0,6,16,0,2,2,2,7,14,8,0,6,1,0,3,3,18,4,0,16,16,9,1,5,5,2,3,1,37,8,3,2,5,1,28,4,19,2,5,2,1,1,33,36,21,18,8,2,19,3,10,4,12,9,8,6,23,12,26,1,3,4,4,4,1,7,27,43,2,5,2,4,1,20,16,5,0,3,13,10,1,16,22,0,0,3,8,15,7,15,15
"1",13,3,5,5,19,0,10,14,7,3,2,29,21,6,3,10,6,1,16,29,4,33,15,10,1,1,15,7,34,2,0,7,1,6,16,2,21,30,3,17,4,5,5,30,9,6,3,5,34,3,16,3,3,13,2,10,3,30,10,10,1,10,5,0,2,3,25,22,19,28,2,31,2,1,4,0,0,12,5,13,7,7,8,0,7,19,2,7,3,3,2,9,7,10,52,0,10,6,11,24,18,6,10,0,3,16,2,2,7,1,0,27,21,12,3,2,2,8,2,3,2,5,9,2,1,17,3,11,9,3,4,1,6,8,0,6,3,24,0,27,0,5,3,13,5,0,15,6,12,18,5,1,3,17,9,25,3,2,6,3,5,1,3,13,2,6,1,15,2,3,0,3,0,2,0,32,19,2,24,1,2,0,2,3,21,63,8,8,18,9,15,6,7,2,17,18,1,0,25,5,4,1,5,1,12,5,0,4,24,5,29,13,1,3,41,1,2,3,2,4,8,6,1,18,13,2,16,0,2,19,28,1,4,2,5,26,20,10,1,1,1,2,1,3,15,5,0,14,7,11,1,6,3,4,7,2,19,11,0,6,3,0,30,3,19,4,7,2,5,1,29,35,21,23,14,0,16,4,13,4,4,6,7,8,25,12,35,4,3,7,0,4,0,9,18,30,1,3,3,3,2,30,10,3,0,2,11,15,1,17,22,0,1,0,3,12,13,16,15
"1",14,5,0,4,21,0,12,13,13,6,2,29,21,6,9,0,2,1,14,12,1,19,13,14,1,1,6,4,42,8,0,4,7,14,22,0,31,40,3,13,1,3,4,17,13,8,1,8,19,4,22,5,4,11,1,2,2,28,4,8,0,10,4,1,3,5,15,24,19,29,0,33,0,3,13,0,2,12,7,24,3,4,20,2,5,34,3,2,4,8,1,15,14,10,30,0,7,0,12,10,11,1,5,4,1,20,3,1,11,1,1,32,28,4,2,2,0,9,4,2,4,5,10,1,2,7,3,6,4,7,1,3,2,4,0,13,0,23,1,21,3,2,6,15,0,0,17,12,12,9,7,2,4,21,16,28,8,3,3,5,4,3,3,11,1,4,1,13,2,6,1,3,2,4,2,25,24,6,17,1,1,1,3,3,32,60,9,5,7,12,13,0,3,2,15,22,4,2,23,6,3,4,3,1,5,2,1,3,22,6,25,8,3,3,43,2,4,4,2,3,11,4,1,18,16,2,28,1,2,13,25,8,2,5,2,13,18,7,1,3,0,3,2,4,20,8,0,15,11,5,4,17,8,4,1,2,17,11,0,7,5,0,27,0,10,4,11,2,9,0,26,35,13,22,13,4,16,0,6,2,5,4,5,4,19,18,26,1,3,7,1,5,0,10,15,22,3,1,7,4,1,38,15,0,4,1,17,17,0,17,11,1,1,0,5,8,13,12,13
"1",9,6,2,5,26,2,10,12,15,2,1,32,21,13,10,5,3,0,16,21,5,41,22,25,0,0,4,7,45,8,1,9,0,6,19,2,22,26,3,11,2,5,4,21,16,5,3,4,24,1,25,3,3,7,3,3,3,25,2,5,2,9,2,0,3,7,18,32,37,19,2,51,5,1,3,1,3,16,8,22,4,8,10,1,9,25,5,1,1,5,4,19,6,7,35,6,4,4,8,14,7,6,9,0,4,21,0,0,7,1,0,29,18,6,1,2,1,5,2,5,2,3,11,0,2,6,7,9,8,0,4,0,2,5,2,15,2,12,1,20,0,1,6,11,2,1,25,3,11,12,2,1,0,40,3,17,3,5,4,3,7,1,8,13,3,3,2,6,7,6,1,7,0,0,1,23,15,2,17,1,0,0,3,1,22,64,4,2,17,10,7,2,7,1,19,11,0,1,25,4,2,5,8,0,11,6,0,4,19,2,31,14,2,0,38,3,5,6,4,5,10,2,1,18,19,0,27,6,1,3,19,5,4,1,0,19,24,9,0,4,1,2,3,17,28,3,0,15,7,8,2,3,8,4,3,3,23,12,5,3,2,2,39,5,22,3,11,3,11,0,30,24,26,13,4,1,17,3,4,2,4,10,3,12,29,12,43,2,4,5,3,7,3,5,18,21,5,3,0,4,5,16,15,2,2,1,16,26,2,26,8,1,0,1,9,6,4,8,10
"1",14,10,2,2,16,1,11,16,5,7,1,27,21,3,17,5,5,1,18,17,3,26,26,17,0,1,10,4,37,2,0,2,3,10,16,2,17,21,4,17,1,7,1,17,14,4,7,5,24,2,23,0,3,8,2,1,0,18,6,7,0,13,3,1,2,6,7,31,15,26,0,25,2,1,8,1,5,9,6,18,5,6,11,0,8,15,4,3,4,1,3,7,5,14,34,0,8,1,15,12,13,10,9,0,0,28,2,0,12,0,0,30,21,5,0,2,0,16,5,0,0,4,11,1,4,14,8,11,6,7,3,1,3,9,2,10,2,28,1,36,4,5,4,19,0,0,19,5,7,13,14,2,1,20,3,25,4,4,3,2,7,3,10,12,3,5,1,10,1,2,0,9,2,4,3,24,24,1,21,0,0,2,1,4,26,71,8,5,14,19,8,2,3,3,14,26,1,3,16,2,4,4,3,1,9,4,1,3,31,11,21,12,2,1,43,1,1,7,6,2,9,1,1,15,23,1,12,1,3,5,24,3,4,0,0,3,10,10,0,5,0,1,3,4,17,4,0,13,10,3,3,7,5,1,3,0,19,7,1,1,1,1,40,8,17,4,4,3,11,1,18,34,26,26,12,3,14,3,8,3,7,10,6,8,21,10,41,1,2,4,3,3,1,5,19,24,1,0,5,4,5,22,13,2,2,3,17,23,1,12,14,1,0,2,15,10,8,3,21
"1",11,3,5,5,18,2,16,11,6,2,0,27,13,3,13,8,5,0,17,11,2,35,19,17,2,0,12,6,27,2,0,7,1,8,15,0,27,38,2,10,2,7,5,19,8,8,4,8,36,4,25,3,3,5,4,2,0,16,3,10,2,13,0,2,2,4,10,24,31,25,2,39,1,0,8,1,3,15,5,19,4,11,6,2,16,25,3,5,1,8,1,9,5,14,44,0,9,3,18,15,8,10,11,1,1,29,1,1,8,0,0,29,24,7,5,1,1,16,3,0,0,5,11,1,3,12,3,12,7,2,2,1,4,14,1,9,3,33,0,23,3,5,3,7,1,0,19,7,15,18,9,4,0,33,5,19,9,6,1,7,12,1,15,15,0,7,5,6,4,3,0,7,2,3,0,21,36,5,12,0,0,0,5,1,25,57,10,4,8,10,6,4,6,1,11,17,0,2,23,3,2,6,9,0,16,1,3,4,14,6,21,19,3,1,43,1,5,11,5,8,12,1,0,21,23,1,16,2,2,9,27,1,4,1,1,5,18,7,0,4,0,3,5,12,21,7,3,14,12,5,4,6,6,4,8,1,28,11,1,3,2,1,34,11,8,1,3,4,9,1,25,26,12,23,11,3,18,4,10,4,4,6,5,4,21,19,27,3,1,3,2,12,2,6,12,26,4,5,2,4,4,17,17,0,3,5,11,18,2,21,17,1,1,0,3,6,11,10,13
"1",15,2,3,5,21,1,13,17,5,2,0,39,23,13,9,5,2,0,18,12,4,24,22,15,2,0,5,9,43,2,1,3,5,14,21,2,34,42,0,9,0,8,4,19,15,3,4,8,22,3,20,2,2,11,0,2,1,20,0,17,0,9,3,2,2,5,18,29,38,36,3,38,0,3,1,3,1,23,8,15,9,5,7,1,5,23,6,4,4,12,0,12,13,8,33,0,8,2,16,18,10,4,8,1,3,20,0,1,14,1,1,15,17,9,6,0,2,10,5,0,2,2,8,1,1,17,11,6,7,7,1,1,3,2,1,13,2,22,0,21,3,6,7,3,5,1,21,7,18,18,14,7,5,31,6,26,1,8,1,5,12,0,2,15,0,4,2,5,2,12,2,6,1,3,1,22,20,1,13,0,0,1,2,1,35,72,5,10,13,5,12,2,3,5,14,11,2,4,20,4,2,0,4,1,15,6,1,6,18,11,32,17,0,2,48,1,1,13,1,0,12,7,1,18,14,2,7,3,5,10,20,3,1,1,2,11,13,9,1,2,1,4,2,3,26,9,1,11,19,6,1,10,3,6,8,1,19,9,1,8,0,1,23,3,17,3,7,5,10,1,25,28,20,13,14,1,23,4,9,4,12,3,8,2,30,21,20,5,2,9,1,3,4,7,9,29,3,3,2,4,2,34,12,0,0,2,11,17,1,12,11,1,2,2,5,8,6,10,11
"1",14,5,4,5,10,1,25,16,2,0,2,26,11,1,10,2,8,1,13,20,2,23,12,20,1,2,5,6,36,3,1,3,2,10,15,1,20,23,5,10,5,11,7,21,15,1,2,8,13,2,28,2,3,12,0,1,0,18,4,8,2,9,3,0,3,3,11,28,22,17,3,28,0,0,4,0,1,13,8,17,4,8,10,4,8,18,2,4,2,14,2,20,15,7,42,2,8,6,20,12,9,5,11,0,1,23,7,0,8,2,1,23,11,8,0,0,1,5,7,0,2,5,8,0,0,5,8,10,8,3,2,1,2,3,0,14,1,22,0,36,3,3,5,2,1,1,25,3,12,16,3,2,5,27,10,27,3,5,1,4,15,2,5,28,1,3,2,13,1,3,0,7,0,10,0,27,29,3,20,1,2,3,0,2,34,59,5,0,23,14,5,2,0,0,23,23,3,5,24,6,2,4,6,0,15,1,1,8,24,10,33,16,3,3,40,1,1,5,2,3,13,6,0,12,23,3,15,1,3,7,24,5,5,3,5,15,13,12,2,4,2,0,3,9,26,7,0,19,13,10,6,12,6,4,6,1,40,9,3,6,3,1,37,3,17,2,4,3,10,0,23,43,13,26,11,3,7,3,10,0,4,4,7,10,19,14,47,6,3,3,2,6,4,5,19,23,1,2,4,1,1,27,8,2,1,1,13,15,3,16,18,0,4,1,7,10,11,5,14
"1",10,1,2,4,22,0,19,18,10,3,2,20,15,4,15,2,8,0,15,22,2,17,18,9,2,0,11,4,38,3,3,7,1,9,18,0,27,31,3,18,0,3,0,19,6,3,0,6,41,2,19,2,1,6,1,0,1,18,1,12,0,13,6,1,1,4,19,28,21,31,3,26,1,2,1,0,4,14,8,19,5,7,11,0,8,23,5,1,3,13,2,11,8,9,55,0,8,1,16,9,10,6,5,0,0,28,0,2,7,0,0,41,20,4,1,1,1,4,4,0,3,3,12,1,3,16,5,12,8,2,3,1,6,4,1,18,2,21,0,19,4,0,5,12,2,0,19,10,15,13,12,2,2,28,5,27,2,2,2,9,8,1,4,7,3,2,3,13,7,4,0,1,3,2,1,25,18,4,24,0,0,0,0,2,24,67,7,3,14,6,4,3,6,4,18,8,0,4,10,2,1,5,10,0,10,3,0,1,15,7,43,11,0,1,39,2,3,5,1,3,6,0,0,9,16,2,26,3,1,10,31,0,1,1,0,19,17,7,0,4,1,2,0,8,11,2,0,16,5,3,2,7,3,7,7,3,28,9,3,4,2,2,29,5,8,2,6,2,4,0,24,41,28,15,13,3,17,2,10,0,3,8,7,5,23,16,40,0,1,4,1,4,3,6,15,39,4,6,3,5,3,31,6,2,0,0,10,14,1,26,16,1,1,1,10,5,15,13,13
"1",23,1,1,4,21,2,11,18,8,3,1,39,18,0,11,3,3,2,8,20,1,34,32,19,3,2,4,2,50,0,2,1,3,8,10,5,18,28,4,12,1,7,1,29,19,12,1,7,29,3,23,3,3,7,0,3,2,29,2,5,0,12,3,0,6,2,13,27,15,32,4,29,1,4,5,0,1,9,8,22,12,6,5,0,11,19,2,4,1,16,3,18,6,7,31,2,9,2,10,12,9,3,2,2,0,22,4,2,12,0,0,25,20,9,2,2,0,7,5,0,0,1,12,1,1,17,8,3,10,6,0,2,3,10,2,9,1,30,0,31,3,4,7,8,0,1,17,9,13,10,8,1,7,27,5,17,1,3,0,4,11,1,11,9,0,4,0,5,4,7,0,4,0,3,0,27,23,1,21,0,0,1,5,5,24,54,7,3,24,2,2,1,5,4,22,14,0,1,24,7,3,5,5,0,9,3,1,1,8,6,41,16,0,4,39,3,1,5,1,0,13,3,1,19,23,0,9,1,5,6,19,5,6,1,3,11,20,12,2,2,1,0,4,2,19,6,0,13,14,9,5,7,13,6,8,1,33,11,0,1,2,3,33,9,17,5,8,1,4,1,30,36,36,23,14,2,20,2,5,1,10,4,4,10,21,15,41,4,0,6,2,4,1,6,22,17,1,4,7,1,0,19,16,2,1,0,13,21,4,13,11,1,0,3,9,5,11,8,11
"1",13,5,3,4,23,0,24,23,7,2,2,30,18,0,8,2,9,1,9,27,0,36,13,8,0,1,9,6,58,2,3,6,7,4,19,2,16,27,1,13,2,6,0,20,21,12,3,11,25,3,15,4,1,4,2,4,1,33,4,12,2,20,5,1,0,4,15,22,26,40,4,29,1,5,3,1,0,14,8,11,6,8,7,0,14,19,4,3,3,12,1,11,7,15,42,0,11,8,14,15,8,2,12,0,1,22,1,0,13,4,0,28,23,8,2,0,2,10,1,0,1,1,14,0,1,17,3,8,9,4,2,1,2,12,1,8,2,20,3,28,1,3,4,10,4,1,27,7,8,14,10,1,1,27,7,22,6,6,0,5,9,1,7,8,0,7,2,5,3,5,2,12,1,2,0,11,27,1,21,0,2,0,4,1,43,50,3,6,26,10,4,6,7,3,13,16,1,1,29,8,2,2,4,0,12,1,1,3,17,7,29,19,2,1,43,0,3,5,1,3,6,2,0,12,20,0,10,4,1,11,25,3,6,3,3,7,19,6,0,1,3,2,2,5,17,7,2,6,12,3,3,10,4,3,3,0,29,9,1,8,0,1,30,6,14,1,7,5,8,1,27,25,11,27,9,0,21,1,7,2,8,4,7,15,39,10,30,2,6,4,1,4,0,8,10,23,3,3,1,4,3,18,13,1,0,3,15,14,1,19,14,1,0,2,12,8,14,7,15
"1",7,4,3,5,13,3,9,19,5,2,2,34,16,7,12,1,4,0,9,15,1,33,16,23,1,2,4,12,75,2,3,4,0,6,25,1,22,23,4,23,1,2,3,13,10,5,3,10,16,0,23,1,1,20,0,2,2,25,6,11,2,7,4,0,0,4,26,27,25,26,1,39,1,3,6,2,1,14,10,16,4,2,9,0,10,18,5,6,1,6,2,19,9,18,50,1,7,5,24,9,18,6,7,1,4,28,0,0,11,2,0,31,15,10,3,4,0,5,2,2,0,5,16,1,3,14,4,12,2,5,1,1,7,10,2,20,0,23,1,33,0,4,0,7,3,0,21,6,11,18,16,2,1,27,6,16,5,3,3,2,10,3,9,11,1,3,2,10,3,5,0,4,0,4,1,30,19,0,26,0,2,0,3,1,23,59,7,9,17,6,4,2,6,6,14,19,1,1,22,9,1,5,3,0,20,2,0,7,18,8,22,8,4,1,49,1,4,4,0,5,4,0,0,34,11,4,13,2,2,9,22,3,3,6,3,14,14,9,0,3,0,2,1,11,19,5,1,9,14,9,4,8,6,6,4,0,38,15,2,7,4,2,32,7,12,2,2,8,9,0,32,39,19,19,10,1,14,4,10,1,4,7,8,4,26,16,36,5,3,17,0,9,1,13,18,26,1,4,4,4,1,39,9,0,1,3,20,18,0,20,20,3,1,4,11,13,9,14,11
"1",10,3,3,10,21,1,17,12,7,2,2,19,17,4,11,5,3,0,13,19,2,24,19,18,0,1,13,10,31,3,3,10,1,11,11,5,22,39,5,18,1,5,1,17,11,4,0,4,34,0,24,1,2,10,4,2,0,23,3,15,0,14,5,1,1,6,12,32,27,26,2,31,1,3,2,3,2,15,3,11,6,3,5,1,8,20,0,1,3,17,1,10,7,5,39,0,6,1,16,7,13,6,9,0,3,27,3,0,15,0,2,35,16,8,3,1,0,4,6,1,0,2,13,1,3,24,5,7,11,5,1,2,5,10,2,30,1,14,0,13,0,2,0,6,0,1,18,7,5,10,4,0,0,18,5,18,0,3,2,4,8,1,10,14,1,6,3,16,1,5,0,2,1,2,1,30,25,0,16,1,1,2,0,0,19,43,7,6,17,5,2,0,7,0,16,16,1,6,13,4,1,2,4,1,19,1,1,0,20,13,31,6,1,3,51,3,0,4,0,4,12,2,0,19,21,2,21,6,0,4,15,2,0,4,1,21,16,6,0,3,2,1,7,10,19,5,0,11,21,5,5,8,6,3,8,2,29,9,2,5,1,3,47,9,18,5,2,2,8,0,17,40,24,16,14,1,25,5,9,0,4,8,9,12,17,25,24,1,2,11,4,4,1,7,17,21,6,2,3,1,2,21,11,1,0,0,18,15,2,17,14,2,0,3,6,9,12,7,11
"1",13,1,2,3,26,2,20,5,4,3,1,23,22,4,12,3,4,0,13,14,1,26,18,6,0,0,6,2,49,0,2,3,3,7,21,1,36,25,2,8,5,5,3,26,15,7,1,12,25,0,15,3,0,13,2,2,1,23,6,7,0,13,2,0,3,5,24,31,29,26,0,27,4,2,7,2,2,14,2,12,5,8,10,1,4,21,2,1,4,14,1,7,14,10,45,3,6,4,14,12,10,9,10,1,2,28,0,0,9,1,0,24,16,6,0,5,0,7,4,0,2,5,9,1,1,8,5,11,7,10,5,0,1,14,0,9,0,30,0,26,0,3,3,12,1,0,21,5,16,12,5,6,3,26,2,23,5,5,2,1,5,1,4,8,0,4,8,9,2,3,1,0,2,5,1,17,23,3,17,0,1,0,2,3,23,46,8,7,12,7,6,0,7,1,30,14,1,2,18,11,0,2,4,1,6,1,1,7,19,8,30,19,1,1,51,0,2,2,3,1,6,7,0,35,19,0,31,2,2,5,24,4,2,1,3,12,22,9,0,4,2,2,1,7,23,7,0,9,5,8,3,5,8,9,11,0,20,6,2,7,4,2,36,9,21,5,8,1,10,1,36,44,19,14,7,1,23,2,8,1,5,5,8,9,20,28,30,2,6,9,2,4,1,9,16,14,5,5,4,6,3,19,9,1,2,1,11,15,1,20,18,3,0,0,13,2,13,8,20
"1",14,4,0,2,16,0,15,6,6,1,0,22,18,11,11,0,5,0,10,20,1,38,28,8,1,1,3,3,42,6,1,7,4,9,24,0,16,29,5,15,2,4,3,25,9,10,5,7,25,3,16,0,5,7,2,1,1,22,0,8,2,12,3,2,0,10,20,35,19,23,1,45,0,2,4,0,4,9,7,24,9,6,7,0,9,21,1,8,2,7,0,10,16,9,44,2,8,4,13,15,16,4,9,3,1,16,1,0,7,0,1,21,38,11,1,0,0,14,3,0,1,7,8,0,0,14,2,11,7,4,2,2,7,12,5,16,0,21,0,26,3,4,3,8,2,0,18,10,11,12,10,2,1,20,7,22,6,2,0,3,13,0,6,12,3,2,2,9,1,6,0,6,0,3,2,26,21,2,12,1,0,1,2,1,31,58,2,4,15,14,4,5,4,1,23,14,1,1,22,5,2,3,8,2,4,2,1,4,16,8,32,13,1,0,46,2,4,3,3,2,6,2,2,21,25,2,26,6,1,6,18,3,4,5,4,17,16,5,2,3,0,4,5,3,25,2,0,17,14,14,5,11,8,3,4,0,28,12,3,5,3,5,38,6,19,1,6,4,6,2,26,32,22,21,19,3,11,2,6,2,10,6,7,7,19,21,37,4,0,8,1,2,2,5,10,32,1,5,8,1,2,31,13,0,0,0,11,16,1,24,15,1,2,2,9,7,10,8,15
"1",15,2,1,1,22,1,24,8,3,3,0,21,8,2,17,1,3,0,12,18,2,24,14,12,0,3,12,9,55,1,2,6,1,6,12,2,14,27,1,15,3,2,1,21,12,3,4,4,23,2,17,0,4,11,2,1,0,22,4,10,0,9,2,1,1,6,20,17,29,33,3,20,1,3,5,1,4,13,9,12,2,5,11,1,6,16,1,5,0,9,1,11,11,6,47,0,6,2,13,9,8,3,11,3,7,24,2,1,15,0,1,25,20,14,2,2,0,2,2,0,0,8,10,2,4,17,5,6,9,8,2,0,2,11,1,20,5,15,0,15,1,0,2,8,1,6,22,4,17,16,9,2,2,24,8,15,3,6,2,3,12,0,7,14,0,4,6,8,2,6,0,3,1,4,1,30,8,2,14,2,0,1,0,1,25,51,5,5,9,2,8,4,4,3,16,10,0,1,25,5,0,4,3,2,9,3,1,0,18,10,20,5,2,2,42,0,7,14,4,4,5,1,0,26,27,4,18,5,0,8,18,5,4,1,0,7,9,12,2,2,0,1,4,12,18,6,0,18,9,3,2,17,4,5,4,0,21,10,1,6,4,1,23,4,21,4,10,4,4,1,32,33,20,23,13,0,21,6,3,0,6,5,12,4,25,20,31,1,6,4,1,7,2,9,16,34,2,3,2,7,4,22,14,3,1,3,11,15,2,24,23,2,0,0,8,6,5,3,13
"1",17,4,3,1,19,0,24,8,12,1,2,23,21,4,13,3,10,1,8,24,4,14,25,15,1,0,5,0,59,1,0,4,0,9,20,2,21,24,6,7,1,4,2,25,14,5,2,8,27,0,16,1,1,10,1,1,1,28,3,7,1,11,2,0,3,7,14,27,13,23,2,35,1,0,3,3,3,19,8,8,4,7,8,0,12,12,1,1,1,8,4,14,13,6,42,1,9,2,21,13,14,3,10,2,6,27,1,0,17,0,2,18,11,5,1,1,0,3,5,1,4,8,11,0,5,13,6,4,5,4,1,0,4,6,0,14,2,24,0,28,1,4,3,8,4,0,26,5,6,12,11,2,2,26,1,19,4,2,1,2,8,0,11,4,0,0,3,12,0,10,1,7,0,4,0,26,24,1,19,0,0,1,1,2,32,53,4,4,18,11,7,5,4,2,10,18,2,4,18,4,4,1,7,0,10,2,0,3,20,9,29,7,4,1,44,2,1,8,5,2,9,2,1,27,18,0,9,1,3,3,19,2,3,5,2,8,20,12,4,3,1,3,2,6,18,7,0,11,9,9,2,15,7,6,8,2,28,10,0,2,1,0,38,3,20,6,13,2,12,2,27,25,19,20,17,3,11,3,14,1,4,6,11,4,29,14,31,4,3,7,0,5,1,10,12,26,0,2,3,7,1,28,16,1,3,1,12,11,0,17,16,4,0,1,12,10,7,10,7
"1",18,3,5,5,24,1,20,9,9,2,0,19,15,2,12,1,4,0,5,15,0,26,17,8,0,1,9,1,42,5,2,5,3,6,27,0,16,27,3,17,2,8,2,22,13,0,4,7,18,1,19,0,4,3,2,2,1,23,5,11,1,23,2,0,3,5,12,26,14,23,0,40,1,0,7,1,0,9,5,24,7,4,23,0,10,30,3,7,2,10,0,11,6,10,41,1,6,8,18,7,10,2,9,2,3,34,0,2,19,0,0,23,21,17,2,2,1,0,6,0,0,5,10,0,0,13,3,14,8,8,2,2,2,9,0,14,0,16,2,37,0,1,2,8,3,3,21,5,10,11,19,1,1,25,9,25,1,2,0,5,10,2,2,16,0,1,2,12,3,6,0,11,0,2,1,29,16,4,21,1,3,0,2,3,26,42,3,7,13,11,10,4,8,2,11,22,1,0,13,2,1,5,4,2,10,3,0,1,22,5,21,13,1,1,41,0,3,4,4,4,3,2,1,13,28,3,25,5,2,9,27,2,3,3,2,7,18,10,4,2,1,2,5,9,30,4,3,10,9,10,2,7,6,5,11,0,34,15,4,2,2,0,24,4,18,5,7,3,6,0,30,26,23,18,8,2,19,6,16,2,5,6,8,9,28,21,27,3,4,6,1,2,0,8,10,23,3,5,4,4,1,26,14,0,2,2,16,17,2,21,15,3,0,1,10,8,11,12,9
"1",11,6,4,4,17,1,14,8,7,3,2,26,18,10,11,2,0,0,14,12,3,21,12,12,1,0,8,4,60,4,3,4,5,5,17,4,28,25,2,13,6,10,4,24,13,5,3,2,29,1,14,0,3,9,1,5,6,23,1,9,1,13,7,0,1,4,22,28,25,18,4,28,1,2,3,1,2,23,4,23,0,5,14,1,6,24,2,1,1,5,3,12,13,6,55,1,12,5,18,15,9,4,4,1,2,22,3,2,9,1,2,41,23,10,2,3,0,3,0,4,0,4,13,0,0,12,5,8,4,5,2,1,3,3,1,13,2,30,1,15,0,1,6,10,0,2,20,5,17,13,7,2,2,23,3,22,6,3,3,7,9,1,5,13,0,4,2,7,3,8,0,2,0,5,0,26,26,6,13,2,5,1,1,3,21,70,6,2,15,10,10,2,3,4,14,18,3,4,19,4,2,1,4,0,7,2,0,4,21,3,29,10,3,5,46,6,0,6,3,2,3,6,1,15,17,1,20,1,4,7,16,3,2,6,4,4,12,13,0,3,0,6,4,4,24,7,0,20,9,7,10,12,2,5,1,3,23,11,1,5,2,2,26,11,15,2,9,3,2,0,23,20,9,17,11,2,32,4,6,4,4,4,6,3,25,23,31,2,3,5,2,12,0,10,14,16,3,5,1,5,6,32,12,1,0,3,9,21,1,10,12,1,1,1,9,12,7,14,14
"1",17,4,1,0,20,0,13,24,9,5,0,27,19,6,15,4,4,1,10,27,1,22,19,19,0,1,12,5,59,2,1,5,2,6,18,3,25,31,3,8,1,1,2,20,17,4,2,6,25,1,29,2,3,11,6,3,1,19,2,8,1,6,3,0,0,5,25,15,31,28,4,26,0,4,7,4,4,9,9,26,9,8,15,1,5,24,1,1,3,9,3,14,7,10,33,1,8,0,20,25,7,5,9,1,4,19,1,1,14,3,0,32,22,5,2,1,1,2,4,1,0,4,11,1,1,17,7,7,5,4,2,0,1,9,1,10,0,22,2,35,0,3,10,12,0,2,12,6,15,13,7,1,1,21,4,16,3,3,2,2,11,2,10,12,2,5,3,8,8,8,2,2,1,7,0,27,12,1,18,2,0,0,1,4,24,60,3,4,19,11,10,0,8,3,18,19,0,3,23,3,1,2,2,2,15,0,0,5,27,18,28,13,0,2,43,4,2,8,6,2,8,4,0,23,20,1,11,2,2,11,22,4,0,0,0,11,20,9,0,1,3,1,3,4,24,6,0,13,7,7,6,16,6,5,9,1,38,15,2,5,0,0,24,3,17,7,4,2,14,0,23,32,19,25,9,3,17,1,5,1,2,13,6,9,24,18,38,5,4,5,3,7,1,12,13,21,1,3,7,3,3,22,7,2,0,1,12,14,0,15,17,0,0,0,11,4,8,12,10
"1",10,3,1,2,28,0,19,25,12,3,1,26,16,3,20,5,6,1,19,19,5,29,14,22,1,1,10,4,64,6,3,6,1,12,14,0,22,26,6,10,1,3,5,17,9,2,3,4,23,1,20,2,1,6,0,8,2,31,2,6,1,21,4,2,0,5,25,23,21,23,0,26,0,2,6,0,1,10,13,25,3,7,6,1,6,20,1,2,0,10,4,12,13,6,44,1,9,0,19,13,15,4,9,2,3,20,0,1,9,2,1,31,13,8,2,2,1,2,2,3,2,4,5,1,5,18,4,8,4,4,2,0,5,18,0,4,0,16,1,30,0,0,8,6,1,1,17,6,8,7,20,2,2,20,3,18,2,3,2,4,4,5,5,14,1,4,3,13,3,5,0,7,0,6,0,32,22,0,28,1,1,0,2,4,25,56,1,4,19,8,2,0,3,3,13,17,1,3,21,1,3,1,6,1,11,4,1,1,16,12,28,11,5,3,46,1,7,7,3,2,10,3,1,29,31,1,15,5,2,14,28,4,3,2,1,19,19,9,0,5,2,1,9,7,19,11,0,16,19,8,1,8,2,2,9,1,28,8,1,3,3,1,36,2,17,1,6,1,5,0,30,21,21,19,14,1,25,2,12,1,3,5,5,5,26,18,49,2,2,4,1,5,3,4,26,23,3,8,3,0,6,32,22,1,1,3,12,14,1,21,15,1,0,1,5,5,5,12,17
"1",19,2,1,4,26,0,13,11,8,2,2,16,19,4,12,1,7,0,11,23,1,16,13,25,0,1,13,7,32,7,0,11,0,11,19,1,22,27,2,15,3,6,5,27,13,5,1,8,26,4,20,1,0,5,7,5,3,21,2,10,3,11,4,0,2,3,22,23,23,26,1,26,0,5,10,0,4,8,7,18,6,7,10,3,2,21,3,3,0,12,1,8,11,5,44,2,6,2,17,15,11,3,10,0,1,20,2,1,14,4,0,42,15,7,1,3,0,7,4,0,3,7,7,1,3,13,4,5,9,7,2,1,3,12,0,13,4,22,2,21,2,2,7,9,2,1,20,5,12,4,10,2,2,24,6,27,3,5,4,5,5,5,7,9,1,4,3,3,3,5,0,2,0,3,0,26,28,2,16,1,0,0,4,1,39,59,3,6,11,12,5,0,2,3,19,14,0,2,19,3,3,5,7,0,11,3,0,7,22,9,23,15,5,0,33,0,9,4,0,3,15,2,1,11,19,1,19,2,1,8,13,6,4,1,0,15,16,11,0,1,0,4,5,4,34,9,1,9,10,9,4,5,9,3,5,1,23,11,1,4,2,1,38,2,21,2,8,2,4,1,15,37,17,12,12,0,24,4,6,0,9,1,3,11,31,24,29,7,5,5,2,8,1,10,17,21,3,4,1,4,2,20,15,0,2,4,14,20,0,16,19,2,2,1,7,7,15,9,13
"1",20,1,4,3,24,0,9,17,7,0,3,34,17,3,12,4,6,0,14,25,2,20,13,22,1,1,9,8,56,3,0,6,2,1,20,0,22,25,4,6,2,2,1,29,10,10,1,1,27,5,19,2,3,11,3,0,1,25,5,3,0,13,1,1,1,8,9,26,25,27,3,22,4,1,6,0,0,9,8,10,6,10,5,0,6,23,2,5,4,19,1,9,11,3,47,1,8,3,18,16,11,4,11,1,2,27,2,1,10,1,1,38,24,6,1,3,3,2,4,0,0,5,8,1,3,17,7,3,9,3,9,1,5,13,1,18,2,18,1,21,0,2,4,10,2,2,16,5,13,9,16,4,1,16,5,27,1,4,5,3,8,0,3,13,2,1,0,7,1,5,0,1,0,5,2,23,15,2,13,0,3,0,6,3,22,71,3,8,12,10,5,4,3,4,14,10,0,3,30,7,2,1,3,0,10,4,0,4,26,13,22,13,2,0,40,0,6,4,3,2,10,4,1,16,19,4,24,0,8,11,18,2,4,6,0,13,11,8,1,1,0,3,1,4,20,3,2,16,7,1,2,14,7,4,4,0,26,12,2,5,1,0,39,2,11,5,10,2,5,0,23,38,22,10,10,0,18,2,4,0,4,4,4,3,18,12,26,2,2,5,2,7,4,13,13,20,1,6,4,7,5,42,9,0,2,1,10,25,3,15,19,0,0,1,6,10,15,10,13
"1",18,5,2,2,15,2,13,10,9,3,0,29,18,2,12,1,8,1,7,22,2,16,19,13,2,0,8,4,53,1,1,7,8,7,21,2,30,33,1,10,4,3,2,21,13,5,2,5,27,0,18,0,0,10,1,4,2,25,1,7,1,22,2,2,2,2,10,22,27,27,0,23,1,2,2,1,2,19,8,16,7,9,7,0,4,26,1,16,7,9,2,16,9,6,42,3,6,3,12,16,13,6,6,0,2,30,3,1,11,4,0,46,19,7,1,1,2,9,8,3,1,6,19,3,3,14,4,14,6,6,5,1,0,4,1,13,1,24,1,20,3,4,4,7,1,0,20,9,8,22,4,5,0,27,7,20,10,9,4,4,8,0,8,7,2,1,6,6,4,7,0,9,1,7,0,30,17,5,24,0,0,2,1,1,22,53,3,4,16,13,2,8,3,2,13,17,1,2,19,6,3,3,5,0,12,1,0,3,20,8,24,18,4,2,52,0,2,5,5,3,9,4,0,19,24,1,21,3,4,9,21,5,2,2,2,7,10,7,0,3,0,2,3,15,16,12,0,15,18,5,2,7,10,7,2,3,28,8,2,3,2,0,43,6,17,6,7,2,9,0,23,24,17,17,12,3,16,7,15,1,6,4,5,5,20,17,50,1,4,9,1,5,0,6,3,14,5,5,6,4,3,23,19,4,0,3,19,17,0,9,12,0,2,3,7,17,11,8,25
"1",20,5,3,7,24,0,21,10,3,4,0,16,17,5,9,0,3,0,10,10,1,27,14,19,2,0,13,5,37,5,0,3,3,8,17,1,31,35,2,9,0,8,2,12,9,4,0,4,35,2,28,1,2,4,3,3,0,23,4,8,0,13,2,1,0,7,21,31,34,26,1,34,2,4,2,1,0,21,15,15,8,8,8,0,12,19,0,5,5,8,3,11,15,16,28,0,3,2,20,23,17,1,5,0,1,32,2,0,12,2,0,37,29,10,0,5,1,2,5,2,0,4,9,0,3,15,6,7,11,5,4,0,5,24,2,11,1,15,0,23,0,4,2,15,1,0,20,3,15,10,15,0,4,22,8,31,2,3,1,5,9,0,3,7,0,4,3,13,2,6,0,3,3,2,0,19,22,5,27,0,0,0,0,0,26,51,3,10,22,11,6,3,7,2,13,21,1,1,10,4,2,1,2,1,9,4,0,4,21,11,28,15,2,4,57,1,1,8,2,3,8,2,3,16,20,1,24,2,5,12,18,7,4,4,0,8,19,8,1,3,0,0,4,2,32,2,0,15,7,7,1,4,4,2,5,0,18,5,2,3,8,0,27,4,17,3,8,2,10,0,23,28,17,16,17,0,13,1,7,2,4,2,6,7,30,8,40,4,0,6,0,5,1,8,10,19,4,8,5,4,3,21,11,1,0,2,20,10,1,20,22,3,0,2,3,7,7,13,17
"1",15,5,0,7,22,0,17,24,3,6,1,24,18,2,15,0,2,0,11,28,3,17,15,21,2,1,11,7,42,2,2,7,2,11,17,0,32,32,1,14,0,5,2,22,20,8,2,7,38,1,15,1,3,7,0,4,0,22,3,9,1,8,3,1,3,6,16,36,21,35,3,18,2,2,5,0,1,12,9,17,10,5,6,1,11,19,3,4,1,11,1,12,19,14,44,0,11,7,19,15,8,14,2,2,1,33,1,0,6,0,2,29,23,6,1,1,1,3,4,1,0,2,8,1,3,15,4,17,8,5,1,1,4,17,0,3,0,28,0,31,3,6,2,17,2,1,18,2,9,20,13,1,4,24,9,13,3,3,1,5,6,2,12,15,1,1,7,4,1,6,0,6,0,4,0,26,19,4,19,3,0,0,9,3,24,53,0,6,21,11,4,4,5,5,22,26,3,0,15,6,2,1,3,1,18,1,1,6,16,11,22,13,2,1,45,1,5,3,3,3,7,4,0,13,16,3,21,0,9,8,29,0,3,2,3,10,15,3,0,4,2,0,6,6,23,8,0,14,14,8,3,3,4,4,8,1,18,10,0,4,3,1,25,5,17,3,8,0,12,0,17,32,28,16,10,1,16,6,3,2,13,11,6,9,36,23,37,1,3,5,2,5,3,14,8,17,3,4,4,2,5,21,17,0,1,0,21,16,0,16,21,3,1,3,0,12,5,5,23
"1",8,6,0,4,23,0,23,12,6,4,2,31,8,5,9,3,4,1,18,19,4,31,24,21,3,0,7,2,38,2,1,7,3,11,14,1,20,19,3,15,1,2,4,19,11,8,2,8,31,2,19,2,1,9,7,5,0,23,2,12,3,11,6,1,1,8,16,26,15,21,1,43,1,4,6,2,1,15,10,20,8,10,10,1,12,18,4,1,4,2,2,19,14,4,39,2,7,4,27,9,5,6,9,1,0,22,2,2,6,1,0,29,16,7,3,2,1,7,4,1,1,10,4,1,0,12,10,14,6,6,2,1,1,19,1,16,2,20,1,25,1,2,5,13,2,0,18,5,15,14,9,2,1,16,5,21,1,5,3,3,8,2,4,13,3,0,2,6,1,3,0,9,0,11,2,23,17,4,15,0,0,0,3,1,26,57,4,14,8,5,5,10,10,4,23,28,2,2,21,5,0,5,4,0,5,0,0,4,13,8,36,9,2,2,49,1,2,2,3,5,6,7,2,34,22,0,21,0,2,7,13,3,11,3,1,10,11,8,0,7,0,0,2,3,13,5,0,13,12,8,4,9,5,2,8,0,24,12,2,5,3,0,41,5,17,2,10,1,16,4,38,20,16,14,7,2,20,4,8,6,4,7,5,10,24,23,40,0,5,10,4,6,1,5,12,24,5,9,9,7,5,36,12,3,2,1,25,20,0,33,17,5,0,0,7,11,8,6,15
"1",9,2,0,4,22,1,14,13,4,7,3,26,18,1,8,7,5,0,15,27,5,19,15,16,3,1,10,4,54,4,5,1,1,7,21,0,25,18,1,20,2,2,5,26,16,5,3,6,33,0,20,1,2,11,2,3,1,28,5,17,0,12,2,1,0,5,14,22,23,18,4,41,0,1,10,1,3,16,10,15,6,7,8,2,10,25,2,2,0,12,2,12,12,6,32,0,14,1,17,20,12,1,11,1,1,17,4,0,22,1,1,36,22,9,2,3,0,6,2,0,3,1,7,1,4,16,1,5,8,3,0,1,2,9,0,12,1,27,0,14,3,1,3,14,2,1,14,16,15,16,5,5,1,22,6,33,3,2,4,5,4,0,5,8,1,3,5,13,0,4,0,7,3,6,2,26,24,8,13,0,0,0,5,4,17,52,2,5,11,6,4,3,0,1,13,21,1,1,18,7,1,4,3,0,9,4,1,7,18,2,38,18,0,0,47,1,4,1,1,4,3,7,0,34,27,0,9,0,5,7,18,3,3,4,1,18,28,10,0,3,0,2,3,10,33,5,0,20,20,7,4,12,4,5,4,1,18,17,0,9,3,1,28,5,12,4,8,6,8,0,25,34,11,10,13,0,16,4,13,0,1,7,8,4,22,9,33,1,5,3,0,9,4,6,15,22,3,5,7,1,3,22,10,6,0,1,10,8,1,13,11,5,0,0,6,9,4,8,13
"1",14,2,3,2,17,0,18,13,8,3,2,20,17,2,16,5,8,0,15,25,3,26,17,18,2,3,5,3,55,3,0,4,5,11,22,0,23,40,3,14,1,5,2,22,15,5,0,3,21,0,15,0,4,9,1,2,1,26,3,9,2,15,3,0,2,9,12,30,20,21,0,40,1,2,1,1,0,11,8,9,4,17,11,0,11,25,0,2,0,8,1,10,11,9,44,1,9,1,26,24,9,5,11,2,1,22,4,0,16,1,2,44,24,3,1,2,0,3,4,1,0,2,8,2,0,7,2,6,6,7,1,1,2,6,0,8,3,22,0,15,1,3,11,18,6,1,29,6,9,9,13,1,3,26,4,26,2,10,8,3,8,1,4,16,1,2,1,9,2,9,1,8,6,4,0,25,15,3,26,0,2,0,2,0,27,50,1,9,16,9,8,8,1,3,17,25,2,0,25,3,0,6,8,1,5,3,0,3,18,7,45,9,2,3,54,0,8,5,1,4,7,2,0,22,28,0,14,1,5,12,14,2,2,2,2,19,17,10,0,2,0,0,3,12,16,1,1,15,7,9,6,7,6,3,5,0,27,15,4,9,3,1,42,5,13,4,7,3,6,1,33,27,12,17,9,0,20,8,9,0,11,9,9,5,33,19,42,5,2,11,1,8,2,14,13,22,4,7,1,0,3,22,8,0,5,2,6,19,0,14,19,4,0,3,6,9,8,3,15
"1",11,4,1,3,21,1,12,14,7,7,4,23,19,5,13,2,12,1,14,14,3,23,22,21,1,0,4,4,27,1,1,1,3,7,28,0,22,28,3,13,4,7,0,24,12,6,5,4,29,1,15,3,2,5,0,2,0,20,1,5,3,10,2,1,0,6,14,20,29,24,4,38,0,0,5,0,1,14,13,14,2,3,8,3,13,21,3,2,0,12,0,19,15,14,50,0,6,5,16,22,4,5,4,2,2,17,1,0,15,1,0,41,22,2,3,3,1,12,8,0,1,3,6,3,2,13,2,11,11,11,4,0,1,11,1,13,4,15,0,23,0,1,2,16,2,3,24,2,13,15,12,3,0,23,12,38,5,6,2,3,1,1,8,18,3,1,1,3,1,9,1,3,1,3,0,34,18,2,17,1,0,0,3,3,26,60,3,1,12,10,5,3,2,1,16,12,2,2,24,2,0,3,11,0,4,2,0,4,21,9,30,12,0,1,45,0,2,6,1,6,14,2,0,21,16,4,21,2,6,9,25,5,3,0,3,12,18,7,1,0,1,2,4,7,19,6,1,23,8,3,3,5,2,0,5,0,25,10,2,4,4,1,27,3,17,4,7,3,8,0,34,32,26,20,5,3,19,1,12,1,6,11,19,8,25,14,30,2,4,5,6,3,0,12,12,15,3,10,4,8,6,18,2,0,2,1,21,13,3,19,15,1,0,1,6,11,5,17,13
"1",14,3,1,3,12,1,20,7,6,3,2,25,18,10,8,1,2,0,14,26,2,36,18,15,1,0,6,6,46,4,1,4,1,12,30,3,18,21,2,18,5,11,2,21,12,4,2,7,30,3,14,4,1,7,3,7,1,20,3,7,1,21,8,3,1,2,12,25,23,34,2,19,0,3,2,0,4,13,4,26,5,10,9,0,9,28,5,4,1,9,2,19,12,9,42,0,4,4,10,10,16,5,3,0,1,35,0,0,6,0,1,24,19,2,4,0,0,5,0,1,3,4,4,1,3,15,9,6,0,5,5,1,0,14,1,16,0,21,1,29,2,5,4,6,0,2,15,14,9,15,8,3,0,19,6,21,8,3,2,2,13,0,5,10,0,3,0,3,4,10,0,6,0,8,2,41,8,3,21,0,1,0,1,2,26,52,4,4,17,7,7,2,2,5,22,21,3,2,21,2,4,3,5,1,7,4,1,2,22,9,30,11,0,0,32,1,1,5,2,2,8,6,1,21,17,1,25,0,9,8,22,2,6,0,1,15,18,8,1,4,1,1,8,4,27,3,1,9,10,1,7,9,5,2,4,3,23,15,2,4,4,2,49,7,16,4,9,0,9,0,30,38,18,12,8,2,14,4,5,1,3,5,7,6,20,12,33,0,4,4,1,9,0,8,14,21,1,8,4,2,3,23,14,1,2,4,15,13,0,15,17,1,0,1,6,12,6,15,12
"1",21,2,2,4,22,0,18,7,14,10,0,19,14,11,12,2,8,0,11,29,3,18,21,18,1,1,6,2,40,4,2,3,5,16,29,1,20,30,4,27,5,6,3,21,12,12,1,12,20,0,19,0,1,6,0,3,1,19,3,9,3,9,6,1,0,2,15,22,25,21,4,28,0,2,8,1,6,15,6,28,5,10,14,1,11,20,3,1,0,7,0,18,15,7,34,0,9,4,13,11,10,7,7,0,1,30,3,3,9,1,0,27,20,4,3,3,1,8,4,0,4,2,19,1,1,23,5,11,10,6,2,6,6,6,2,10,0,16,2,29,3,8,2,16,3,0,22,9,12,20,10,2,4,30,3,21,3,3,2,3,9,1,2,20,1,3,4,5,5,15,0,10,0,6,2,25,25,4,14,0,3,0,0,3,28,59,3,3,12,10,10,1,11,2,20,14,0,1,20,11,1,4,7,0,10,0,1,2,14,9,16,17,2,2,45,2,4,8,3,3,4,5,1,18,18,0,15,1,5,7,23,4,1,2,0,8,15,11,0,3,4,3,7,3,22,2,0,23,24,4,4,9,8,5,2,0,26,15,1,12,3,4,25,4,23,3,9,3,11,0,33,27,15,7,20,0,16,2,12,2,9,6,4,6,25,14,28,0,4,3,4,3,2,11,11,19,2,4,4,3,7,27,13,2,0,0,22,15,2,15,18,3,1,3,7,10,14,12,23
"1",15,5,1,5,17,0,13,11,10,4,1,20,18,13,11,1,8,1,8,21,4,31,16,9,2,0,12,2,56,0,2,3,6,6,16,1,31,30,2,13,5,8,2,15,22,4,0,6,29,2,11,5,3,9,1,1,3,28,2,6,3,13,2,1,3,8,18,31,23,19,4,22,0,1,5,0,4,22,12,16,10,11,6,0,14,18,5,3,2,4,0,14,8,7,38,1,6,4,21,13,14,7,11,1,2,23,3,0,18,1,1,23,24,2,5,0,0,8,3,2,1,3,12,1,5,11,10,8,8,4,0,0,1,15,0,19,3,18,2,32,2,1,3,22,2,1,19,5,7,11,7,5,0,24,6,32,8,6,6,6,11,3,10,5,0,2,4,9,5,6,1,7,0,9,0,21,16,3,13,0,1,1,4,0,29,53,3,10,15,12,7,1,4,2,13,16,4,0,15,5,2,1,2,0,10,3,0,6,31,7,38,9,4,1,58,1,1,10,1,4,10,7,0,15,16,2,20,0,1,8,28,6,3,1,2,8,22,5,1,4,0,0,4,6,33,8,1,15,20,4,3,17,6,2,3,0,33,10,2,8,5,1,37,4,10,7,5,2,7,2,36,37,20,35,9,5,18,4,3,1,3,6,12,8,24,12,32,1,3,4,2,4,4,6,18,34,2,8,8,3,3,17,18,2,2,1,15,25,0,21,17,2,0,2,7,16,15,7,19
"1",13,1,0,4,21,1,15,20,5,2,2,31,20,5,10,3,3,0,10,26,6,22,20,16,5,0,10,1,45,7,1,6,1,12,25,2,24,23,2,18,3,6,1,20,18,7,2,9,25,1,23,3,0,8,3,1,5,19,2,4,0,7,2,1,2,3,18,17,25,19,0,38,4,1,6,3,1,7,7,19,7,12,9,1,10,24,1,7,0,5,2,21,7,7,29,0,4,4,22,14,16,7,3,0,1,31,1,1,9,2,2,30,13,4,2,2,0,8,1,0,1,7,7,2,0,7,7,7,9,8,2,3,2,11,4,11,0,22,2,24,3,2,2,7,4,2,31,13,8,14,11,6,3,21,12,28,2,4,2,2,10,0,6,10,2,1,1,8,4,10,0,5,0,2,0,27,10,5,20,1,0,1,3,4,30,67,2,4,9,9,2,6,8,2,15,14,3,0,16,4,2,3,2,0,11,1,1,8,25,6,30,9,0,2,36,0,2,12,7,3,6,2,0,15,16,2,24,2,2,19,16,8,2,1,4,14,22,10,0,1,1,0,0,9,16,3,0,16,7,5,3,12,8,4,12,2,21,10,2,4,3,1,27,5,17,2,4,4,7,0,20,35,22,18,11,0,24,3,6,5,4,4,9,5,25,21,28,4,1,5,2,5,1,6,10,17,5,4,8,6,1,31,14,1,2,1,13,26,2,14,13,2,0,1,9,10,13,8,18
"1",18,4,1,5,20,0,13,13,7,4,5,29,10,6,11,2,3,0,8,26,2,22,17,10,0,0,11,10,34,3,2,9,1,10,19,2,23,34,2,10,5,7,6,20,20,8,0,1,27,3,15,1,2,11,3,2,1,21,2,15,2,11,4,1,6,4,22,33,34,26,1,30,4,6,3,1,4,16,14,21,2,13,9,5,10,15,4,2,1,8,2,7,7,9,41,1,11,7,15,15,16,2,8,2,1,24,1,1,18,2,0,28,24,4,3,5,1,10,2,1,0,1,6,0,0,11,5,4,10,7,1,0,5,10,3,10,0,17,0,23,0,1,1,8,0,1,21,9,3,17,13,4,1,23,9,31,4,4,1,5,12,1,5,8,0,3,3,13,4,6,0,4,1,3,0,28,25,4,19,0,0,1,1,3,21,52,12,8,10,10,5,6,6,3,18,15,0,2,32,7,1,3,3,0,9,7,0,6,22,8,22,8,0,5,45,3,1,6,6,5,7,1,1,18,17,1,15,0,9,10,22,4,6,2,2,10,13,8,1,5,2,1,3,14,14,4,0,14,6,3,2,7,4,2,5,1,21,12,2,6,3,2,20,6,9,2,20,3,2,1,23,38,29,14,8,1,15,3,7,6,11,11,7,6,16,18,37,0,3,11,1,4,0,6,14,21,3,3,1,3,1,24,8,2,0,3,16,18,0,23,19,1,0,6,5,14,19,9,16
"1",5,3,0,3,16,1,12,18,13,4,3,25,29,0,15,3,8,0,9,22,4,23,25,18,1,0,8,7,46,2,4,5,0,2,23,2,33,47,0,10,2,4,1,20,17,8,3,7,26,5,22,1,1,11,1,2,2,20,7,13,4,9,4,1,2,2,18,36,26,20,1,25,0,3,7,0,1,10,8,12,7,3,9,1,9,17,1,3,2,7,3,14,15,11,44,1,4,2,18,19,5,1,8,5,2,28,2,0,13,2,0,32,31,3,2,1,0,4,1,2,1,1,14,1,2,18,6,9,6,3,2,1,2,9,1,22,1,16,0,21,6,4,4,14,2,1,23,6,12,12,9,2,2,27,20,27,0,0,3,3,11,0,2,5,0,2,0,11,3,12,0,8,0,0,0,27,23,2,12,2,1,0,2,3,19,63,1,7,18,5,10,0,9,5,9,24,1,0,18,4,2,2,4,0,5,5,1,1,18,9,25,7,0,1,30,1,4,2,1,5,11,2,1,12,17,1,11,1,3,1,22,3,0,2,2,7,14,7,0,3,4,2,2,5,29,8,0,25,12,7,1,9,7,5,7,2,21,15,1,8,2,1,34,8,24,0,10,4,5,1,28,19,20,26,15,0,19,4,6,3,7,6,5,4,23,26,44,3,6,7,1,4,2,7,14,26,1,3,3,4,0,24,17,6,0,1,10,17,1,19,20,1,0,2,7,8,12,4,15
"1",13,4,2,6,27,0,21,12,5,3,2,16,19,4,16,1,8,2,17,22,3,39,20,11,3,0,6,5,41,2,4,8,0,5,17,4,21,32,5,9,3,3,3,17,12,11,3,10,40,1,27,2,3,16,0,2,0,28,1,5,2,4,4,0,4,3,22,23,31,19,2,43,4,0,9,1,1,14,14,12,8,5,5,0,11,20,1,4,3,4,3,13,9,12,31,0,11,7,14,15,11,2,4,1,1,29,4,2,8,0,1,30,19,13,1,3,1,7,0,0,2,3,5,0,1,13,6,8,6,5,1,1,2,7,1,13,4,25,1,26,5,7,2,6,6,1,17,9,10,10,13,2,1,18,8,19,4,4,0,3,5,3,8,9,3,4,5,6,5,7,0,1,2,4,1,33,20,3,13,1,1,1,5,0,27,58,2,7,10,9,4,4,7,3,10,17,1,1,15,6,2,3,6,1,15,1,1,3,18,9,30,13,4,3,41,0,3,10,2,5,9,5,0,26,21,1,12,1,5,9,20,2,2,1,0,10,23,8,0,3,1,0,3,5,28,5,0,23,10,12,9,10,8,2,6,3,25,15,0,2,0,0,29,5,15,1,7,0,2,0,21,31,14,15,13,2,16,8,4,3,6,4,4,4,23,16,41,2,0,4,0,2,2,7,16,26,6,2,2,3,4,18,17,4,1,1,18,22,0,18,15,2,0,3,6,14,9,14,18
"1",20,4,1,6,30,1,10,17,12,6,0,32,18,3,8,5,3,2,15,21,2,21,17,18,0,0,8,8,45,8,4,1,0,8,16,3,20,14,2,8,2,2,2,20,17,9,1,10,24,0,20,1,1,9,1,4,1,28,3,4,2,13,3,1,6,1,13,38,17,20,2,22,5,6,1,0,1,13,15,22,3,7,6,1,7,15,2,3,2,4,0,17,6,8,25,1,10,3,18,12,21,1,6,1,2,21,4,1,12,6,1,35,21,12,0,2,0,11,8,1,0,1,15,1,3,11,7,7,5,7,4,1,1,7,0,12,1,15,0,17,3,7,2,11,3,4,21,11,7,7,16,3,1,15,14,21,2,5,1,3,3,4,4,9,2,4,5,9,5,8,0,8,1,4,1,28,9,6,33,0,0,0,1,4,34,58,2,9,17,7,4,2,2,1,15,18,0,1,18,5,5,3,4,0,16,0,0,4,23,8,27,12,2,0,49,0,6,1,3,7,8,11,0,16,20,0,17,1,2,5,20,5,0,0,5,5,24,11,0,3,2,4,3,10,23,4,0,18,10,6,6,18,6,4,5,2,18,10,0,9,1,3,31,11,16,1,6,1,14,0,33,29,25,21,21,1,21,1,1,0,6,8,5,12,19,19,45,0,2,7,5,12,2,11,11,31,0,3,2,2,1,28,14,0,1,1,13,17,2,15,22,2,2,2,7,6,12,11,19
"1",10,8,4,5,23,0,17,16,8,2,3,30,22,3,8,5,8,0,14,9,2,23,19,19,0,1,6,2,56,2,1,9,3,5,25,0,22,24,1,15,0,5,4,28,14,7,1,8,29,4,28,1,2,10,3,4,1,27,6,8,0,15,4,0,0,4,21,19,20,30,4,38,0,2,9,0,2,4,6,19,8,4,9,0,9,16,2,6,1,8,3,8,12,6,48,0,2,2,21,12,17,2,7,0,3,40,0,2,8,1,0,43,18,13,1,1,0,5,2,0,0,2,17,1,1,16,3,5,4,8,0,1,4,17,1,4,0,18,1,29,2,9,5,18,2,0,28,1,7,7,7,2,4,25,8,26,2,6,3,4,7,1,1,16,1,1,6,10,5,6,2,3,3,1,1,34,25,1,15,0,0,0,4,5,27,57,4,9,14,2,8,3,4,2,13,13,1,0,12,3,4,2,4,0,5,0,1,5,19,11,25,9,1,2,45,0,1,3,2,4,19,5,0,19,19,0,12,3,4,7,15,9,2,2,1,7,17,6,3,0,2,0,3,3,15,5,3,16,9,10,4,7,2,1,6,3,22,13,1,9,2,1,43,9,13,0,7,3,14,2,26,31,25,23,6,2,20,1,5,3,7,6,3,4,23,21,31,2,2,7,0,1,2,3,13,28,2,9,7,2,2,27,12,0,0,2,8,11,0,25,20,1,0,0,4,7,9,10,16
"1",25,3,2,2,13,2,9,11,4,6,1,21,14,7,17,5,2,0,12,20,2,17,18,13,3,2,10,4,64,1,3,9,0,5,15,1,22,30,2,11,5,6,6,22,18,4,1,5,27,7,27,1,2,4,0,4,6,32,3,12,1,14,3,1,0,4,21,27,28,23,2,35,2,3,2,3,2,9,9,27,8,9,9,0,9,17,2,3,1,10,1,15,16,11,45,2,8,7,17,14,5,1,8,1,0,29,4,2,19,2,0,32,23,9,2,1,0,4,2,3,1,4,9,0,1,17,5,9,9,6,1,2,6,13,1,12,5,21,0,21,4,6,3,12,4,0,24,7,5,26,13,3,3,17,8,16,2,9,2,4,10,0,5,10,1,1,3,3,1,11,1,5,3,2,0,20,25,4,16,1,1,0,2,2,31,58,7,7,19,12,4,2,7,1,11,11,1,3,23,3,5,2,3,0,13,0,0,4,27,7,29,20,3,0,55,2,4,10,2,1,10,1,1,18,21,1,17,3,6,8,29,4,5,3,3,15,19,15,2,5,2,2,8,12,22,7,0,13,11,9,3,11,8,3,5,1,37,4,3,3,1,2,23,3,24,0,8,3,6,0,24,34,22,21,14,4,9,0,7,0,5,7,7,5,19,23,38,1,5,3,1,5,3,2,24,27,3,12,3,1,5,11,20,2,1,2,16,23,1,27,19,1,1,2,4,14,8,9,18
"1",21,9,2,8,21,0,15,7,9,6,0,32,14,5,12,0,8,0,17,29,3,30,13,9,1,1,7,1,61,0,1,12,2,8,30,0,30,25,3,13,2,3,1,15,16,10,0,6,27,4,17,1,1,11,6,1,5,19,2,3,1,13,0,2,1,3,16,26,18,30,1,33,4,1,8,0,1,16,4,9,10,9,3,1,6,15,1,0,1,11,2,12,12,12,49,0,9,2,15,18,15,5,7,4,5,34,1,2,9,1,0,31,30,4,5,2,0,5,4,0,1,2,11,1,0,19,6,6,6,1,3,0,6,6,0,10,1,18,0,27,1,0,2,16,1,1,25,8,7,8,10,0,2,29,5,17,3,4,4,4,12,0,12,9,4,6,4,9,3,6,0,9,1,1,0,28,29,1,24,0,1,1,2,2,33,53,10,8,15,4,5,4,3,5,17,15,0,4,21,5,1,4,13,0,9,5,1,2,24,8,25,9,2,1,35,1,6,5,1,4,6,2,2,24,16,0,11,3,14,13,25,4,1,9,2,9,15,5,0,4,0,1,6,2,13,4,0,16,10,7,4,6,0,3,4,1,23,14,1,5,2,0,36,3,16,8,5,0,10,2,26,36,19,10,15,3,18,3,12,2,3,10,7,6,19,19,29,1,5,6,2,10,0,9,23,26,1,5,1,4,4,16,8,1,3,2,21,9,3,15,19,3,1,2,9,13,14,8,12
"1",23,9,0,7,18,0,9,6,10,5,2,23,25,7,13,2,4,0,7,23,0,31,16,19,0,0,4,3,56,3,1,4,3,14,24,0,25,19,4,7,1,5,4,35,14,3,4,7,34,2,21,4,0,11,2,2,0,23,4,5,0,9,4,0,1,4,14,33,24,30,4,40,1,1,7,3,2,3,13,23,6,6,8,1,13,20,4,1,3,9,5,10,13,8,33,0,3,4,19,13,8,3,7,0,3,20,1,0,9,0,0,31,17,6,3,1,3,9,1,1,1,7,5,2,0,19,6,5,6,5,3,0,8,8,0,13,1,13,1,17,0,1,6,8,2,2,19,5,13,9,4,1,0,31,0,22,4,4,5,4,6,3,4,6,1,3,2,10,7,2,1,10,0,1,1,16,16,3,18,1,0,0,3,1,30,43,2,7,13,10,6,2,0,1,10,12,2,2,15,8,5,3,5,0,5,2,0,4,19,4,20,10,2,2,28,0,2,4,3,6,15,2,0,21,16,1,17,5,2,9,22,2,3,1,1,16,16,13,0,3,2,4,4,8,22,7,2,16,13,8,3,7,7,1,6,1,24,6,3,7,5,0,16,9,20,3,10,1,10,0,24,35,24,25,8,1,15,2,10,1,7,6,10,6,23,19,45,3,1,5,1,6,8,7,10,25,4,4,4,3,2,26,11,0,1,0,4,12,1,15,16,1,0,2,6,14,22,8,10
"1",15,0,1,5,20,2,18,13,1,3,1,24,23,4,6,5,9,1,17,20,3,33,22,20,2,0,13,9,49,4,0,4,0,6,26,1,17,26,5,23,0,5,3,9,12,5,5,0,27,2,20,1,1,5,0,2,1,26,2,12,5,8,1,2,2,1,23,31,26,27,0,33,0,1,10,0,0,13,10,10,5,6,15,2,9,17,3,3,2,7,2,7,9,10,54,0,10,4,24,18,10,3,2,1,4,23,0,2,13,1,0,34,17,6,4,4,0,9,6,3,1,1,10,0,2,10,16,4,5,7,4,0,8,13,0,18,2,37,0,28,1,2,5,15,6,2,17,7,8,11,8,3,2,25,6,22,2,6,2,2,7,2,3,15,2,1,2,4,8,11,0,5,1,0,0,29,15,3,15,1,1,0,6,0,17,70,6,12,9,9,8,3,9,7,15,11,1,2,24,6,1,1,8,2,7,0,1,2,29,7,26,13,2,2,51,0,3,7,1,2,12,7,0,24,18,1,12,1,0,10,27,4,2,2,0,12,22,5,3,2,1,2,4,10,23,4,0,19,9,11,3,8,8,3,5,0,25,12,2,7,4,1,35,3,11,5,12,3,11,0,24,28,19,16,17,4,7,3,4,0,2,9,12,4,33,23,37,1,8,7,3,6,0,10,22,16,6,2,4,3,5,23,25,1,0,2,11,20,0,12,16,2,0,1,8,9,11,18,17
"1",18,4,2,3,21,2,21,12,8,2,1,30,22,3,12,0,7,0,13,22,0,31,9,14,1,1,4,5,53,7,2,2,2,12,17,1,27,33,4,16,0,4,2,25,12,7,5,10,31,3,21,3,2,8,0,7,1,24,3,4,4,19,2,1,1,7,13,20,31,26,3,22,2,2,13,2,2,8,11,19,6,11,10,5,17,27,3,0,0,15,1,9,17,8,51,0,10,0,20,7,7,5,8,2,4,22,0,0,16,2,0,34,23,5,3,1,0,8,1,2,3,1,9,1,4,27,9,3,6,7,0,1,3,13,0,10,1,19,2,26,0,2,2,13,2,2,20,7,13,23,7,2,0,29,7,22,4,8,3,5,9,2,2,13,0,3,4,13,10,2,0,9,2,0,1,38,19,10,24,0,1,0,2,5,25,44,2,4,10,14,4,3,6,2,23,17,1,0,19,12,2,8,4,0,8,1,0,4,18,4,42,8,5,4,46,1,2,0,6,2,7,2,0,18,29,3,12,1,2,5,26,2,1,2,5,12,12,5,0,5,1,2,6,10,26,3,0,24,10,7,5,6,8,0,7,4,32,11,2,6,0,1,23,3,19,1,5,1,3,0,31,38,28,22,7,4,17,8,4,1,10,6,11,4,28,14,33,1,3,3,0,5,3,7,9,21,4,3,2,6,2,16,6,6,0,1,8,28,3,18,16,1,1,2,6,10,14,9,18
"1",14,2,0,4,22,1,16,12,6,2,0,23,18,5,11,6,6,0,7,30,2,22,13,24,0,3,8,2,51,0,2,4,1,5,17,0,23,22,3,19,0,2,3,16,10,9,1,9,34,2,19,1,4,11,5,4,2,15,2,13,4,12,1,1,1,5,16,26,15,23,6,40,2,0,13,1,1,10,14,17,6,6,9,0,10,13,3,2,2,13,2,17,22,11,40,1,7,8,11,11,9,2,9,4,1,26,1,0,9,4,1,39,16,11,1,1,3,10,4,3,3,0,4,2,0,8,15,5,11,6,3,3,4,9,2,7,1,23,1,24,0,2,3,17,3,1,14,9,8,11,4,2,0,26,7,20,5,9,1,1,12,2,13,12,2,7,2,13,4,5,0,10,0,2,1,28,21,4,22,0,0,0,0,4,20,55,8,4,16,11,6,4,11,5,9,17,0,2,36,7,0,3,3,0,13,4,2,4,23,9,19,12,0,2,33,1,2,5,8,3,8,4,0,29,21,0,19,5,4,7,19,3,1,0,1,16,21,13,0,4,1,1,5,6,13,6,0,14,14,4,4,4,6,8,6,1,27,8,2,5,1,1,21,2,13,1,9,2,2,1,35,35,21,19,6,1,13,4,8,3,4,15,8,7,36,12,38,0,0,8,1,6,2,14,22,36,2,1,3,5,1,22,20,2,2,0,12,16,2,17,19,4,0,1,5,13,8,6,11
"1",16,8,1,1,17,1,10,11,4,1,3,26,15,8,10,3,8,1,13,31,3,28,22,15,0,3,6,4,66,3,4,5,2,12,18,0,25,21,4,8,3,2,0,18,15,9,3,7,15,3,14,1,3,13,9,4,0,19,1,8,4,12,0,0,5,4,9,38,19,22,2,51,0,1,9,2,3,10,10,14,6,0,11,2,4,18,4,3,3,7,5,11,10,11,44,0,11,5,11,16,11,3,4,0,2,20,0,0,7,1,0,29,19,3,1,1,2,12,2,1,1,7,13,0,3,11,12,10,7,1,2,1,1,14,3,7,1,26,1,29,2,5,3,8,6,2,13,6,18,5,12,4,7,17,6,22,1,4,0,1,4,1,7,9,1,3,2,9,7,7,1,7,2,5,1,25,16,7,26,0,1,0,0,2,22,74,6,9,13,10,10,2,2,1,6,17,0,2,24,3,6,7,13,0,12,6,1,3,11,6,28,10,6,1,44,1,3,9,4,5,10,1,2,14,23,1,12,3,4,8,16,9,1,3,1,12,21,12,0,1,1,0,3,3,15,6,1,15,14,6,1,6,13,4,4,2,30,10,2,4,5,3,36,3,6,1,7,2,9,2,28,39,18,14,13,3,13,2,6,1,8,5,9,5,18,11,36,2,3,5,1,6,0,8,21,19,3,7,1,8,1,30,6,0,0,3,12,17,0,23,22,2,1,2,10,6,5,7,12
"1",17,4,0,6,27,0,27,18,7,0,2,28,19,3,20,0,6,2,15,25,2,24,21,8,0,0,8,2,58,1,1,5,5,8,22,4,19,28,6,14,2,2,4,28,13,1,2,8,32,5,25,0,2,3,7,6,1,26,1,9,0,19,4,1,0,2,26,41,28,32,1,34,1,2,3,0,1,20,8,17,2,2,11,1,10,17,1,1,4,8,3,16,8,17,43,1,6,4,13,13,7,4,8,3,3,25,1,2,12,0,1,25,24,6,2,3,0,12,0,1,0,2,13,0,1,11,10,9,3,2,0,2,3,3,2,11,1,26,0,28,6,4,9,11,4,1,24,3,7,11,8,6,3,25,9,19,3,8,3,5,6,2,10,5,5,5,2,2,1,2,0,11,1,7,0,23,28,1,20,0,0,0,7,2,27,55,7,13,16,6,7,6,7,3,8,15,2,1,23,3,0,0,6,0,8,3,0,7,15,9,30,16,2,3,34,0,1,3,2,3,8,2,3,15,25,1,10,1,3,6,16,3,6,0,0,11,14,11,0,3,2,1,1,4,23,4,0,23,11,7,0,6,5,9,6,1,27,9,2,10,5,2,32,9,24,6,9,2,3,1,34,31,19,15,17,1,28,3,5,3,6,7,8,6,28,12,33,1,3,8,4,4,1,6,8,27,2,11,5,3,0,25,11,2,1,3,17,22,0,29,14,2,1,2,9,8,12,11,16
"1",17,10,1,6,20,0,14,10,7,6,0,23,16,1,11,4,5,0,19,29,0,27,25,28,1,0,8,7,59,7,2,5,3,3,27,0,18,29,5,13,1,3,5,19,23,4,1,4,37,1,11,1,0,7,1,3,2,30,2,7,0,8,4,1,0,9,21,21,16,27,1,41,2,1,4,1,6,16,4,10,5,2,4,2,12,25,1,5,1,11,2,27,15,8,39,0,11,11,13,19,3,3,10,1,2,29,9,1,17,1,0,33,12,4,3,4,1,4,2,1,2,1,12,2,3,11,0,9,10,5,4,1,2,15,1,13,5,24,1,16,0,4,2,8,1,0,20,7,15,18,7,1,2,19,7,26,5,4,4,5,9,0,5,10,2,2,2,12,2,3,1,7,0,3,0,23,27,1,17,0,0,0,4,3,33,66,1,1,16,7,7,2,7,4,15,17,3,1,17,8,5,2,4,0,3,4,0,2,29,7,28,13,2,3,49,0,5,6,4,6,13,1,0,22,12,1,14,1,1,8,29,2,2,0,1,12,15,9,3,5,0,1,5,4,17,4,0,17,8,4,7,4,7,5,10,0,31,10,3,9,2,4,33,4,11,2,1,3,6,0,35,44,14,17,11,3,14,7,7,1,5,5,6,6,27,19,33,0,3,6,2,7,2,11,14,20,4,4,8,0,6,16,8,1,0,0,7,13,1,24,20,1,0,2,5,18,13,19,6
"1",20,4,0,6,21,1,20,10,11,6,0,22,16,2,12,3,1,1,17,29,0,32,25,12,1,2,6,9,50,5,0,5,1,9,21,0,17,23,10,19,8,4,1,28,9,7,1,13,29,1,19,1,0,6,0,1,2,35,0,8,0,17,6,1,0,2,12,27,18,26,1,34,1,6,5,2,3,16,8,14,3,9,12,2,7,23,2,3,1,9,1,7,14,7,39,3,7,0,16,18,9,2,6,1,2,27,0,0,17,0,0,29,25,4,1,2,0,5,4,0,0,2,13,4,2,6,5,7,8,3,2,0,5,6,0,12,1,18,0,14,4,4,5,13,2,0,23,9,12,12,13,0,4,22,9,21,2,5,3,5,15,1,9,10,3,5,0,7,2,3,0,11,0,6,1,26,23,2,10,0,2,1,1,6,14,72,5,7,18,11,4,2,7,4,12,9,2,2,21,3,1,2,6,0,17,4,0,4,26,6,23,14,5,1,41,0,4,4,4,3,14,5,1,16,27,4,13,1,0,9,22,3,6,5,3,11,13,10,1,8,0,4,2,9,9,2,0,30,23,7,6,10,7,4,4,0,47,7,1,7,4,0,32,5,6,0,13,6,10,1,32,45,19,35,17,0,12,1,8,4,14,4,8,8,23,19,38,0,6,6,0,6,0,5,21,34,2,3,6,2,1,20,6,3,0,1,16,18,5,17,19,2,0,0,8,11,12,7,18
"1",21,1,1,4,23,1,14,8,15,0,1,23,21,3,7,1,5,3,10,18,6,18,20,19,2,1,11,1,49,2,1,4,1,9,25,0,27,29,10,12,3,4,2,10,17,9,5,12,29,2,16,0,2,3,1,1,2,31,1,7,3,7,0,1,1,3,10,24,24,19,1,21,1,1,5,0,5,10,8,16,7,8,14,1,11,24,3,3,4,8,2,9,12,11,43,0,6,4,23,10,10,3,9,3,3,33,2,0,10,0,0,27,17,6,1,5,1,8,5,0,0,0,8,0,2,14,6,8,9,1,4,0,4,11,7,9,3,27,0,25,0,2,6,15,5,0,18,7,12,20,2,2,2,28,2,29,4,9,2,1,7,0,4,8,1,2,4,8,2,5,0,5,2,1,0,30,23,5,17,1,1,0,5,0,25,60,3,7,17,9,7,0,2,2,10,22,1,0,11,3,2,4,3,1,11,2,1,5,16,7,29,16,5,2,36,2,4,7,5,9,11,1,1,15,16,1,20,0,3,5,27,2,2,3,3,13,23,6,0,7,2,1,2,7,30,9,0,14,9,3,5,7,6,4,5,2,12,20,2,8,4,0,27,8,13,3,8,2,5,0,33,18,16,9,13,2,27,5,6,1,6,7,3,10,23,27,40,1,3,1,1,8,2,11,18,34,0,2,3,2,1,21,14,2,0,0,10,16,3,26,9,2,0,1,20,12,19,11,13
"1",14,0,6,4,18,1,22,19,13,2,2,27,12,3,17,0,6,0,14,26,0,25,16,21,2,0,9,6,42,3,2,5,0,4,29,2,20,23,9,15,0,6,1,19,9,6,2,16,27,1,26,2,1,4,6,1,3,28,1,1,1,14,3,0,3,3,23,21,19,25,2,37,2,1,7,1,2,12,10,16,1,3,9,1,8,13,2,6,1,7,3,15,9,9,41,1,1,1,15,19,14,1,2,3,3,26,6,0,12,1,1,35,35,7,2,2,1,3,3,0,0,1,13,2,3,12,7,5,10,4,5,2,1,8,0,5,0,16,0,26,1,1,3,10,3,1,15,6,3,13,6,2,2,17,4,19,1,9,0,4,2,1,7,9,2,2,3,7,6,4,1,5,0,4,0,17,20,0,16,4,0,0,2,2,22,58,3,5,25,9,1,2,1,1,9,22,1,1,21,5,2,0,4,1,12,1,1,2,26,12,30,12,1,5,38,1,3,11,1,3,3,5,2,24,13,0,17,2,2,7,23,4,3,1,3,8,15,9,0,1,3,3,8,10,14,8,0,16,9,15,2,1,2,4,9,4,27,9,4,1,1,0,36,7,19,3,4,4,7,0,29,25,20,27,18,2,16,5,3,0,4,11,4,4,17,10,25,2,2,9,1,5,0,9,9,27,2,1,1,1,2,30,12,0,0,1,13,11,1,20,6,2,0,1,7,7,9,5,9
"1",18,2,3,2,20,0,25,12,12,0,4,37,13,3,10,1,6,0,4,22,2,44,15,16,2,0,7,7,33,2,2,7,0,4,35,1,20,35,2,12,2,2,7,17,13,3,0,14,24,2,20,1,1,6,0,3,1,23,4,5,2,8,4,1,1,5,26,21,21,30,1,30,1,2,13,0,1,12,12,19,12,6,10,3,13,22,3,2,1,12,1,15,8,8,56,1,9,2,16,17,14,1,5,5,1,23,2,2,6,4,1,30,22,8,3,3,0,2,3,0,3,8,10,1,3,13,3,8,6,3,2,0,7,7,2,12,1,20,1,18,2,2,4,16,2,0,25,7,7,11,10,3,0,27,1,28,3,2,3,3,12,0,7,15,2,2,0,12,2,3,0,8,3,5,0,25,19,2,27,1,3,0,3,2,14,53,7,11,20,5,4,5,10,3,12,10,2,0,14,5,3,6,3,0,10,3,0,6,26,6,30,8,2,1,52,0,5,9,4,5,4,6,1,21,40,4,23,0,1,2,30,2,5,4,2,9,25,6,0,4,2,2,2,5,23,9,1,20,8,11,3,4,10,2,11,3,22,13,3,3,4,0,30,3,19,5,11,3,6,0,31,30,12,22,8,3,17,4,11,3,8,5,7,12,19,17,21,0,8,5,4,4,2,5,17,25,3,3,7,3,5,43,18,0,1,4,12,14,1,17,24,1,0,3,6,5,9,4,14
"1",17,4,1,5,16,1,19,9,10,0,0,29,18,3,13,2,12,1,4,20,2,25,13,16,2,0,8,6,46,1,0,7,1,4,22,2,22,26,5,15,6,1,1,29,12,6,2,12,23,0,26,0,3,10,1,1,8,11,3,13,3,17,3,1,1,6,21,29,22,24,2,24,0,2,11,3,1,10,13,27,7,6,10,0,5,17,0,5,1,7,4,16,11,8,44,1,10,4,24,12,7,0,6,0,0,34,3,0,11,1,1,29,25,1,2,2,0,5,5,1,1,5,11,1,3,22,5,11,5,4,1,0,5,13,0,12,2,24,1,19,0,2,2,18,0,0,14,7,10,12,6,1,2,26,4,20,3,8,5,6,8,1,2,9,1,3,1,8,6,9,0,4,2,3,0,21,33,2,19,0,2,0,3,1,26,71,3,11,10,14,1,4,3,7,13,15,2,2,15,12,1,6,2,0,20,2,1,2,17,5,27,9,1,3,31,0,5,6,4,1,9,4,2,20,23,2,18,3,5,9,20,10,3,1,2,7,13,7,0,6,1,0,2,8,31,9,0,9,7,5,2,11,3,5,5,1,34,3,1,9,4,0,40,7,18,3,13,1,8,0,27,30,16,17,12,3,16,4,15,2,16,5,6,9,36,18,42,1,2,5,2,7,0,17,11,20,4,12,5,2,5,17,10,0,0,2,13,19,2,16,17,6,0,2,11,7,21,10,5
"1",14,3,0,3,15,0,19,13,14,2,0,19,14,0,16,2,9,0,6,27,1,27,18,16,1,1,7,2,63,3,2,6,1,10,20,1,17,28,1,5,3,3,3,29,14,4,3,10,32,3,26,2,6,4,4,1,4,20,1,7,0,13,7,3,1,4,19,23,26,27,5,30,2,0,9,0,3,20,6,34,9,8,11,3,11,28,2,6,1,8,4,16,5,10,27,1,3,6,23,17,7,2,12,0,2,19,4,0,17,0,0,41,11,7,1,3,0,6,4,1,1,2,18,0,3,16,7,9,11,8,0,2,7,12,3,11,0,17,1,19,0,2,3,6,1,0,11,5,10,14,3,1,0,22,6,20,3,5,2,3,8,1,10,8,1,1,2,7,5,12,0,4,0,1,0,30,24,0,13,0,3,2,0,2,23,62,3,4,16,6,4,4,6,3,9,15,0,3,27,8,1,3,3,0,9,3,0,3,16,8,32,8,1,2,39,0,3,9,4,2,14,5,0,26,25,2,26,0,3,6,28,1,6,0,3,13,22,12,1,7,3,1,4,6,20,3,0,14,7,6,2,7,1,6,9,0,27,8,1,5,0,0,47,3,13,2,6,3,7,0,19,24,28,14,13,1,23,2,8,1,2,14,10,10,15,22,29,7,4,5,0,7,4,20,13,30,2,6,6,1,6,27,10,0,3,0,13,18,0,12,22,1,0,3,8,12,19,11,11
"1",11,2,1,8,21,1,12,16,3,4,3,17,25,0,6,2,1,0,15,15,3,36,7,19,0,2,10,4,68,2,1,4,5,4,13,2,30,31,2,9,2,4,1,25,13,9,3,10,32,2,17,0,3,12,4,1,1,23,3,6,2,12,2,0,0,5,16,31,30,28,4,23,8,1,12,0,7,5,12,19,11,6,10,0,14,26,0,2,1,9,3,17,6,3,42,2,8,4,17,17,8,5,3,0,3,19,2,0,8,3,1,40,23,9,0,5,0,4,1,0,1,6,13,3,0,16,5,9,9,6,1,0,1,7,1,11,2,34,2,20,1,2,2,12,0,4,21,6,7,7,11,1,3,20,6,38,7,4,2,3,5,3,8,12,2,1,5,5,6,7,0,3,0,5,0,27,13,0,14,0,1,0,6,1,18,66,3,6,17,7,8,2,1,3,17,25,0,0,22,8,1,2,7,1,9,8,1,4,20,8,33,7,1,3,47,0,4,4,0,1,11,1,1,20,30,1,24,1,4,9,18,1,2,1,3,7,14,7,0,7,1,0,6,6,17,3,0,18,11,2,3,13,2,2,6,0,21,9,0,10,4,2,37,9,14,3,8,1,9,0,33,34,23,22,19,3,9,6,6,1,4,8,7,7,19,11,40,0,3,3,0,0,1,8,17,44,3,3,4,4,5,24,7,2,1,1,17,25,3,19,18,1,0,3,6,9,10,6,7
"1",8,2,2,2,16,2,13,11,7,1,2,26,13,2,7,3,6,1,11,20,3,19,19,13,1,1,9,7,49,5,0,2,2,12,23,3,18,30,5,29,2,10,5,21,13,6,2,9,32,1,14,2,2,3,1,2,0,33,2,8,0,10,2,0,3,3,18,17,19,24,1,41,0,5,4,4,0,20,12,9,3,7,11,1,6,28,4,0,2,5,2,18,13,2,29,0,13,2,14,17,5,1,13,0,0,37,2,1,10,5,1,30,26,3,0,4,2,10,1,1,0,2,10,0,1,16,4,8,7,3,4,1,2,10,1,13,2,18,0,27,3,1,3,6,1,0,16,7,7,19,12,3,0,24,7,16,1,5,0,3,8,1,2,9,1,2,4,10,3,5,0,3,0,1,0,24,21,1,16,1,1,0,5,2,30,69,7,5,13,6,4,1,9,1,19,17,0,2,13,1,3,5,3,0,9,2,0,3,25,4,27,14,2,1,38,1,3,3,2,3,5,4,1,16,15,3,16,1,9,13,21,7,3,3,3,16,6,11,1,3,0,2,2,9,19,4,2,10,17,5,5,6,4,5,1,1,27,3,5,6,3,0,33,4,17,2,6,3,4,2,25,24,24,19,9,4,11,0,4,2,5,3,10,5,20,10,20,3,3,7,1,5,2,11,14,23,2,3,4,1,0,16,17,1,1,0,11,24,3,17,17,1,0,0,3,9,8,8,17
"1",10,1,0,4,22,0,12,18,18,3,1,23,26,2,13,4,7,0,16,24,5,24,8,15,2,1,6,3,39,4,1,6,2,4,17,0,29,28,3,7,0,15,1,30,14,5,1,5,24,0,24,1,0,2,0,1,1,26,2,8,0,16,2,3,1,1,16,22,16,16,3,33,2,5,8,2,2,18,8,26,7,8,12,3,11,19,2,8,3,6,2,18,13,10,39,1,7,9,22,19,13,6,11,2,1,25,1,0,15,0,0,31,19,3,0,6,1,9,10,0,0,3,11,1,3,13,7,5,7,5,2,2,3,6,2,13,2,19,0,26,1,5,3,12,1,0,18,6,13,18,12,3,1,29,3,28,4,4,2,3,5,1,6,14,2,0,3,12,2,5,1,5,0,3,0,34,19,2,18,2,2,0,3,2,20,55,5,2,16,10,5,1,3,2,15,17,0,4,25,4,2,9,1,0,13,2,0,3,15,11,26,10,3,0,37,1,4,10,2,7,7,3,0,20,20,4,23,0,3,14,18,3,1,1,0,12,12,9,1,3,1,0,1,9,32,2,1,16,6,7,3,5,6,4,2,1,21,9,3,6,0,0,16,5,17,2,4,1,6,3,24,37,25,19,5,1,17,3,1,0,4,6,7,7,23,19,42,5,3,5,1,7,1,8,14,16,1,4,7,1,3,19,16,1,3,1,19,21,3,23,20,3,1,3,16,15,10,19,7
"1",18,2,1,1,22,0,19,8,3,2,3,28,14,3,16,3,7,3,16,39,3,25,11,16,1,0,5,8,42,1,0,1,3,4,20,0,19,30,6,25,1,8,7,19,12,10,3,9,26,5,14,3,1,4,0,2,3,29,2,9,0,7,1,1,4,5,12,25,32,23,0,34,0,2,8,2,2,16,10,31,9,4,1,0,8,15,2,8,3,8,2,7,9,9,43,0,10,2,12,15,7,2,6,0,0,21,0,0,12,1,0,22,26,10,0,7,1,2,1,1,0,5,12,3,3,9,9,9,0,6,1,0,0,7,0,17,2,13,0,20,1,3,8,12,0,1,25,4,10,7,6,2,2,27,10,25,0,2,2,1,7,0,11,20,2,0,1,9,2,4,0,5,1,3,0,22,11,4,24,1,2,1,4,1,30,65,5,10,14,3,11,2,0,4,15,14,1,1,20,2,1,3,5,0,14,1,0,6,17,6,28,17,2,2,41,0,1,5,3,5,6,0,0,10,24,0,18,2,5,4,20,4,5,4,2,11,17,9,1,0,1,0,5,8,25,6,1,22,8,4,3,18,15,2,6,0,16,2,1,8,2,0,34,3,14,2,12,0,5,0,18,43,14,23,7,1,19,1,11,0,4,12,4,1,15,18,43,2,2,8,2,4,2,11,18,16,4,4,2,1,6,15,16,2,0,3,11,26,1,15,18,2,1,1,11,12,9,8,6
"1",16,1,0,4,31,1,26,13,6,0,1,19,18,2,15,4,8,1,5,16,10,24,8,16,1,1,5,9,45,1,2,4,5,3,23,1,20,29,3,10,4,4,1,17,14,5,4,7,19,2,26,4,1,9,3,3,2,29,1,6,0,16,4,1,3,3,10,28,20,29,2,32,0,1,6,0,1,14,3,16,3,10,9,2,12,21,3,4,1,8,2,16,10,5,38,2,8,3,18,15,12,2,10,0,2,27,1,1,12,4,2,32,21,4,0,5,3,11,1,1,2,5,10,1,3,25,2,6,16,5,4,3,5,15,0,9,5,15,0,35,1,0,7,17,0,0,29,2,3,8,5,4,5,22,4,25,0,5,2,4,6,0,5,13,0,2,2,10,6,8,0,9,1,4,0,38,19,1,17,0,0,1,2,5,24,54,7,4,8,14,4,1,7,5,13,26,6,4,17,2,3,1,1,5,9,1,0,2,12,4,35,14,1,5,33,2,4,0,1,0,7,3,1,14,19,2,14,6,11,8,21,5,0,3,3,10,17,10,0,1,0,1,2,3,28,4,1,13,14,5,3,8,2,2,5,2,21,14,1,7,2,3,27,4,13,4,9,2,10,1,27,37,24,9,14,3,22,2,9,3,5,7,4,2,28,13,50,2,2,7,1,3,1,13,13,28,2,2,6,3,3,33,12,0,2,1,12,19,1,16,12,3,0,3,14,12,9,2,12
"1",16,1,1,3,25,0,18,17,12,2,1,32,16,6,13,1,12,0,13,21,0,30,17,12,1,0,5,5,36,6,0,6,0,2,19,2,21,27,2,16,2,5,0,27,17,6,2,8,31,1,16,1,3,7,2,3,3,21,3,9,2,15,3,0,2,0,12,17,24,28,1,38,0,1,7,1,1,21,13,17,1,4,7,0,5,16,1,1,3,11,9,18,10,8,35,2,8,3,10,15,8,4,5,1,1,20,0,2,11,2,0,31,16,5,0,1,0,6,3,2,2,4,15,2,2,8,7,9,8,3,5,3,3,15,4,11,0,17,2,32,2,5,5,12,5,1,18,7,11,6,9,4,2,28,5,28,7,3,0,6,3,1,7,7,0,1,2,17,6,12,0,7,0,2,2,35,30,5,22,0,1,0,7,2,18,65,5,4,10,8,4,5,7,1,16,10,0,2,28,4,1,5,6,1,20,0,0,2,18,8,23,12,0,2,33,1,3,2,1,1,13,2,1,29,25,1,21,3,3,5,25,2,3,0,2,7,12,8,1,2,1,1,5,6,21,3,1,26,14,9,4,6,9,5,6,1,30,9,1,9,5,0,41,3,19,2,4,2,13,1,30,26,21,21,12,4,10,6,9,2,4,10,4,5,24,22,33,1,2,6,3,6,0,10,12,24,2,1,6,5,5,27,18,2,0,3,10,26,2,22,18,1,0,0,7,17,11,12,15
"1",18,2,1,4,26,1,17,15,4,0,1,35,13,5,5,5,6,0,6,12,2,31,21,14,2,1,10,6,54,4,2,7,2,7,23,0,28,24,7,15,1,4,1,13,8,8,4,11,29,0,15,0,3,9,1,2,3,16,3,13,0,13,7,1,2,5,26,18,33,25,4,29,1,2,8,0,1,19,5,23,4,3,7,2,4,16,5,2,4,4,0,11,8,9,36,2,14,5,12,20,9,2,8,1,1,29,2,0,19,2,1,22,20,8,2,4,1,7,5,1,1,4,8,0,4,11,6,6,8,4,3,2,1,8,1,20,2,21,1,28,3,1,1,13,2,1,16,5,7,13,6,3,0,27,9,29,4,2,3,3,6,0,3,10,0,2,2,2,2,8,0,5,1,3,1,18,16,2,20,3,1,0,4,3,17,63,4,3,15,3,11,3,5,3,7,10,1,0,15,4,0,4,8,1,10,1,3,5,12,11,23,14,0,1,30,1,0,11,2,1,8,4,1,16,20,2,25,4,3,3,22,1,2,2,2,11,13,19,3,4,1,1,4,7,22,6,1,17,7,4,5,5,5,0,3,2,41,10,0,6,2,0,33,3,10,1,10,3,14,0,34,40,9,24,12,0,20,1,10,3,7,3,6,10,15,16,30,2,3,11,0,8,1,7,27,16,4,1,1,3,2,27,24,3,1,2,11,10,2,22,19,0,1,0,8,9,3,6,26
"1",7,1,0,4,14,3,21,13,9,5,2,39,16,3,8,2,3,1,11,29,5,23,13,12,2,2,15,1,40,6,2,1,3,3,13,2,25,21,3,22,1,0,3,19,14,8,1,4,19,1,11,2,4,10,0,4,1,18,2,7,2,5,3,1,5,3,13,14,17,40,0,27,2,2,3,0,1,17,9,14,8,5,8,1,8,7,4,3,3,3,2,15,9,8,29,0,8,4,19,12,13,9,9,0,1,17,3,1,17,3,1,31,16,6,3,0,0,4,3,0,0,6,10,0,7,10,3,10,9,5,2,0,2,10,0,4,1,19,1,30,3,3,3,15,2,1,28,8,7,8,10,1,4,31,5,13,3,3,7,2,5,3,4,11,1,2,3,6,11,4,0,9,1,2,0,19,20,3,17,2,0,2,4,1,24,58,4,5,9,11,5,3,0,2,11,11,2,0,9,2,3,6,5,0,4,8,1,7,16,13,27,16,1,2,37,0,2,8,2,0,19,4,0,12,18,0,18,1,4,7,20,7,2,1,1,14,28,4,0,2,0,3,4,7,19,2,0,20,6,10,5,10,3,5,4,2,23,11,4,6,3,0,26,3,7,0,3,3,16,1,36,32,26,12,8,5,10,3,15,1,11,5,7,11,18,15,26,1,4,6,0,8,2,10,13,28,4,3,3,2,1,17,13,1,0,1,20,13,1,18,9,1,1,2,8,11,11,7,14
"1",16,1,1,2,29,2,21,19,5,8,0,24,19,3,10,1,3,1,13,25,4,39,14,18,1,1,8,5,50,1,0,3,2,10,20,1,20,15,1,10,4,3,3,23,12,4,3,6,30,1,16,0,1,10,1,1,1,15,5,13,0,13,2,1,2,3,13,25,21,32,3,15,2,1,7,0,4,14,11,15,6,5,3,0,8,14,1,3,3,6,3,20,15,9,41,0,6,4,23,11,14,2,6,3,1,27,3,0,9,4,0,35,20,6,2,4,0,4,2,1,4,2,7,1,2,24,2,12,15,4,0,0,3,7,1,13,3,21,4,19,7,5,3,8,1,2,21,6,10,18,10,4,2,28,6,20,5,2,0,8,12,0,3,11,5,6,3,11,9,0,0,9,1,4,0,27,24,2,19,1,1,0,4,1,24,49,6,1,12,13,6,0,4,2,12,23,0,2,24,8,1,3,10,0,3,3,0,4,19,12,34,12,7,2,49,0,4,9,3,5,4,0,0,22,21,1,14,6,5,7,23,6,8,5,2,13,8,8,3,3,0,1,4,6,22,3,1,13,17,13,3,11,8,1,7,0,28,10,2,7,2,2,34,8,17,0,10,0,6,0,26,30,11,16,14,1,25,4,6,3,12,8,9,10,26,12,34,3,4,7,5,2,3,5,14,14,1,7,5,3,1,21,12,1,3,1,11,16,2,24,12,1,0,4,8,5,4,10,17
"1",13,2,4,1,14,0,21,12,7,4,3,33,16,13,11,2,9,0,12,21,7,30,9,12,1,0,11,9,58,6,6,6,2,9,25,3,21,24,3,15,4,2,5,27,17,2,4,3,35,4,17,0,0,6,6,3,3,26,0,9,1,14,6,3,3,5,15,37,22,31,4,34,4,3,9,1,0,14,10,15,8,12,11,0,6,21,6,3,2,16,3,24,10,2,35,3,4,5,20,13,15,6,17,1,0,26,0,0,7,3,0,43,18,7,0,5,0,10,6,1,1,6,10,1,0,16,2,1,10,4,3,1,4,8,2,10,2,17,0,28,1,3,2,6,2,1,18,2,11,15,14,1,1,19,2,34,2,7,1,2,8,0,12,12,2,2,2,8,6,11,0,3,0,3,1,24,20,3,26,0,2,0,2,2,20,64,6,5,17,8,16,3,6,2,16,13,0,0,17,6,2,5,7,0,13,3,1,5,16,4,34,17,7,5,40,2,4,10,6,3,8,2,1,18,22,2,11,1,1,9,17,4,7,7,0,7,18,11,2,3,1,1,1,6,26,4,1,31,10,7,4,13,2,6,11,0,33,9,1,4,4,0,40,6,17,2,4,2,2,0,28,38,29,11,17,3,15,3,10,1,6,6,10,6,29,24,35,1,1,3,1,8,1,4,23,13,1,1,2,2,1,38,9,3,3,1,19,14,2,29,16,2,0,3,5,4,9,6,22
"1",13,4,0,4,25,0,25,11,9,0,5,21,23,4,16,1,5,0,5,20,2,26,22,14,1,2,18,3,55,2,3,6,3,3,19,2,18,15,6,20,3,2,1,37,21,6,2,7,24,0,23,3,0,15,3,3,1,8,3,7,0,18,9,0,2,2,15,24,20,34,1,26,4,1,10,1,4,16,5,13,7,8,19,0,9,15,0,3,1,14,0,17,11,6,41,0,11,2,15,13,8,4,7,2,0,17,2,0,9,2,3,30,20,6,4,1,1,8,6,1,2,11,9,0,1,10,2,11,12,6,3,1,2,17,2,13,0,17,0,29,6,3,1,14,2,0,26,3,6,10,10,2,1,22,3,34,4,3,5,7,8,2,8,16,0,5,1,8,2,6,0,7,1,3,0,11,22,0,20,0,1,3,2,4,23,64,4,3,13,7,7,0,2,6,24,19,2,4,24,9,2,3,10,0,11,6,2,4,20,9,31,13,1,5,38,2,2,10,1,5,10,1,0,27,13,2,20,2,7,10,13,5,9,3,1,11,17,10,1,2,1,3,3,7,24,15,1,9,18,9,4,9,5,0,8,1,24,13,0,5,2,2,37,13,9,6,10,0,6,0,38,32,8,20,13,2,25,5,10,3,4,5,7,7,33,20,34,4,4,6,1,11,0,14,17,20,3,5,1,4,1,18,10,1,0,1,12,19,2,18,18,0,1,2,5,10,15,5,17
"1",17,2,1,8,16,1,16,16,7,2,3,28,13,7,6,2,6,2,19,24,5,19,18,15,0,1,6,7,45,4,1,9,3,10,13,1,16,37,2,13,2,6,4,14,13,10,0,5,31,1,14,1,3,8,2,2,3,23,4,9,0,19,4,2,0,1,14,31,25,23,2,22,1,2,10,0,2,8,7,23,4,8,6,1,8,18,0,2,2,14,1,8,12,7,33,0,11,3,24,15,13,3,13,1,3,18,6,1,12,1,0,28,20,6,3,3,0,7,5,2,1,3,6,1,1,22,7,14,6,2,1,1,3,12,0,12,2,23,4,20,1,4,5,11,1,0,23,10,13,12,6,2,0,20,3,33,10,3,0,5,8,1,6,11,1,2,2,6,7,8,0,7,0,6,1,38,22,6,12,3,0,0,3,2,22,43,8,6,20,11,4,5,5,5,17,20,0,3,16,5,3,1,6,0,13,3,0,2,19,11,28,12,0,1,40,1,3,4,5,1,9,2,0,23,16,0,26,1,10,8,25,4,3,2,2,8,16,12,1,7,3,1,4,4,37,5,0,18,13,7,4,11,3,3,7,0,21,13,0,4,1,3,38,5,18,4,9,2,8,0,22,33,25,17,8,1,19,3,8,1,8,3,5,18,27,14,29,2,4,4,3,5,2,7,17,21,1,4,9,2,3,23,16,1,0,3,9,24,1,19,11,0,0,6,8,7,15,12,11
"1",10,4,0,1,19,0,14,12,6,1,0,18,17,5,19,8,5,1,9,29,3,18,13,11,2,1,8,6,41,4,0,7,3,9,17,2,16,31,3,19,5,5,2,16,15,10,2,3,28,2,31,0,3,11,2,0,1,25,6,11,2,16,4,0,2,2,24,21,16,25,0,32,2,1,5,1,1,14,8,10,5,5,6,1,8,23,2,3,6,8,3,9,7,9,53,2,10,7,13,9,13,7,8,0,4,33,1,2,8,2,0,44,24,3,2,2,1,5,4,2,1,1,13,1,0,13,13,2,6,2,3,1,4,12,1,9,3,19,0,17,1,1,3,17,2,1,13,2,12,19,11,3,4,22,7,17,3,5,3,3,15,1,10,12,1,1,3,6,3,4,0,3,1,3,0,24,24,3,22,2,1,0,4,4,17,66,4,11,16,3,3,3,4,2,9,8,1,1,25,2,3,3,7,1,11,2,0,6,17,8,19,10,3,4,46,1,3,5,0,4,7,3,1,13,18,2,16,1,1,10,20,2,2,2,1,11,15,12,0,3,1,0,1,10,26,6,2,10,9,3,5,9,6,6,7,1,18,13,1,11,4,2,32,6,12,5,12,1,9,1,20,25,18,8,20,2,14,5,10,2,8,10,2,7,17,14,32,1,3,4,2,3,1,11,11,20,2,3,6,2,0,28,11,2,1,4,27,27,2,26,20,1,0,2,9,14,5,9,15
"1",27,0,2,5,14,1,20,18,6,2,1,24,30,5,13,2,9,1,16,20,1,32,23,16,2,2,5,7,53,2,1,4,0,8,21,0,31,39,2,12,4,10,1,25,12,9,3,8,34,1,17,0,3,14,4,3,2,30,0,12,1,10,2,0,2,3,14,33,17,26,4,34,0,3,5,0,3,18,7,22,3,7,13,1,14,16,3,3,2,11,1,13,14,7,34,0,15,2,11,15,7,1,4,1,2,26,4,1,12,0,1,39,11,1,3,2,0,5,4,1,1,3,8,0,3,17,5,10,2,2,0,1,1,6,2,7,0,27,1,19,1,4,2,13,1,1,26,7,10,11,3,1,3,31,10,31,5,6,2,6,3,1,12,6,0,3,2,10,5,3,0,4,0,4,0,21,14,1,31,0,0,0,3,0,35,44,7,6,20,5,11,1,2,4,19,9,1,3,19,5,3,1,12,0,13,0,0,2,14,8,14,14,1,3,30,1,4,5,1,4,13,5,0,29,19,2,14,1,3,8,26,5,2,1,0,15,9,7,1,1,1,0,6,1,14,6,0,13,11,5,1,7,8,4,9,0,19,6,1,5,1,2,33,3,11,2,3,2,8,0,38,22,24,20,20,3,22,2,8,2,11,4,4,6,26,18,39,1,3,7,3,6,0,8,12,28,1,3,3,2,3,25,13,1,1,0,14,17,1,25,15,1,0,4,10,8,0,4,15
"1",19,4,0,5,24,2,22,9,8,1,0,32,18,3,9,1,6,0,14,40,2,24,15,16,1,2,6,9,54,5,2,5,3,9,16,0,23,24,3,11,5,6,1,14,9,8,2,7,35,0,24,2,1,8,4,2,0,22,3,9,0,8,3,2,1,2,19,12,14,27,0,20,1,2,5,0,2,12,12,16,4,8,16,2,7,21,2,4,0,11,3,12,16,11,47,1,10,2,23,18,13,1,6,0,5,16,0,0,11,5,3,30,15,9,2,0,3,2,4,1,0,4,8,1,1,16,7,10,9,6,0,0,4,7,2,11,1,20,0,20,1,5,7,12,4,2,19,4,15,19,12,1,3,22,5,28,6,10,2,6,6,2,8,9,3,1,4,12,14,12,0,1,2,1,0,29,16,5,25,0,1,0,6,2,27,70,2,7,17,5,8,7,6,0,21,18,4,1,15,3,1,1,7,1,6,4,0,6,19,12,25,8,0,4,35,0,2,3,3,3,10,7,1,15,16,2,16,3,4,14,24,3,5,2,2,20,22,7,1,2,2,1,5,12,19,1,0,11,7,5,7,6,7,3,7,3,23,11,3,10,5,3,28,5,15,4,5,1,10,1,18,18,22,16,8,1,16,2,15,0,6,10,10,12,35,27,35,5,4,4,4,6,4,7,7,28,3,4,4,0,2,52,8,2,1,1,13,14,1,13,18,1,2,4,6,5,12,7,9
"1",12,2,0,3,23,0,19,12,8,5,0,23,17,5,3,5,6,2,14,26,2,21,14,10,1,3,2,9,45,4,1,6,6,8,20,2,17,34,4,10,3,5,2,18,8,3,2,4,24,0,36,1,2,7,5,2,2,19,1,7,2,11,2,0,2,2,14,30,15,22,2,23,0,0,5,2,3,14,13,16,2,5,7,0,13,16,3,8,2,6,0,10,12,5,40,1,10,4,19,15,6,4,4,0,0,30,0,0,22,1,1,36,18,10,2,2,0,2,1,3,3,1,13,0,6,16,7,18,5,7,3,2,2,10,2,10,1,19,1,24,2,6,1,15,5,1,21,3,7,6,19,3,3,32,8,19,4,6,2,4,5,0,12,10,5,3,2,8,4,4,0,8,0,5,1,16,23,5,23,1,1,1,4,1,23,47,6,6,21,6,6,2,5,2,12,24,0,3,23,3,0,4,11,2,18,3,1,4,20,9,26,12,2,2,19,0,6,7,2,2,6,5,3,20,26,4,18,5,5,9,23,5,0,6,1,16,17,4,0,5,0,2,2,14,16,3,0,11,15,3,4,7,6,5,8,0,23,11,0,5,5,1,22,2,15,4,13,2,9,3,27,37,17,19,9,1,14,2,6,0,6,2,13,7,27,23,37,1,7,4,2,5,2,13,14,16,5,2,5,0,3,29,12,1,0,2,15,14,0,16,22,4,1,1,11,12,11,12,22
"1",15,0,3,5,22,2,27,29,8,0,1,32,25,3,13,1,4,1,2,23,3,21,12,15,3,1,10,7,54,5,1,1,4,6,12,2,21,18,2,12,6,2,4,20,18,4,0,8,25,2,23,2,2,7,6,1,3,21,4,10,0,17,2,0,0,1,18,33,23,26,0,23,0,1,1,1,4,15,5,18,8,6,4,0,21,16,3,4,1,10,1,10,13,12,36,3,10,5,12,10,13,3,8,0,0,18,2,1,9,3,2,26,21,10,3,1,0,6,0,1,2,5,16,2,3,18,4,8,9,5,2,4,4,13,1,13,1,18,0,27,1,1,5,12,10,0,18,3,10,10,8,3,0,35,3,18,4,2,7,3,6,4,7,10,1,2,4,9,7,2,0,3,0,3,0,34,17,3,16,1,0,1,2,1,19,51,5,2,24,3,6,6,7,0,17,22,1,1,25,6,4,4,4,3,18,2,2,6,24,14,38,8,0,8,40,1,3,5,1,2,5,2,1,19,18,2,20,3,3,6,24,8,2,2,0,10,15,10,0,5,0,1,6,4,28,4,1,29,3,11,0,12,4,0,8,1,22,20,0,3,2,1,29,4,12,6,7,3,9,0,16,31,15,18,4,3,21,1,10,3,8,8,4,4,25,15,44,1,2,9,0,9,0,10,17,30,5,8,6,0,4,29,24,0,0,2,11,8,0,25,17,0,0,5,10,8,8,4,13
"1",15,2,1,2,20,0,17,8,15,2,0,22,13,5,16,4,5,0,15,24,7,30,12,17,1,0,10,2,51,2,0,4,3,4,18,0,20,33,2,12,3,0,3,15,11,7,0,5,23,2,30,0,0,11,2,9,5,30,1,6,0,18,9,1,2,1,18,30,24,15,0,41,1,4,9,2,1,11,10,16,9,1,9,3,12,33,1,4,2,7,2,13,12,11,52,1,6,2,21,17,13,1,8,0,3,28,3,0,5,1,1,24,24,12,2,3,2,5,6,3,0,4,11,1,2,20,4,7,6,7,3,1,7,12,0,17,2,12,0,32,0,7,10,11,1,1,20,9,3,16,13,3,2,22,4,20,7,9,3,7,13,0,12,13,1,7,3,14,4,6,0,9,2,3,1,23,17,2,18,2,1,0,6,4,25,67,6,7,13,12,4,4,2,5,11,10,1,0,16,7,9,4,8,0,6,2,2,4,11,8,24,6,0,0,20,0,4,2,3,1,6,4,1,12,29,1,23,4,13,8,22,6,5,2,8,15,14,9,3,2,1,1,2,9,8,2,1,23,13,2,7,8,7,4,7,1,34,8,1,7,0,0,24,11,21,1,8,2,10,0,24,29,24,12,9,0,17,2,10,3,8,6,3,7,13,10,24,0,0,9,3,5,3,11,16,21,0,7,7,1,2,26,15,2,1,4,22,13,0,23,18,2,0,4,8,7,1,6,13
"1",20,1,3,3,13,2,16,13,8,6,0,33,22,3,15,2,6,1,11,15,2,24,12,14,2,0,8,8,70,5,3,3,1,9,30,1,34,28,4,13,1,7,2,25,15,4,1,4,25,3,22,1,0,7,2,6,0,15,5,14,0,10,2,1,0,7,11,24,19,22,0,28,1,1,7,4,2,19,7,19,6,6,9,2,10,28,1,1,2,11,1,9,11,10,46,0,9,3,15,12,13,1,10,2,0,25,1,2,12,1,0,43,22,8,3,5,2,2,2,0,0,5,8,0,0,18,1,14,10,5,2,0,8,14,0,9,1,16,0,30,2,4,5,8,1,2,9,4,17,15,11,0,1,19,5,21,1,4,1,1,10,1,7,10,1,7,2,9,4,10,0,3,0,1,0,21,24,2,10,0,2,1,4,5,33,59,2,6,12,11,8,1,7,1,7,21,2,2,21,5,0,3,5,0,15,0,1,6,11,10,27,12,3,2,44,0,2,6,5,0,14,2,1,11,20,1,13,0,12,22,30,3,4,0,0,10,14,11,1,2,1,1,7,3,19,4,0,21,12,5,4,9,5,0,9,0,28,8,1,2,0,2,33,4,15,7,16,1,6,0,21,39,29,16,11,0,19,2,4,1,3,10,4,4,23,10,32,3,2,6,0,4,0,15,11,31,6,9,4,2,0,25,14,3,2,0,17,21,1,18,6,3,0,3,9,9,9,4,24
"1",23,1,1,2,17,1,17,18,10,1,3,22,21,1,12,2,8,0,11,22,4,31,13,13,1,0,14,5,41,3,1,7,1,4,20,0,27,20,6,16,2,6,1,15,15,8,3,8,45,2,26,1,3,5,0,6,2,12,2,14,1,10,2,2,2,4,18,36,18,30,1,26,4,1,9,1,2,13,7,24,3,13,11,1,6,19,2,2,1,9,1,8,17,7,40,1,7,4,16,13,10,8,10,3,0,31,2,1,12,5,1,48,27,2,1,3,1,4,3,1,2,4,11,2,1,18,5,12,5,8,1,1,1,12,3,11,5,20,0,45,2,3,3,10,0,2,17,9,15,17,5,2,2,19,5,32,6,2,1,2,8,3,9,14,3,5,3,4,3,11,0,7,1,3,1,22,30,1,22,0,0,1,4,3,25,59,3,2,15,11,7,0,6,2,16,15,2,1,27,9,2,1,5,0,15,2,1,4,33,8,33,12,5,4,37,1,6,4,4,2,11,6,0,22,24,1,12,4,2,7,25,4,3,1,2,6,13,12,0,4,1,4,4,6,20,7,1,27,11,6,7,8,4,2,5,0,36,12,2,3,3,1,33,11,14,1,9,3,7,1,22,25,20,15,12,2,20,6,10,0,5,3,2,4,33,11,42,2,1,11,1,6,2,4,18,22,2,5,4,3,11,14,9,3,0,2,15,17,2,12,20,1,3,4,7,6,8,10,12
"1",21,1,1,5,14,2,18,12,5,2,4,33,16,2,11,1,2,0,7,33,4,19,16,22,1,0,8,12,57,6,1,4,4,4,26,1,12,17,2,22,5,5,3,31,14,4,1,7,24,3,21,1,2,7,6,3,6,23,2,7,1,12,4,1,1,6,15,30,20,32,1,39,1,6,7,2,4,9,6,10,3,4,11,1,6,28,3,4,0,13,3,7,20,11,43,0,6,6,24,7,17,5,6,3,1,19,3,0,18,1,1,39,22,3,2,1,1,12,2,0,3,1,7,0,0,17,8,13,6,5,1,4,3,7,0,19,0,16,1,26,2,3,5,12,1,0,15,10,12,12,8,2,1,19,7,22,4,7,1,4,9,1,5,14,1,5,3,3,9,9,1,7,2,1,1,32,21,1,29,0,0,0,2,0,29,58,7,5,19,15,4,4,11,2,29,20,3,1,27,6,2,1,2,0,16,4,0,7,28,11,39,4,3,1,50,2,2,1,1,4,4,3,0,22,32,0,22,2,5,9,19,6,5,0,2,9,10,17,1,3,1,1,5,9,22,5,1,7,6,10,8,12,10,0,7,2,35,12,3,5,4,1,31,9,20,5,5,0,11,0,28,40,31,27,5,0,25,3,7,3,1,10,6,4,30,15,45,3,4,4,3,8,2,5,11,31,4,9,4,6,4,30,11,1,0,1,18,14,0,17,11,3,0,1,12,6,12,8,23
"1",20,4,2,5,27,0,16,18,8,2,1,18,24,0,7,3,2,1,13,16,0,38,13,17,0,0,14,6,43,3,3,11,4,12,20,2,20,49,2,17,2,5,3,26,9,8,0,4,20,2,15,2,2,9,1,3,4,19,1,12,1,21,3,1,3,6,11,28,28,19,1,26,2,4,2,0,2,14,9,18,5,15,4,1,17,14,5,0,0,12,6,14,9,7,29,1,5,2,20,12,19,5,11,1,5,22,0,1,14,1,3,28,24,11,4,3,1,10,2,2,0,1,8,2,0,15,2,7,13,4,2,2,1,15,3,12,1,23,0,33,0,4,3,17,3,0,18,10,8,12,11,3,0,28,2,24,2,8,3,2,8,3,15,8,1,6,5,8,4,8,0,6,3,3,0,28,38,6,19,1,0,0,2,1,32,79,5,9,18,12,3,3,7,3,22,17,1,0,16,8,1,3,9,1,11,3,0,4,17,5,38,18,2,2,37,2,3,5,0,0,7,2,1,13,15,1,12,0,5,12,21,5,1,1,0,13,18,13,0,6,0,0,5,6,20,8,1,19,12,6,4,8,5,1,4,0,26,13,6,8,0,0,31,5,25,5,8,1,8,0,31,29,28,14,8,3,25,6,6,0,9,10,4,3,26,18,34,3,3,5,0,11,0,4,8,27,5,5,6,2,6,19,15,1,0,5,9,20,4,15,8,1,0,1,6,11,6,5,15
"1",22,0,4,4,25,3,16,18,8,0,5,22,15,7,5,1,11,0,7,30,4,31,14,12,1,0,15,5,49,5,0,6,2,7,25,5,21,20,3,20,5,6,2,20,19,8,2,2,33,2,16,2,7,12,1,2,5,26,2,7,3,10,6,0,4,1,9,22,27,21,1,34,2,5,4,1,3,7,13,23,8,4,4,0,6,22,3,3,3,6,2,21,20,8,47,0,6,4,16,14,8,3,6,2,3,23,1,2,8,0,1,33,17,12,0,2,1,7,5,0,2,3,10,0,2,21,1,13,7,6,4,1,3,6,1,6,0,23,0,18,0,5,3,7,3,1,21,2,9,14,10,3,1,30,7,23,1,4,4,5,9,2,4,12,2,1,5,7,1,7,0,3,6,5,0,26,21,2,21,0,2,1,3,1,24,58,9,3,21,6,6,5,4,3,16,15,1,1,26,1,0,1,7,2,10,1,0,5,23,9,47,14,0,1,35,1,4,2,1,2,11,2,0,18,22,0,14,1,10,5,21,4,1,2,1,13,17,6,0,3,3,2,8,7,31,12,0,14,11,9,2,2,6,3,2,0,32,14,1,4,4,2,30,7,24,0,5,3,8,0,28,29,14,17,9,0,22,2,6,0,4,9,9,8,15,27,38,0,3,6,4,6,2,11,15,31,4,0,5,0,1,15,9,0,0,4,15,20,1,17,25,3,0,1,9,7,7,9,9
"1",23,0,5,3,15,0,29,16,9,0,2,28,21,5,16,2,3,0,10,20,3,40,15,15,0,0,9,4,46,4,0,2,1,7,18,1,31,25,2,23,0,8,1,24,8,5,0,5,19,3,8,1,2,7,5,4,4,23,3,6,0,16,3,0,2,7,6,25,32,28,4,22,2,0,2,0,4,11,10,18,9,5,16,0,5,21,2,3,7,6,2,8,13,9,33,2,5,5,16,15,10,5,6,0,2,19,3,0,10,2,0,25,15,6,0,5,0,6,2,0,2,4,11,0,0,15,8,10,5,2,1,3,2,13,1,19,1,23,1,28,1,2,6,16,5,0,23,2,5,11,5,2,3,13,7,18,6,3,1,6,10,0,10,7,2,0,4,6,7,1,0,8,1,2,0,25,21,1,23,1,0,2,2,1,28,59,8,10,13,9,8,5,5,1,19,23,1,3,19,8,0,2,2,0,7,1,1,8,25,9,35,16,3,2,40,0,4,6,0,1,4,4,0,20,17,6,16,0,8,5,18,1,5,1,0,14,20,7,1,2,0,2,4,8,30,9,0,17,16,9,3,9,7,6,6,0,29,8,1,9,4,2,32,6,20,5,9,5,8,2,33,47,20,24,7,0,15,0,8,2,3,9,9,11,16,16,50,8,2,2,0,10,4,14,23,14,3,6,8,2,2,27,19,0,1,3,12,20,0,18,20,2,2,2,5,6,17,8,19
"1",15,2,3,5,25,1,25,22,5,1,2,25,16,4,13,0,8,0,14,23,3,28,22,12,1,2,4,3,37,4,1,7,4,6,27,1,26,35,7,15,5,4,6,11,12,15,2,6,28,0,14,1,2,19,3,2,3,34,1,4,0,11,0,0,2,6,15,30,20,22,1,40,0,1,8,0,1,16,11,18,11,2,5,2,11,24,5,4,2,13,3,15,7,14,40,0,4,5,20,16,10,3,5,0,1,22,4,2,14,0,1,28,27,5,2,7,1,2,4,0,3,6,13,3,1,6,11,5,5,7,6,1,5,12,2,9,1,19,1,23,1,2,4,12,4,0,19,1,15,20,12,2,7,31,11,22,4,5,3,10,9,2,9,9,0,3,1,11,6,8,0,4,1,6,0,26,12,1,14,2,0,0,1,3,27,57,4,6,19,4,5,1,8,1,9,18,1,4,15,3,0,4,1,2,17,0,0,1,23,4,33,21,0,1,40,0,2,7,2,4,8,5,0,19,21,0,15,0,5,6,21,1,3,0,0,8,21,4,0,2,0,0,7,9,29,4,0,16,12,11,7,7,6,6,5,1,18,9,2,5,4,1,30,3,17,2,8,5,12,0,24,26,25,23,10,2,13,6,5,0,18,8,6,13,41,17,35,1,4,9,2,6,0,8,15,23,2,3,5,1,4,13,12,2,2,2,12,14,3,22,12,1,0,2,11,6,14,7,12
"1",14,3,3,8,25,1,15,14,7,2,1,24,17,6,14,0,3,3,10,22,4,28,11,11,1,1,7,8,42,3,1,2,1,5,20,5,16,17,3,19,2,8,2,21,12,5,3,10,27,1,31,2,1,8,1,0,2,28,5,7,2,9,5,1,3,5,13,24,18,25,1,35,0,4,3,2,5,14,6,16,7,4,18,0,9,16,2,1,6,9,2,16,14,15,44,1,6,8,17,10,8,1,4,0,1,33,0,1,9,1,0,33,18,13,7,2,1,3,5,1,1,1,13,0,3,23,4,3,5,6,3,0,5,15,1,9,3,24,0,27,0,4,0,14,5,0,23,13,17,11,11,6,0,18,9,16,4,8,1,1,14,0,5,13,1,3,2,7,4,6,0,3,1,3,0,29,15,0,11,0,1,0,1,1,22,63,4,6,17,11,4,8,4,0,13,22,1,4,14,6,0,4,7,2,9,5,0,6,28,6,23,12,1,2,45,2,5,7,1,6,8,1,0,19,18,0,18,1,8,11,17,0,3,0,0,9,13,7,0,3,2,0,1,8,26,6,2,20,12,6,4,10,2,11,5,0,22,12,1,3,3,1,24,3,21,1,5,2,12,2,30,45,29,23,13,3,22,4,8,2,4,4,8,5,21,21,21,1,4,2,8,4,3,7,23,23,1,6,5,4,5,27,13,4,0,3,19,24,3,29,15,0,0,3,10,8,8,9,10
"1",19,2,4,4,20,0,23,11,7,1,1,38,21,3,11,3,7,1,13,29,1,25,15,21,0,0,6,5,33,3,0,8,4,3,27,1,21,34,4,11,8,9,1,26,14,7,4,8,25,2,19,3,2,5,1,3,1,29,8,7,4,10,2,1,0,7,11,32,16,27,1,26,0,0,1,2,4,15,7,18,9,6,12,0,12,20,0,3,1,14,0,7,14,2,37,2,6,2,14,13,11,9,6,2,0,31,3,4,16,2,1,23,12,6,4,3,0,3,3,1,0,5,10,2,4,13,1,10,12,4,1,3,4,12,2,19,0,23,0,19,0,1,2,6,3,0,8,2,9,15,12,1,2,29,6,24,3,7,1,2,6,1,2,9,2,1,4,15,3,0,0,6,2,3,1,18,20,0,16,0,0,0,4,2,23,58,4,7,24,13,6,3,2,0,8,28,1,0,32,12,2,1,9,0,8,5,1,5,32,11,26,8,2,1,41,1,1,7,0,2,6,4,2,28,20,1,23,4,4,8,21,1,3,0,0,17,22,6,0,4,0,2,3,10,24,3,0,14,11,5,6,9,9,8,14,1,43,23,1,2,4,3,27,8,11,2,5,1,11,0,32,38,9,20,24,0,19,2,8,0,5,9,15,12,19,11,38,0,1,6,1,8,4,7,13,20,3,4,2,1,1,22,9,1,0,2,18,14,2,21,10,0,1,2,14,11,11,6,17
"1",14,4,0,2,10,1,13,11,9,2,1,18,24,1,9,0,3,0,9,17,3,27,22,13,3,1,15,3,53,3,2,4,1,9,35,4,28,27,4,17,4,6,5,22,9,3,3,15,16,1,15,1,2,8,1,0,6,19,2,8,3,8,3,2,1,4,12,26,33,25,2,31,0,3,5,0,0,8,6,20,4,5,12,2,9,21,1,2,1,10,1,4,14,7,43,1,6,2,20,10,12,9,8,2,6,23,0,0,14,4,0,30,8,5,1,2,3,5,6,0,1,3,9,0,1,18,7,10,8,11,2,3,3,12,2,10,0,20,1,28,1,6,8,16,2,0,22,7,15,8,8,2,4,19,3,24,4,7,3,3,5,0,9,15,1,4,6,6,4,9,0,4,3,5,0,34,12,3,17,1,1,0,2,0,31,57,4,5,11,6,11,1,2,2,17,23,2,3,13,7,4,5,2,1,6,4,1,4,20,7,23,17,1,4,44,0,6,4,1,2,13,3,1,26,23,0,7,0,6,9,25,3,2,3,1,12,9,9,0,5,0,3,3,8,15,6,0,10,8,6,3,4,4,4,6,5,21,8,3,10,4,0,31,4,9,3,9,2,12,2,28,28,20,18,18,5,16,3,5,2,5,12,7,4,28,11,44,4,4,5,0,6,3,5,20,23,5,4,1,3,0,20,15,1,2,1,10,11,1,18,21,1,0,1,11,9,11,4,22
"1",17,0,5,4,20,1,17,15,12,4,0,28,21,5,13,4,7,0,15,19,7,25,15,22,0,3,11,3,43,2,0,6,4,5,20,2,24,33,0,18,6,6,1,21,14,7,3,6,30,1,19,1,4,11,3,1,1,26,3,6,4,14,6,0,2,6,29,26,22,23,5,32,1,1,7,1,0,11,7,25,3,5,7,1,10,21,3,6,2,11,4,14,11,14,48,2,4,4,14,10,18,3,11,2,3,15,4,0,9,3,0,26,11,11,5,2,0,9,1,2,0,8,11,1,1,16,5,7,5,8,3,0,3,5,1,13,1,13,1,31,0,3,4,14,4,0,16,4,9,11,13,2,2,28,7,16,1,3,6,4,9,0,10,13,4,3,4,15,3,1,0,0,0,5,2,27,15,2,26,0,0,0,1,2,20,57,2,17,26,6,2,2,7,2,13,10,0,1,9,6,4,3,8,0,16,5,1,4,19,5,23,9,0,0,31,0,3,6,1,1,7,2,0,24,22,3,21,2,4,10,16,3,4,1,1,8,19,0,0,0,2,0,4,17,17,4,0,16,7,7,3,4,5,6,12,0,32,9,2,3,1,2,31,5,18,3,6,2,11,0,25,41,16,24,20,1,18,5,10,0,5,6,9,5,25,22,32,4,3,3,0,10,1,8,17,25,3,4,6,1,2,24,14,1,1,2,15,15,1,16,15,1,0,1,5,13,14,24,10
"1",25,3,2,7,29,3,22,16,8,3,1,32,17,1,16,5,2,0,6,13,2,32,23,19,3,2,15,8,36,5,3,2,1,6,14,0,44,32,4,11,3,4,3,29,15,6,2,5,18,2,27,1,0,7,2,3,2,24,5,15,1,6,6,1,3,5,22,24,28,23,1,37,3,0,4,5,2,9,8,32,9,9,8,0,8,19,2,3,2,8,2,15,12,8,36,2,3,5,12,25,20,4,7,1,0,35,3,0,10,1,1,46,22,7,3,1,1,7,2,2,0,3,13,0,2,11,7,9,18,8,0,0,2,7,0,9,1,27,0,25,0,0,5,5,4,0,19,8,7,16,8,1,4,22,16,24,1,4,4,3,11,1,12,12,0,6,2,10,6,6,0,2,0,2,1,26,18,5,14,0,1,0,3,0,31,62,5,3,14,8,9,1,12,5,19,18,1,2,15,9,0,6,4,2,13,3,0,1,26,8,18,25,2,2,43,2,3,3,0,7,8,3,1,19,24,0,16,4,8,10,26,1,4,2,1,12,20,6,1,3,0,3,4,11,21,4,2,15,11,9,2,6,6,7,2,1,20,17,3,7,3,0,42,6,18,5,4,1,4,0,38,29,22,21,10,1,20,3,5,1,4,13,4,8,18,7,37,4,5,7,1,9,0,6,16,20,5,1,4,3,3,26,7,1,1,3,11,19,5,15,20,2,0,2,8,6,7,9,18
"1",15,1,2,1,35,1,12,15,11,1,0,17,18,0,13,5,0,0,10,15,4,24,18,14,2,0,7,11,33,3,2,7,5,6,14,1,17,30,4,17,3,3,1,21,9,7,3,2,36,2,29,1,1,8,2,1,1,10,3,11,0,3,2,1,0,2,19,19,18,27,2,27,1,4,8,0,3,10,8,12,8,5,8,2,12,26,2,8,4,9,2,25,9,8,43,1,16,1,13,19,15,10,6,0,0,27,1,1,13,0,0,36,14,12,4,4,0,6,4,0,0,3,5,2,1,8,5,9,6,7,2,0,3,2,0,11,3,23,2,15,3,3,4,13,5,0,21,3,10,10,4,2,5,19,5,17,3,1,1,4,8,2,8,10,5,3,2,11,1,5,1,1,0,2,0,21,25,0,21,1,0,0,4,0,23,66,6,5,18,10,4,1,2,1,14,16,4,2,24,2,1,2,5,1,15,3,0,3,28,7,25,15,2,2,26,3,1,6,0,3,8,4,2,10,13,2,5,2,5,11,17,1,4,2,2,17,18,5,1,2,3,1,5,5,11,4,0,8,6,13,2,8,7,1,9,1,22,11,0,6,4,0,42,3,17,2,5,1,7,2,28,24,29,16,14,1,23,1,7,3,3,2,5,6,25,12,44,2,3,13,0,3,0,10,13,19,3,1,2,0,2,27,14,5,1,2,7,18,0,16,16,0,0,1,10,10,5,14,14
"1",14,2,1,2,9,1,14,17,16,10,1,17,18,3,12,3,8,1,13,20,4,32,15,16,3,1,6,6,51,2,0,13,2,7,13,4,22,15,1,10,1,5,1,22,18,2,2,6,32,1,26,3,2,6,1,5,3,23,3,9,1,9,3,0,0,2,20,21,15,25,3,26,0,1,6,1,0,16,2,14,3,5,4,1,14,13,3,3,5,6,2,13,13,9,49,0,9,3,16,15,13,6,7,2,0,24,0,0,16,1,0,24,23,3,3,2,4,3,3,3,1,3,5,0,1,14,5,5,5,8,3,1,5,11,0,8,4,22,1,42,1,0,7,14,5,4,24,6,8,7,9,4,1,17,8,18,5,1,4,5,9,1,9,7,2,2,1,10,5,7,0,7,0,0,1,22,21,3,22,1,0,0,3,0,18,43,8,8,9,4,4,2,5,1,23,16,2,3,17,5,1,5,6,1,12,1,1,1,28,9,22,5,2,1,32,2,1,9,4,0,4,1,1,17,21,3,20,3,5,4,23,1,1,1,2,14,16,7,0,7,1,1,3,5,17,3,1,12,11,8,1,5,8,1,10,1,23,15,0,5,2,1,29,3,16,3,8,0,10,2,33,33,25,27,14,2,20,2,9,0,7,9,2,7,25,17,49,3,4,6,2,9,3,5,16,16,2,5,4,0,3,14,17,3,1,1,7,22,0,16,11,1,0,0,4,10,10,7,23
"1",20,2,1,3,24,1,13,11,5,1,3,21,26,2,12,4,8,1,10,28,3,25,11,19,5,1,11,12,37,4,0,17,5,7,18,1,28,22,7,9,1,6,2,38,16,14,2,7,39,2,21,1,2,9,0,2,1,22,1,12,0,7,2,1,1,5,23,30,25,21,1,30,2,4,5,1,2,9,12,18,8,3,8,2,8,18,3,4,0,15,0,11,11,0,41,1,8,8,10,16,6,7,2,3,0,23,1,0,14,2,0,26,27,8,2,5,0,6,2,2,0,0,7,1,4,16,6,10,11,7,0,1,2,10,3,9,3,10,1,17,1,4,6,23,4,2,22,6,16,12,14,2,2,25,8,16,6,2,1,1,8,1,6,11,1,2,3,5,7,5,0,4,1,3,0,24,13,7,17,1,1,0,2,2,20,65,7,10,18,8,8,1,6,2,19,12,1,2,13,8,1,2,4,0,10,5,1,0,14,6,21,8,5,0,35,2,7,8,5,4,10,4,0,17,25,0,18,1,1,9,23,2,3,4,2,9,20,3,0,1,1,2,9,5,20,9,0,15,16,3,6,8,9,2,9,1,25,15,1,4,3,1,31,4,20,2,7,7,6,1,25,40,20,22,15,1,21,3,13,2,8,6,11,4,23,28,47,5,3,3,2,10,2,12,18,13,4,2,7,2,4,30,12,2,3,1,9,25,1,25,17,0,0,2,3,12,8,6,12
"1",13,1,2,5,19,0,16,19,6,3,1,36,23,3,5,5,7,0,11,27,4,22,14,11,1,0,13,7,39,3,4,4,2,8,28,1,26,37,4,18,2,6,4,12,15,3,2,7,30,1,11,2,2,9,1,1,0,24,5,6,2,21,7,0,0,5,15,27,22,26,1,22,1,1,3,2,4,15,8,20,7,4,6,0,10,29,4,5,1,6,2,14,10,7,43,0,5,4,16,15,13,4,6,4,6,28,3,1,10,4,0,33,23,6,3,2,0,1,3,0,1,2,6,1,0,17,5,7,11,10,0,2,3,8,3,12,0,16,0,30,0,4,10,13,5,0,27,11,12,9,8,2,1,37,7,26,3,5,5,6,5,2,6,6,1,3,3,7,5,2,0,2,1,0,2,38,17,2,25,1,1,0,2,2,25,53,4,7,11,6,2,4,7,4,11,17,0,0,26,4,2,5,6,0,14,7,0,4,26,5,44,10,1,2,36,3,7,3,1,5,9,1,1,24,18,2,15,2,7,5,27,4,2,3,0,11,11,7,4,2,2,1,4,7,27,4,0,13,21,4,2,7,4,3,5,3,16,13,2,10,4,0,37,6,28,1,9,3,8,1,21,50,33,21,17,2,14,2,6,3,5,9,3,12,30,19,59,5,3,4,1,4,1,6,9,16,11,3,2,2,1,19,17,1,1,2,16,16,2,18,12,1,1,1,5,12,8,6,13
"1",9,2,2,6,18,1,17,11,5,3,1,22,22,7,16,3,3,0,9,23,3,19,17,21,0,2,7,2,64,4,0,5,3,14,18,1,15,27,2,9,2,4,4,17,15,8,2,1,26,1,13,1,1,13,4,3,1,23,2,6,1,6,2,0,0,6,18,39,21,20,2,27,0,3,0,1,2,10,12,12,5,6,5,2,13,22,2,4,1,9,2,19,18,10,37,0,7,3,18,9,15,11,9,2,3,26,3,0,14,0,1,38,25,7,1,4,0,4,2,1,1,5,9,1,1,13,11,6,7,2,4,1,0,11,1,15,4,15,0,30,0,3,6,13,3,2,12,3,3,6,11,2,1,14,9,28,4,6,2,2,10,2,11,12,1,5,5,6,4,5,0,12,0,5,0,26,28,1,20,0,2,1,2,0,27,63,4,1,10,1,4,3,5,5,16,29,2,1,20,3,1,0,4,0,8,5,0,3,10,6,31,16,4,2,47,0,3,7,2,2,11,3,2,15,29,2,29,0,5,5,22,3,6,3,1,11,16,4,1,2,1,2,3,5,15,2,1,12,16,8,6,16,4,0,12,1,33,13,0,9,3,0,30,12,16,1,7,1,8,0,26,25,18,23,12,1,13,4,12,5,10,10,7,5,32,20,28,0,8,7,1,3,4,12,19,15,2,4,6,6,1,16,13,0,0,2,18,21,0,17,13,1,0,1,7,19,8,9,14
"1",21,1,1,3,27,2,16,14,11,1,3,23,17,2,15,2,3,2,6,25,3,21,24,12,0,0,6,9,43,4,0,8,3,5,25,5,34,30,2,20,1,6,6,19,5,9,0,8,29,2,17,0,4,8,2,2,0,28,2,7,1,14,5,1,2,3,20,16,18,21,4,38,0,2,12,3,0,7,7,26,4,3,12,4,7,26,4,5,0,6,5,10,19,4,41,1,9,3,9,10,6,6,8,1,1,18,1,0,14,2,0,23,20,9,5,2,1,4,3,0,1,5,13,1,5,9,8,10,10,3,5,0,1,12,0,10,2,23,1,27,0,2,7,20,6,1,25,9,13,19,10,2,2,22,17,37,2,2,4,5,9,2,5,4,1,8,2,11,4,4,0,4,0,4,0,26,21,2,20,0,0,1,2,2,38,55,6,5,23,16,15,3,3,2,29,19,0,2,16,4,6,2,1,2,6,0,0,4,22,4,31,18,6,3,28,0,1,5,1,5,8,3,0,22,22,6,15,0,4,13,20,4,1,1,1,10,9,5,0,5,3,2,3,6,15,6,1,16,14,7,4,9,13,3,8,2,38,5,0,5,1,0,35,9,22,1,4,2,5,0,25,38,16,17,6,1,20,0,6,1,7,5,4,11,22,12,33,1,0,8,8,6,0,11,21,27,4,5,6,5,3,19,8,0,1,0,11,14,0,13,25,1,0,3,6,15,8,10,10
"1",13,0,2,1,13,0,16,13,6,4,0,29,23,6,13,8,1,0,12,30,2,24,13,20,1,0,6,9,41,4,3,4,2,7,25,1,30,27,8,21,2,5,5,20,11,4,6,5,19,1,20,2,6,3,0,2,1,22,3,7,1,14,2,0,5,5,18,25,31,30,1,33,2,6,12,0,1,15,8,17,0,3,11,1,7,24,1,3,0,10,0,10,7,3,47,3,6,5,11,14,12,3,3,3,2,22,4,0,13,3,0,32,24,8,8,1,2,13,2,0,1,2,11,1,2,13,4,3,6,7,4,2,5,11,3,12,3,24,0,29,3,2,3,11,2,0,26,8,7,19,6,4,5,26,10,33,1,5,1,4,11,3,9,9,1,3,3,12,5,7,0,5,4,3,1,28,20,1,25,0,0,1,3,0,27,44,7,6,25,9,10,5,2,1,17,26,0,1,14,3,1,3,4,1,5,1,1,7,37,9,26,13,1,2,42,0,2,6,2,5,4,5,0,22,16,0,16,2,5,8,15,0,3,0,2,14,20,8,1,2,0,1,6,6,31,1,0,12,10,7,4,3,12,4,6,0,21,13,0,3,2,0,37,6,16,6,6,0,5,0,30,48,19,11,14,1,20,2,2,3,3,10,8,13,20,23,34,1,3,5,1,4,0,9,19,26,2,3,7,1,2,36,8,2,0,2,12,13,1,15,8,1,1,5,7,6,11,7,15
"1",18,0,4,7,22,2,22,12,13,5,1,18,22,5,12,1,4,0,12,23,5,26,20,23,0,0,7,16,32,9,1,7,1,7,13,1,28,19,3,9,2,9,3,18,11,5,2,4,43,1,26,1,3,11,5,1,0,17,2,18,0,6,4,1,3,9,18,23,27,21,2,31,1,2,9,1,1,10,11,18,4,4,10,0,9,19,0,4,1,10,5,8,10,8,54,2,8,2,22,6,7,5,9,3,0,26,0,1,12,1,1,18,26,2,4,0,0,10,3,1,0,5,11,2,1,13,3,4,5,6,5,1,4,7,1,18,2,20,0,24,0,10,5,11,3,2,23,6,12,11,5,1,3,27,9,17,1,4,0,3,14,0,2,11,2,0,1,15,3,3,0,7,2,2,2,33,17,5,17,1,0,0,5,1,19,50,6,8,16,8,6,3,9,4,21,18,0,3,29,6,0,2,3,0,12,0,1,3,19,14,27,13,3,0,43,1,3,13,0,7,5,4,2,20,40,1,21,6,4,12,15,6,7,2,3,12,19,11,0,7,0,1,6,9,18,2,2,16,9,10,3,1,6,6,6,2,23,9,3,5,4,0,45,7,13,1,9,5,4,1,26,29,20,12,7,1,24,0,11,0,8,5,4,8,33,14,44,3,1,7,1,5,3,8,17,22,3,3,3,4,4,28,10,1,0,1,21,11,3,27,19,1,0,1,5,5,8,8,10
"1",24,2,0,7,22,2,17,13,7,5,3,28,18,4,17,2,3,0,6,17,7,30,21,14,1,1,7,5,60,0,3,2,1,6,19,1,31,32,3,18,1,3,3,16,9,6,2,7,47,1,17,3,1,9,1,1,2,19,0,6,0,10,3,2,1,4,11,24,10,21,3,38,1,2,10,1,2,12,14,16,7,10,7,0,15,17,2,3,0,11,4,16,12,11,40,0,11,3,15,7,7,3,13,1,4,19,1,0,9,4,1,21,21,5,2,2,4,4,7,0,2,5,9,0,2,10,14,7,5,10,3,1,2,13,0,24,2,23,0,23,1,2,4,8,3,1,9,3,8,14,11,1,4,21,3,27,0,6,6,3,9,2,6,5,3,1,6,5,2,5,1,7,3,3,0,31,21,0,15,1,2,0,3,3,25,58,9,1,9,6,5,3,4,5,15,15,2,4,21,4,1,4,5,0,10,2,1,1,19,6,29,20,5,2,49,1,5,7,0,5,6,0,2,21,18,0,22,5,4,19,10,2,2,1,2,11,23,11,0,2,0,1,8,7,23,0,0,11,5,8,2,10,4,5,5,5,17,8,2,9,6,0,55,4,11,2,14,5,9,2,20,32,23,26,14,2,12,0,6,2,10,3,10,5,22,15,34,2,1,3,3,6,0,8,13,30,1,5,5,3,5,16,15,1,2,0,13,9,0,15,15,1,3,3,5,13,19,13,14
"1",12,2,2,2,14,2,19,13,7,6,0,27,19,3,11,0,4,0,16,15,1,30,28,17,3,2,7,4,43,4,3,5,0,5,12,0,26,23,3,11,3,7,1,17,21,3,2,10,24,1,20,3,2,10,2,6,5,21,4,6,2,12,4,0,0,4,15,31,20,27,0,35,2,2,10,0,1,14,8,25,4,7,12,2,11,15,4,6,2,10,1,12,14,7,38,3,6,3,15,16,8,8,13,2,3,22,0,1,11,4,0,47,26,9,2,3,4,2,2,4,4,1,8,1,0,17,5,3,9,4,3,2,6,15,0,8,2,21,0,26,2,3,7,13,1,0,17,5,11,14,9,3,0,25,2,12,0,4,3,3,7,0,3,8,5,2,4,6,3,5,0,7,2,4,0,36,19,4,7,0,1,1,3,4,27,54,9,8,16,11,7,5,2,1,14,23,0,4,16,6,0,1,4,0,8,3,0,3,31,6,23,14,8,4,43,0,4,6,4,2,12,4,0,10,24,1,13,2,4,9,18,2,4,0,0,9,28,9,0,4,0,1,5,12,16,1,2,24,15,11,1,4,4,5,4,1,23,11,0,7,1,0,29,7,10,4,9,4,5,1,33,22,13,31,5,2,24,2,6,5,10,5,9,8,22,15,33,4,0,2,2,10,2,5,15,24,2,3,2,5,1,18,12,3,0,2,18,15,1,25,18,0,1,1,6,10,13,8,14
"1",22,2,3,5,11,0,26,12,8,6,0,31,14,6,15,5,5,0,9,28,6,41,21,16,0,1,5,10,39,4,0,2,2,12,16,0,19,29,2,20,0,3,3,16,18,3,0,2,30,1,15,6,4,6,3,3,2,21,7,9,0,16,5,0,3,5,24,17,21,33,3,32,0,1,8,0,1,12,9,16,6,9,8,3,7,23,5,4,2,9,0,13,23,3,34,2,6,2,17,9,13,1,6,5,4,29,1,0,5,4,1,33,21,7,2,3,1,2,2,2,1,1,9,0,2,8,6,5,7,5,1,3,4,10,1,15,0,20,0,26,2,0,3,11,1,0,26,1,9,19,9,5,1,38,7,21,1,6,0,3,6,0,3,7,2,1,4,7,1,6,0,2,3,1,0,23,15,1,24,0,2,0,2,4,25,59,11,5,13,6,8,2,3,0,21,21,1,0,24,8,3,8,3,0,8,1,0,5,16,20,31,9,1,4,37,1,3,2,4,3,3,2,0,20,18,1,15,4,7,15,12,2,1,1,3,17,7,12,0,3,0,1,4,2,19,3,1,19,10,3,3,2,3,3,2,1,23,14,1,9,3,0,40,3,16,1,6,1,10,0,36,32,24,18,12,2,21,3,3,0,4,6,4,8,27,21,34,3,2,5,2,4,0,9,14,25,3,5,3,5,4,14,15,0,0,1,10,20,1,8,13,4,0,0,4,7,11,4,11
"1",17,2,0,5,14,1,20,30,8,6,0,27,9,3,13,6,1,1,12,16,4,42,21,16,2,1,8,7,61,7,2,1,4,5,24,0,25,33,3,17,3,12,7,28,13,4,3,10,22,4,16,2,4,14,1,2,2,20,5,13,3,15,1,0,2,9,15,21,28,32,1,25,1,5,6,1,5,15,8,14,3,6,8,2,9,28,6,4,0,5,0,13,10,11,36,1,13,5,22,13,10,3,12,0,3,15,3,1,18,0,4,35,26,11,0,1,0,7,1,0,2,1,10,2,4,21,1,3,2,3,1,1,9,15,2,19,9,18,0,22,2,1,3,15,3,1,15,8,14,14,5,1,2,19,4,32,1,3,1,4,5,0,10,11,2,3,1,15,1,7,1,9,0,5,1,31,19,2,22,0,1,0,4,1,23,82,5,6,9,8,1,2,8,3,9,22,0,3,12,3,0,4,4,0,7,3,1,4,18,12,31,13,5,5,49,1,6,6,4,2,10,5,0,21,16,0,16,2,9,7,12,7,3,0,5,14,25,7,0,5,0,2,2,5,27,3,1,20,8,9,9,9,4,2,8,1,24,20,3,9,2,3,46,8,31,4,17,4,8,0,23,41,15,12,22,2,6,7,11,1,9,4,2,8,26,20,38,3,0,11,1,9,0,9,17,19,8,6,4,1,3,24,18,0,0,4,19,18,2,37,17,0,0,1,10,7,11,13,9
"1",13,3,7,7,19,1,19,27,16,3,0,28,20,4,8,1,5,0,15,37,5,36,21,18,1,1,4,6,47,2,0,6,2,4,22,6,17,25,4,13,2,4,1,31,11,7,4,7,39,0,32,2,1,7,2,7,0,37,4,2,1,10,2,2,4,2,17,24,20,16,1,33,1,1,11,3,1,8,11,17,4,4,21,2,8,20,6,0,3,7,0,10,15,8,54,1,7,7,21,10,15,2,8,0,1,24,5,0,10,2,1,29,16,12,0,3,2,3,4,0,2,1,4,0,1,17,4,9,6,3,2,0,2,8,2,8,0,35,0,26,0,2,4,10,2,3,22,5,8,12,16,1,3,36,9,25,3,3,3,4,12,2,7,5,0,1,2,12,2,2,1,5,0,4,1,15,23,0,23,0,1,1,2,1,24,46,2,6,19,11,4,2,7,4,14,15,2,1,15,5,0,6,3,0,10,3,0,7,16,12,28,9,2,0,43,1,4,8,4,2,17,6,3,19,25,0,13,1,2,7,15,5,1,0,3,10,30,7,2,1,0,2,1,9,16,4,0,16,12,12,2,11,9,10,6,0,20,13,1,4,3,1,40,6,11,6,9,0,10,1,17,35,18,19,17,0,24,3,14,0,4,10,8,2,19,26,44,3,3,7,2,12,1,5,6,22,4,7,3,4,2,34,23,0,1,1,19,11,0,14,20,2,1,1,6,13,7,5,12
"1",8,2,0,1,17,0,22,14,9,6,1,26,24,6,17,5,10,0,11,21,5,39,15,22,1,0,12,6,72,4,2,1,4,6,12,1,23,31,4,17,3,9,3,26,11,4,1,7,29,6,16,2,5,9,0,6,3,25,2,6,2,10,2,0,4,3,19,25,16,25,0,30,3,4,10,0,2,15,12,20,5,7,5,1,6,30,2,1,1,5,0,16,17,7,46,0,7,3,15,13,12,2,9,1,2,23,0,0,11,0,2,26,23,11,4,1,3,5,2,1,0,5,15,0,1,11,8,11,12,1,1,2,3,10,3,3,4,20,0,28,1,6,5,16,2,1,20,8,10,15,15,3,2,18,3,25,3,6,1,1,9,0,7,21,2,1,3,8,2,11,0,6,0,3,2,20,13,1,17,0,0,0,5,2,21,65,2,5,24,9,8,1,3,1,6,16,2,0,15,7,3,2,4,1,11,3,1,6,17,10,28,13,0,1,43,1,1,5,1,4,3,1,0,18,17,1,20,0,4,4,25,4,1,2,1,11,20,3,2,3,0,1,4,6,24,4,0,14,8,2,1,13,10,4,7,0,35,9,1,10,3,1,32,8,17,2,10,5,9,0,29,29,19,15,5,2,19,2,8,0,5,9,8,5,31,17,35,4,2,3,2,8,0,7,8,22,5,3,9,12,3,19,12,1,1,2,18,21,2,14,8,3,1,2,5,8,9,13,11
"1",21,12,2,2,30,1,16,8,3,4,1,9,14,4,9,5,6,1,23,17,3,30,16,7,0,0,4,5,32,4,0,5,6,0,23,1,19,29,0,12,8,8,3,28,8,6,2,5,28,3,12,3,1,5,1,5,2,15,1,6,0,11,1,1,2,4,11,21,26,27,0,27,2,4,14,1,2,15,12,21,5,4,8,1,14,26,3,0,5,13,1,15,7,5,50,0,10,5,10,18,16,1,8,4,3,24,1,1,12,2,0,27,17,10,3,1,3,4,5,2,0,6,11,0,5,10,4,7,6,4,4,1,4,7,2,17,0,16,2,39,0,3,6,11,0,0,17,6,12,14,14,2,4,24,3,29,4,3,1,2,5,1,1,5,2,1,2,6,1,2,0,3,3,8,1,24,23,2,15,0,0,0,1,2,19,62,3,6,29,6,4,2,6,1,18,22,3,4,11,8,1,5,5,2,15,3,2,5,25,10,22,7,1,4,52,1,2,5,3,9,8,2,0,19,23,1,22,2,4,8,20,2,4,1,1,12,21,13,0,4,3,0,5,10,28,2,1,17,9,6,4,8,15,5,7,0,26,13,1,8,0,0,31,5,6,7,6,5,4,2,32,30,19,14,11,2,17,8,11,2,1,6,3,4,17,21,34,4,2,7,3,2,4,6,10,20,3,7,6,6,3,21,14,2,7,1,11,15,2,14,19,2,0,1,9,5,17,7,15
"1",15,4,4,6,14,2,14,17,8,6,1,36,12,0,8,1,8,0,8,28,2,26,15,16,2,0,7,4,40,5,1,5,4,6,15,1,20,23,2,13,1,7,1,22,20,9,1,8,29,0,24,1,4,7,3,3,4,27,5,4,1,20,3,1,7,5,24,33,24,29,0,49,2,3,6,3,4,12,7,19,4,7,10,0,6,27,2,1,2,9,0,13,16,7,34,0,6,3,15,17,8,2,5,2,7,29,0,0,10,2,1,24,22,6,4,4,0,4,2,2,1,0,12,0,0,19,7,9,6,6,5,2,2,8,2,8,2,15,1,21,2,1,1,4,1,6,20,5,20,26,5,1,3,26,6,23,1,3,5,5,14,2,6,21,1,3,3,10,1,7,0,6,1,2,1,23,20,4,15,1,0,0,2,5,20,48,7,17,15,8,7,10,2,2,15,12,1,0,14,4,1,4,11,1,8,3,0,3,24,9,36,6,0,0,34,1,1,2,2,4,14,3,0,29,26,1,21,0,2,11,16,3,2,2,1,11,20,9,0,3,0,1,2,11,24,11,0,23,11,5,3,9,7,2,1,0,26,12,0,10,1,0,33,4,10,3,13,3,9,0,25,49,21,14,13,2,20,5,6,1,7,3,5,16,20,21,38,5,3,10,2,4,2,7,15,18,4,8,7,3,3,20,4,2,1,1,15,19,2,15,20,0,0,1,7,12,10,11,12
"1",14,3,2,4,26,0,6,13,5,6,1,31,22,5,18,3,4,0,5,27,3,46,9,11,1,0,12,8,44,3,2,11,7,3,13,2,20,32,4,8,1,9,5,26,18,9,1,6,32,1,21,2,1,6,3,2,3,26,4,15,1,13,3,3,1,2,14,19,17,28,2,31,0,2,9,0,3,4,13,14,9,5,21,1,12,17,0,6,2,8,1,12,12,6,46,1,6,2,15,15,12,5,7,0,4,25,2,0,14,2,1,31,23,10,2,5,2,3,4,3,1,3,9,0,1,16,2,9,6,2,1,2,2,8,4,8,2,29,0,27,0,2,0,11,4,2,30,4,7,8,9,1,1,26,3,18,3,6,0,6,10,0,12,10,1,4,5,3,1,4,0,7,0,3,1,27,28,1,30,0,1,0,1,2,28,59,11,6,22,3,5,3,11,1,19,15,0,2,24,3,1,0,7,0,8,5,0,2,28,8,29,16,3,2,32,4,3,4,0,2,13,8,0,21,16,1,20,0,2,13,30,4,2,4,1,6,21,9,1,5,4,2,5,7,21,6,0,15,10,10,2,8,4,1,5,0,25,8,3,8,2,4,14,3,18,4,9,0,13,1,28,38,26,16,9,5,10,2,10,1,5,6,5,6,36,21,47,1,3,4,4,6,3,10,6,29,4,6,5,2,5,26,10,0,1,2,9,21,0,12,10,2,0,2,8,6,8,6,19
"1",19,6,2,3,10,2,19,15,10,5,1,21,20,7,14,3,3,0,18,24,2,20,16,15,2,0,8,7,48,4,3,8,0,10,26,2,21,26,1,16,1,5,2,19,13,12,2,4,27,3,15,0,1,7,6,1,0,14,1,11,1,16,1,0,0,5,17,35,21,21,2,31,0,6,6,3,1,12,10,21,3,8,9,2,5,17,3,1,3,8,2,6,8,8,35,1,7,6,12,12,11,3,6,0,2,30,1,1,14,1,3,35,15,6,6,2,0,6,3,0,0,0,7,0,0,15,5,5,5,3,1,2,1,12,1,9,0,17,1,22,2,4,5,7,2,0,17,7,7,5,9,3,3,33,6,18,5,1,7,1,7,1,7,7,0,3,5,6,9,4,0,2,1,3,1,23,20,0,24,0,0,0,0,1,29,54,9,6,16,3,5,0,4,4,12,21,3,0,25,5,0,6,8,2,9,6,0,4,25,14,37,21,1,3,32,0,2,4,4,2,11,6,0,14,32,1,22,1,4,5,17,2,0,4,0,13,21,21,1,1,0,0,3,5,22,6,1,15,10,10,3,10,11,3,11,0,21,16,1,5,5,5,31,3,17,2,9,1,12,2,23,26,27,21,14,0,17,4,8,7,4,10,9,4,30,9,21,1,5,5,1,9,4,3,18,33,3,5,11,3,2,18,17,1,0,1,27,18,1,11,10,1,1,3,8,9,16,11,14
"1",21,6,1,2,31,0,10,11,7,3,0,33,21,1,12,3,5,1,7,24,2,12,18,18,0,0,4,2,46,4,4,7,2,6,26,0,28,32,3,15,1,4,2,31,13,8,3,5,36,1,24,0,2,6,2,1,1,28,5,4,3,15,0,0,1,5,22,31,15,22,3,38,1,0,4,2,4,15,16,23,5,7,8,1,7,13,4,2,5,8,4,18,4,3,44,1,5,3,21,16,12,7,5,0,0,18,2,0,15,0,0,37,33,7,4,0,0,14,3,2,1,1,11,1,2,14,4,7,6,5,0,3,2,7,2,8,2,16,1,29,2,7,4,18,0,3,12,9,8,21,10,5,0,26,17,34,3,6,8,4,11,0,6,18,0,5,1,7,5,4,0,15,0,5,2,33,17,1,16,0,1,1,5,0,26,46,2,7,18,8,11,0,0,1,16,13,2,2,22,4,2,5,6,1,4,1,1,5,19,8,30,21,2,4,44,0,5,4,5,3,7,5,0,22,29,2,15,2,1,5,17,7,1,5,1,12,17,3,0,7,1,1,7,8,23,8,0,13,5,4,4,3,0,6,3,2,26,8,1,7,3,1,35,9,14,6,9,2,13,0,24,30,21,19,15,5,15,3,6,3,7,7,7,12,36,9,33,1,2,3,0,2,1,4,15,21,4,3,4,2,2,24,17,1,4,1,7,18,1,14,15,2,0,2,4,6,10,15,13
"1",14,3,1,4,26,1,21,12,8,1,0,36,18,2,12,2,4,0,12,19,5,24,6,24,1,1,7,4,47,4,2,5,0,5,19,1,34,31,3,11,6,3,0,24,17,7,3,6,19,0,22,2,0,6,3,4,2,23,4,7,6,22,2,4,1,4,16,25,21,24,4,49,1,1,3,2,2,10,6,25,7,10,7,1,5,17,1,6,1,9,1,11,12,12,36,2,7,0,15,12,13,1,9,1,1,24,3,3,18,1,0,50,21,6,5,3,1,7,4,1,0,4,4,2,1,10,4,3,7,8,0,1,8,19,1,15,2,20,3,27,1,4,4,15,2,0,17,5,10,5,7,0,0,26,7,26,0,3,3,3,12,1,5,11,3,2,5,19,5,5,0,7,2,3,1,32,12,2,12,0,1,1,2,0,18,55,7,12,21,7,6,5,8,2,12,24,2,1,19,6,2,2,5,0,12,4,0,3,24,12,37,15,1,1,35,0,2,8,1,0,11,2,1,16,27,0,19,1,5,8,13,7,1,3,6,16,15,7,0,3,0,0,9,5,29,4,0,15,5,7,1,8,7,2,6,0,21,15,0,7,1,2,42,4,19,3,4,3,6,1,26,44,14,27,12,1,15,10,9,4,4,7,1,3,16,27,36,1,0,6,2,1,0,8,17,17,5,6,3,3,0,22,4,2,1,2,13,20,2,26,11,2,1,0,7,13,16,9,17
"1",12,4,2,8,11,0,18,11,4,7,1,31,12,2,15,1,5,0,10,16,0,29,13,14,1,0,7,5,45,4,2,1,5,6,20,2,29,21,4,11,0,6,2,20,20,8,1,8,32,6,16,2,1,5,0,3,2,28,4,6,2,30,5,1,1,2,23,42,22,26,0,34,2,3,8,2,5,7,12,13,3,7,23,2,8,23,1,7,2,9,1,17,15,8,33,0,13,4,13,7,12,1,6,0,1,35,4,1,19,2,0,31,17,7,2,2,0,9,2,1,1,3,12,1,0,8,4,9,5,2,2,0,5,15,1,10,0,18,0,18,3,3,3,17,0,0,23,7,21,7,12,3,2,31,5,24,2,6,1,6,7,1,4,12,2,0,6,11,8,11,0,5,1,8,0,25,22,2,9,0,0,0,1,2,24,64,4,11,26,4,5,5,2,0,13,15,2,0,25,7,1,3,7,1,7,1,1,3,17,6,45,14,1,0,30,1,2,5,5,4,19,2,0,19,19,0,19,3,2,7,14,4,3,3,3,8,19,12,0,6,2,3,6,6,29,3,1,20,16,5,6,7,9,2,5,0,26,8,0,7,2,2,31,6,19,1,9,3,9,1,14,25,23,18,11,3,14,3,6,1,6,9,5,8,26,19,29,0,2,6,6,7,1,7,19,25,3,4,2,7,3,25,10,0,1,1,11,16,2,15,22,1,0,2,6,7,5,12,23
"1",9,2,2,3,19,0,7,17,12,1,2,17,17,4,11,3,9,0,7,14,2,24,19,10,0,0,6,6,41,2,1,4,4,14,23,3,23,33,3,8,2,5,2,21,11,5,2,4,32,1,20,1,1,2,4,4,4,23,2,9,1,21,4,0,2,7,17,21,23,20,0,35,2,0,4,0,5,13,5,30,8,7,3,1,7,12,1,2,2,3,1,15,8,20,33,3,8,2,20,7,14,2,8,3,5,29,0,0,8,2,0,24,17,9,1,1,1,2,8,3,2,5,7,0,3,10,9,4,5,3,0,2,5,12,2,11,1,26,1,40,1,5,2,5,3,0,25,9,6,12,9,6,1,23,3,21,2,6,0,3,8,2,12,9,4,0,1,7,1,3,0,6,3,5,0,26,15,4,19,1,1,0,1,2,19,50,3,7,13,7,4,6,6,0,16,15,1,0,17,3,5,3,5,0,8,4,0,1,26,8,42,16,2,5,39,0,6,6,1,5,11,6,1,27,19,1,9,4,4,6,15,0,10,1,2,12,18,7,0,8,1,2,2,11,32,8,0,18,10,2,8,6,1,4,6,2,31,4,4,10,5,0,15,5,17,1,5,5,10,0,28,30,12,16,5,1,14,3,9,2,3,6,10,7,26,18,30,3,2,7,7,9,4,9,19,19,2,4,4,3,4,24,19,0,1,0,18,14,2,16,5,2,1,0,11,9,13,17,19
"1",16,1,2,5,19,1,13,29,12,1,3,14,15,3,10,3,2,1,9,25,4,26,25,16,4,0,9,5,44,3,3,4,2,6,16,2,25,24,0,4,0,9,4,20,17,9,2,11,32,0,19,2,2,7,3,5,1,27,4,7,3,18,4,1,0,5,10,16,16,23,0,42,5,3,11,2,0,11,8,11,6,6,12,0,13,28,1,2,0,5,1,24,9,11,44,0,9,5,31,11,11,3,4,0,4,20,1,0,9,3,0,29,24,7,0,5,0,9,2,1,0,2,7,0,1,14,8,7,6,6,3,1,1,12,0,9,1,27,1,24,0,1,5,10,1,0,18,7,8,15,13,0,0,23,5,30,4,4,0,6,10,2,8,11,1,4,2,7,7,3,1,4,1,6,1,36,28,5,16,0,3,0,0,3,18,69,7,8,12,10,1,3,5,3,17,11,0,3,21,3,3,5,7,0,10,1,0,2,27,5,39,11,4,2,39,0,4,5,4,3,5,5,1,21,21,3,24,0,2,5,11,5,6,0,3,12,17,6,0,3,0,2,3,10,20,4,0,18,11,9,1,6,3,3,11,3,25,4,0,8,3,0,36,6,10,0,2,3,5,1,37,27,22,15,17,4,19,4,9,3,6,7,4,3,27,12,35,2,3,8,1,3,4,5,13,21,2,6,5,2,2,37,17,0,0,3,10,20,0,20,18,2,0,2,8,12,11,13,18
"1",18,0,1,8,19,0,6,18,5,0,2,26,14,4,8,0,8,0,21,27,3,22,13,20,1,0,8,2,38,4,1,2,2,8,14,1,21,26,2,18,5,6,2,28,17,3,1,5,37,4,10,0,2,8,4,4,0,22,2,11,2,11,5,0,1,0,25,25,19,15,2,34,3,3,8,0,2,11,10,11,10,10,4,2,11,21,2,2,2,5,2,9,18,9,42,2,8,4,9,8,13,4,5,0,1,30,2,1,8,3,0,22,30,7,3,6,0,3,6,1,2,0,14,0,2,14,8,7,2,3,2,1,3,4,1,19,1,22,0,16,2,4,3,11,6,2,17,5,8,10,13,3,3,26,6,12,10,6,1,1,6,2,1,10,4,1,2,5,5,15,1,8,1,8,0,21,31,5,13,0,1,1,3,0,29,58,4,1,27,13,4,4,4,2,19,17,0,1,22,4,1,2,3,0,14,1,2,4,19,8,20,15,0,1,46,0,3,7,4,5,6,1,4,13,31,1,18,1,1,5,13,1,1,2,0,7,17,12,0,5,0,0,8,4,17,4,0,24,10,8,6,7,3,3,1,0,36,7,4,10,1,0,27,4,20,2,7,1,4,0,30,29,12,16,15,1,18,1,9,5,9,9,1,2,25,15,27,4,5,9,2,7,1,6,17,22,5,5,5,4,3,29,8,2,0,1,17,15,2,14,27,0,3,0,9,7,13,11,11
"1",18,4,0,2,14,0,15,13,14,10,1,24,15,5,11,5,5,2,6,24,1,35,19,12,1,0,7,4,33,1,1,6,4,12,26,1,17,20,4,14,0,6,0,20,17,11,2,5,30,1,23,2,0,8,4,1,2,25,3,6,2,16,0,2,1,2,12,25,20,24,1,37,4,3,1,4,4,11,15,10,12,4,12,0,7,24,2,5,2,9,0,9,8,8,38,0,4,3,20,17,16,6,11,0,3,22,0,1,12,1,0,35,19,1,1,1,0,8,8,0,0,1,15,0,2,15,10,9,7,5,0,3,1,8,1,12,0,13,1,28,2,2,4,10,2,0,18,9,7,5,7,1,4,33,6,20,5,1,4,1,10,0,2,24,0,2,3,8,2,13,1,5,0,5,0,23,20,2,27,0,0,0,1,1,19,48,8,7,11,11,8,0,6,3,16,9,3,2,7,2,0,0,3,0,13,0,0,7,17,12,34,13,0,4,33,0,0,10,6,6,9,5,1,16,20,1,17,1,3,6,15,7,3,3,1,16,14,5,2,2,0,1,2,12,20,5,1,20,15,6,4,6,7,4,3,0,23,16,3,4,8,2,23,3,14,2,15,2,4,0,30,29,12,19,14,2,22,0,9,1,7,9,4,3,29,15,21,2,1,8,1,6,0,2,13,12,2,10,6,2,0,23,18,2,2,1,17,25,2,20,12,0,1,0,13,8,7,4,13
"1",12,1,4,5,18,2,16,12,9,2,3,24,9,5,14,0,4,0,13,29,1,23,26,9,0,1,13,9,52,5,1,2,5,8,30,0,17,13,3,15,2,4,2,31,15,15,1,7,30,4,21,0,2,10,0,4,3,30,3,6,0,13,9,2,1,6,13,21,27,19,2,32,2,2,7,0,2,9,11,27,8,18,6,2,4,17,3,7,3,9,3,23,22,10,43,2,5,3,13,11,16,6,14,0,2,15,1,0,16,2,0,35,22,10,1,1,0,4,6,2,0,2,7,0,3,15,7,6,10,3,2,0,2,8,0,18,3,24,1,18,0,3,2,12,2,0,26,5,9,14,17,2,0,32,3,19,6,5,5,4,12,1,5,6,3,0,2,7,7,7,1,2,4,1,0,19,23,4,30,0,2,0,3,2,23,56,8,9,15,10,5,0,4,1,17,24,0,0,16,4,0,2,2,0,6,6,0,5,20,13,36,11,1,1,45,0,3,3,4,2,19,3,0,22,17,1,19,2,3,9,19,3,3,1,2,10,18,15,0,8,0,1,5,5,22,1,1,13,12,9,1,11,6,6,10,3,35,14,0,3,1,3,36,1,13,5,1,1,12,0,28,39,24,14,9,3,20,5,5,0,7,4,5,7,24,29,52,2,1,12,3,3,6,5,16,31,6,5,1,4,1,24,22,0,1,4,7,19,1,19,23,0,0,1,11,8,13,9,17
"1",27,1,3,3,21,0,18,11,5,1,0,30,16,3,11,0,5,2,9,18,1,27,24,15,1,1,6,6,44,1,1,15,3,12,21,3,30,24,4,8,5,6,2,29,11,5,0,11,19,3,21,0,2,15,4,3,2,24,2,2,0,10,5,2,5,6,24,27,22,26,6,28,1,2,10,1,4,10,4,14,12,7,10,0,10,28,4,2,0,5,3,7,5,8,47,0,8,5,14,19,7,4,13,3,1,34,6,0,10,3,1,35,26,5,1,3,0,7,3,0,2,2,10,0,0,12,7,10,12,5,3,0,2,5,0,15,0,27,1,30,1,3,5,11,0,0,26,5,12,16,9,3,2,16,7,22,3,6,5,7,13,0,4,8,0,0,9,11,2,5,0,3,1,6,1,29,20,0,26,0,1,0,4,1,22,65,3,15,15,6,1,4,3,2,17,22,0,1,23,6,2,1,6,0,7,5,0,3,28,13,22,20,1,5,19,1,0,4,1,4,10,3,1,14,20,4,10,2,6,15,21,4,3,2,2,7,11,9,0,2,1,0,5,13,11,6,1,13,6,7,2,7,5,6,8,0,24,17,4,5,1,0,30,3,16,2,6,2,9,0,32,28,17,28,3,0,23,0,10,3,7,10,15,7,26,18,37,0,2,9,0,7,2,4,22,20,3,7,5,2,4,26,10,2,0,1,9,19,1,14,18,0,2,3,4,6,8,11,9
"1",12,3,4,4,26,0,19,8,12,2,0,29,30,5,11,8,9,2,10,41,3,27,14,11,1,0,2,5,45,0,0,6,0,8,15,0,21,19,5,12,4,2,2,30,9,5,4,9,35,4,36,1,1,9,0,0,0,27,2,14,5,13,4,1,2,2,25,31,19,29,5,25,3,1,6,2,3,14,10,19,7,10,9,0,14,20,4,2,1,7,0,7,10,9,42,1,7,1,15,15,6,1,1,3,2,20,1,1,7,0,0,30,32,10,3,3,0,10,2,2,0,7,16,0,3,12,6,9,10,9,0,4,6,10,2,18,3,22,1,28,3,3,9,8,2,0,18,10,9,6,9,1,0,21,15,24,4,4,0,8,15,0,6,9,2,0,7,7,7,1,1,1,1,3,0,18,25,2,10,1,1,0,2,1,21,66,11,6,17,9,8,6,5,2,20,14,2,1,29,5,4,2,8,0,11,3,0,1,15,12,20,13,0,1,40,5,6,3,1,2,7,3,1,20,17,1,9,0,1,7,27,1,5,2,0,12,15,7,0,5,1,2,6,11,28,4,0,11,12,4,0,7,8,4,4,1,23,5,1,6,2,1,33,6,12,5,10,4,7,1,36,26,15,17,8,0,18,3,10,1,10,14,3,9,24,17,40,0,4,8,0,3,3,8,9,18,2,3,3,3,3,29,16,0,0,0,11,19,0,19,16,1,0,3,8,15,6,7,22
"1",14,2,3,2,28,2,7,11,14,2,1,37,21,5,22,8,5,2,12,19,3,30,20,14,4,1,4,9,45,2,1,2,2,8,25,0,23,18,6,11,2,7,4,16,14,4,3,5,30,0,25,2,4,6,0,3,6,26,2,7,1,10,4,1,1,4,19,24,18,18,2,47,1,4,12,2,2,9,7,19,5,4,12,0,9,31,2,2,2,9,2,17,11,14,47,2,4,7,21,8,15,2,2,4,5,28,0,1,15,5,2,32,23,6,1,1,1,8,4,3,0,2,7,0,2,20,8,6,5,5,1,0,7,14,2,6,0,18,1,19,4,6,4,5,1,1,22,8,14,10,7,0,1,16,2,33,5,6,2,3,10,4,4,8,0,1,3,6,4,5,3,5,0,5,0,29,15,1,15,0,2,0,3,2,40,48,4,3,14,2,8,3,2,2,10,17,0,3,17,4,1,2,6,2,9,0,0,3,18,8,23,12,2,4,45,2,1,5,4,4,3,1,0,18,18,2,15,4,0,7,16,3,3,1,5,15,21,4,1,2,0,0,4,8,18,8,1,11,7,9,2,2,5,1,7,0,21,13,3,6,2,1,36,5,11,1,10,5,2,0,25,28,24,20,9,1,14,4,4,2,9,7,8,4,34,17,32,5,2,12,3,6,2,6,13,33,2,4,9,6,1,17,14,2,1,0,12,13,2,18,11,2,0,1,8,7,11,10,12
"1",15,1,2,7,29,0,13,9,2,3,7,29,18,3,16,2,4,0,8,24,1,27,17,19,2,1,6,5,64,6,0,14,4,2,22,0,28,31,3,17,6,14,4,17,18,3,2,3,30,1,27,6,2,18,6,0,4,17,2,7,1,15,3,1,0,4,12,23,27,28,0,23,1,1,5,0,2,15,11,19,5,10,10,3,4,22,0,3,0,5,0,10,12,7,29,3,10,4,17,17,12,8,14,3,2,29,0,0,23,3,0,34,14,4,0,2,1,15,3,0,0,4,10,0,5,15,2,5,6,8,0,0,0,9,0,8,3,20,1,31,3,5,5,13,0,0,26,5,11,16,9,2,1,31,7,32,5,4,2,2,7,0,11,17,0,7,6,11,5,4,0,5,2,2,1,26,13,1,26,2,0,0,2,1,33,64,4,4,14,7,5,3,4,2,16,20,0,1,19,1,2,3,6,2,16,0,1,2,22,9,34,12,2,1,38,1,6,11,3,6,8,4,0,16,24,2,9,3,2,7,26,5,5,4,0,4,24,4,1,9,2,3,5,6,20,7,1,21,14,9,3,15,4,1,12,2,19,10,1,6,3,1,32,5,27,2,9,5,7,1,26,31,23,18,21,0,21,2,2,0,6,10,5,4,25,22,45,4,5,9,2,7,0,13,17,30,1,3,4,4,0,28,12,2,0,4,12,25,2,27,17,0,0,1,8,9,18,9,17
"1",19,2,1,4,23,1,19,11,6,3,2,18,15,5,13,11,5,0,13,12,4,36,23,14,1,0,6,2,39,0,2,4,1,10,20,0,36,31,4,18,4,5,1,18,16,5,2,4,32,1,25,4,3,14,3,1,5,22,2,6,0,11,4,3,1,3,19,33,23,21,1,43,1,0,2,1,2,21,11,18,2,3,15,0,6,16,1,3,1,8,3,26,6,3,38,2,4,0,14,16,7,4,2,2,2,19,1,0,5,1,0,37,16,8,1,2,0,5,1,0,1,0,8,0,0,6,6,9,1,5,2,1,5,19,0,16,1,18,1,23,1,0,7,16,2,0,17,9,10,20,12,3,4,13,8,22,3,1,2,0,4,2,12,10,3,2,2,11,6,5,0,15,0,2,0,21,18,4,22,0,0,1,7,3,33,48,7,2,12,13,7,1,8,1,19,24,1,2,17,3,0,1,6,1,9,0,0,2,31,4,29,14,3,0,40,1,3,8,1,5,7,1,0,13,13,1,15,0,5,2,22,5,4,0,1,17,14,6,1,0,0,2,2,11,19,7,0,16,5,7,6,4,6,5,5,1,27,15,3,7,5,3,23,5,13,6,9,1,7,0,42,42,25,19,6,3,20,1,6,8,13,6,11,4,21,16,29,0,7,3,1,6,1,11,17,32,6,4,8,5,2,29,10,1,5,2,10,9,1,16,13,2,0,2,6,9,9,7,9
"1",22,7,2,5,20,3,28,9,9,4,2,21,15,2,17,4,2,1,8,36,3,29,10,14,4,2,14,8,56,3,2,7,0,5,16,0,11,30,3,15,2,2,2,32,18,4,0,9,36,3,18,1,4,16,8,1,3,19,4,21,1,14,0,1,0,5,13,19,18,28,1,27,0,3,4,0,3,12,12,20,9,3,4,1,8,13,2,2,0,10,1,9,15,6,28,1,8,3,22,13,9,4,10,3,2,23,1,0,11,1,0,40,22,9,2,3,0,4,4,0,0,6,12,0,0,15,6,7,4,7,2,2,2,4,1,9,0,26,1,30,2,5,4,9,0,1,19,4,8,12,8,0,2,18,4,33,7,4,0,4,16,0,5,5,1,0,3,9,7,9,0,9,1,3,3,20,17,1,11,1,1,0,0,3,30,68,3,8,18,8,6,3,12,2,10,15,3,0,24,11,2,6,5,0,11,2,1,4,24,9,32,10,0,1,37,0,3,6,8,2,14,3,1,22,21,3,14,1,2,4,21,6,2,2,1,12,17,8,1,3,1,1,2,8,20,7,0,19,13,9,4,4,11,4,8,0,19,11,5,9,2,0,42,7,6,4,9,2,9,1,31,26,18,17,21,1,14,2,11,3,2,8,3,7,30,13,51,6,4,12,2,5,2,8,21,15,4,2,5,7,1,36,8,1,0,0,10,24,2,19,14,2,0,5,13,8,7,14,14
"1",13,5,0,2,13,1,13,13,8,2,1,27,16,2,20,2,2,0,15,22,5,25,14,15,3,0,11,7,52,2,1,2,1,16,25,4,12,23,1,18,3,5,1,18,9,2,2,11,22,0,13,1,0,5,5,5,6,12,1,7,2,13,4,0,1,3,11,19,24,21,1,42,2,0,8,0,2,9,12,6,3,5,13,2,10,15,3,3,0,6,2,9,9,12,39,1,5,11,15,6,13,5,9,3,4,16,2,2,12,0,1,46,8,5,2,2,0,6,3,0,1,4,6,2,3,22,5,6,4,9,4,1,4,7,2,6,0,10,0,25,5,6,3,14,1,1,23,8,8,22,9,1,1,30,10,24,6,4,2,4,9,0,6,12,0,0,2,3,3,7,1,11,1,2,0,33,29,2,15,0,1,0,1,3,18,74,5,10,13,10,6,3,2,2,14,12,3,1,14,2,2,4,1,2,10,1,3,5,18,5,34,11,0,3,40,2,5,7,7,2,4,3,2,24,15,1,22,1,2,10,16,4,4,1,5,12,21,11,1,5,0,1,2,12,13,8,0,13,6,4,3,7,5,1,6,1,26,10,1,2,4,0,22,9,19,4,8,1,6,0,59,34,14,17,10,2,17,2,5,1,10,12,6,9,31,14,41,9,4,5,2,10,4,8,10,23,5,1,4,7,0,27,13,0,0,2,16,20,1,28,17,0,0,0,12,16,3,11,16
"1",15,4,2,5,13,1,14,19,6,2,0,25,13,3,15,3,5,1,12,25,2,19,19,18,1,0,1,10,52,4,1,5,1,8,14,3,8,20,4,16,4,5,1,13,10,9,1,4,27,2,17,1,2,6,6,3,1,22,3,10,2,16,0,4,2,6,9,26,23,28,3,35,2,2,9,0,2,13,10,17,8,9,10,1,8,10,1,1,0,4,2,15,10,8,45,1,6,5,21,10,11,11,11,1,3,23,1,0,9,3,0,24,15,2,1,5,1,8,4,0,1,4,22,3,3,10,3,11,8,10,3,2,1,9,5,19,2,30,3,23,3,4,5,12,5,0,27,10,7,13,13,2,2,30,8,16,5,3,2,1,2,0,7,12,1,4,0,11,5,4,1,7,0,1,0,24,18,4,17,1,1,0,3,1,33,58,5,8,21,8,5,1,5,2,17,15,1,0,25,6,3,3,5,2,7,0,1,1,25,6,32,8,0,2,30,1,2,9,9,1,9,1,3,11,19,1,18,2,2,4,24,3,2,1,0,22,19,6,0,2,0,2,2,2,22,2,0,19,4,8,3,5,2,1,2,1,28,16,2,9,2,2,33,7,7,1,9,3,11,1,15,27,9,15,15,0,21,2,14,3,6,6,8,12,25,16,38,2,2,3,1,15,0,9,15,17,8,5,5,5,1,29,14,0,3,3,12,16,1,21,17,1,0,1,8,10,15,8,15
"1",10,1,2,3,26,1,15,14,5,3,1,27,18,6,12,1,3,1,9,15,2,24,27,8,1,0,9,6,53,6,0,5,2,7,14,1,24,27,2,13,4,7,5,22,15,8,0,5,21,0,32,6,2,7,1,2,2,21,2,9,1,15,1,1,0,7,11,35,30,28,1,30,2,4,5,2,0,10,12,25,4,8,15,3,8,12,1,2,1,5,2,33,10,6,34,0,8,5,17,13,10,5,5,1,2,34,0,0,9,3,0,34,21,6,3,2,2,5,4,1,0,5,14,1,7,19,8,10,6,3,3,4,4,3,0,8,0,24,1,37,1,5,3,11,0,3,19,8,8,14,16,1,2,22,9,29,3,6,1,2,7,2,9,9,2,9,4,17,4,6,1,5,2,4,0,31,20,5,20,0,3,0,1,2,28,61,4,6,16,5,7,7,1,3,16,13,2,1,10,3,0,4,2,1,8,5,0,5,24,11,32,17,1,2,37,5,3,4,2,3,5,3,0,15,13,2,21,3,1,6,17,6,4,1,2,15,15,7,0,6,2,1,6,8,21,3,0,26,5,10,0,8,6,6,15,2,25,14,2,6,2,1,22,12,12,1,8,3,20,0,24,33,20,16,18,5,13,1,3,5,7,9,7,11,22,20,21,0,5,5,0,5,1,6,17,20,5,5,2,6,2,25,10,0,3,1,14,18,0,24,15,1,1,0,7,8,14,5,16
"1",13,8,2,3,11,1,20,6,8,1,0,36,23,6,9,2,1,1,21,25,2,31,29,19,0,1,10,13,39,1,1,5,4,4,22,0,30,39,6,9,5,10,4,17,14,3,3,6,40,4,11,1,1,7,1,3,1,29,2,11,0,9,3,1,1,6,12,27,23,30,4,26,3,3,10,0,1,5,19,7,1,4,10,1,7,28,1,3,1,8,4,15,3,4,42,1,10,6,8,29,7,5,9,0,1,21,0,1,15,5,0,39,13,6,0,0,0,1,2,0,1,9,6,0,1,18,12,8,4,2,5,1,3,9,0,17,2,13,0,27,0,7,5,6,0,0,22,3,12,17,7,2,3,23,1,28,1,5,2,4,9,0,4,13,1,5,2,3,3,4,0,6,1,2,1,35,29,4,16,0,0,0,1,3,32,55,4,3,21,7,2,7,0,4,18,18,1,1,26,4,2,2,3,0,3,2,0,4,19,12,22,12,0,5,44,0,1,3,5,2,4,4,2,20,25,2,19,0,4,8,14,4,4,0,1,7,22,11,1,6,0,2,1,7,25,7,0,7,7,6,3,13,1,2,7,1,25,15,1,8,7,2,27,3,19,3,7,2,5,1,29,41,16,22,13,5,13,1,9,2,10,4,5,11,10,19,40,4,1,9,2,7,3,7,14,21,4,7,7,2,1,26,20,2,5,3,12,24,1,24,12,2,0,3,7,6,16,9,22
"1",17,8,0,4,29,1,19,14,4,1,2,24,19,3,10,2,4,0,10,30,1,30,11,20,0,1,10,3,38,0,2,7,1,13,27,3,29,38,3,22,1,4,4,25,6,5,0,8,33,3,19,2,2,11,1,3,2,26,1,7,0,8,4,1,2,4,17,20,26,15,1,34,0,4,9,1,4,10,5,13,7,5,11,0,11,18,1,2,1,6,1,15,12,5,58,1,7,3,19,14,11,1,4,5,2,29,6,0,10,4,0,25,19,11,1,4,3,8,9,3,2,1,8,0,2,17,9,8,5,5,3,0,3,5,0,13,0,31,1,31,2,0,3,16,2,0,28,4,14,8,10,7,7,29,8,14,0,7,3,1,6,0,1,10,1,4,3,11,3,11,0,0,2,11,0,10,15,2,19,0,1,1,3,2,38,51,5,4,16,10,7,2,3,4,20,19,0,3,14,4,2,1,9,1,14,2,1,7,19,13,34,24,2,1,42,1,6,5,2,6,6,2,1,31,21,1,21,3,2,18,31,6,3,1,1,12,14,15,0,3,1,2,4,7,16,6,0,16,9,3,3,7,4,2,9,0,30,5,0,2,4,3,33,2,18,8,3,2,11,0,32,41,17,11,4,0,24,3,6,1,8,10,6,5,30,10,26,3,8,8,1,2,4,8,12,15,4,4,2,7,1,23,28,0,1,1,8,22,3,14,10,2,1,4,2,4,8,19,20
"1",14,4,1,4,15,2,18,25,6,3,1,19,18,6,16,5,3,0,7,27,1,27,19,16,0,0,3,5,54,0,3,4,2,5,22,2,23,17,5,15,8,2,4,21,9,10,2,10,32,1,21,2,0,6,1,2,5,28,3,6,0,6,4,2,2,3,15,18,21,36,1,30,0,5,6,1,2,14,14,14,4,3,9,0,7,17,3,2,0,4,0,13,11,8,35,0,10,4,11,15,13,0,7,1,3,20,1,0,14,1,0,32,31,5,1,1,1,5,3,1,1,2,14,0,0,14,4,5,6,8,0,3,1,9,0,10,0,23,0,28,1,3,4,6,3,0,12,7,11,10,8,3,3,26,4,16,2,3,2,3,6,1,8,11,0,3,1,12,5,6,0,4,0,4,2,27,12,0,21,0,1,0,0,1,34,48,7,4,12,9,7,1,1,5,13,19,0,1,27,5,2,2,4,1,8,4,1,3,17,10,38,15,2,3,39,2,4,5,5,4,9,4,2,19,21,1,16,1,0,10,23,5,7,1,2,13,17,10,1,1,1,3,4,6,25,4,0,18,8,5,5,12,3,2,3,1,32,13,0,4,1,1,35,7,18,4,5,4,12,0,27,37,24,17,6,0,19,5,15,1,5,6,5,5,30,17,42,2,3,3,0,3,0,8,11,22,1,2,3,6,3,20,12,3,0,0,12,15,1,23,13,1,0,2,5,1,13,10,30
"1",20,3,1,1,14,0,14,13,6,1,1,32,28,2,6,10,8,0,9,20,2,19,30,11,0,0,4,7,44,6,2,8,2,7,15,0,20,34,4,9,4,2,2,25,9,6,0,5,24,0,23,2,3,4,2,2,1,26,2,7,0,13,4,0,2,6,16,24,21,25,1,43,3,3,9,1,5,14,5,17,8,9,9,1,9,23,6,5,1,14,2,11,19,7,51,1,6,2,25,12,13,1,6,1,3,31,0,2,11,1,0,29,22,9,2,3,0,6,6,1,0,0,8,0,1,23,4,4,5,8,4,0,4,6,0,11,2,16,1,27,1,3,6,15,3,0,21,9,13,24,14,0,3,25,8,26,4,2,3,3,2,3,7,15,3,7,3,10,7,0,0,8,0,4,0,22,22,4,14,1,0,0,2,5,34,64,4,9,12,8,4,2,4,3,24,14,0,5,20,5,4,3,0,1,7,7,0,7,17,10,30,10,3,2,33,1,5,8,1,7,10,6,0,25,20,4,17,1,1,6,20,6,0,3,0,8,8,12,0,4,5,1,3,6,24,4,0,21,11,7,2,6,4,7,3,1,21,4,2,6,1,2,34,6,31,2,19,1,13,1,30,40,16,15,7,4,14,7,9,5,5,3,2,6,33,14,40,1,5,6,4,10,0,7,11,24,4,8,2,2,3,36,19,1,3,1,15,18,2,17,20,3,1,0,8,6,6,8,16
"1",22,3,2,3,17,0,14,14,10,4,0,28,21,9,12,3,7,1,9,35,2,36,17,15,2,2,8,8,60,7,2,9,0,8,14,5,20,23,4,13,0,0,4,23,16,4,2,7,31,1,24,2,0,9,0,3,6,34,2,8,0,10,4,1,5,2,11,25,15,28,2,28,2,3,4,1,2,15,6,13,5,8,6,1,5,11,1,2,1,9,0,15,10,17,40,1,7,11,14,14,12,6,4,0,1,26,3,0,7,0,0,39,23,2,0,2,2,2,4,2,4,2,10,0,0,6,5,10,2,4,1,2,5,16,1,16,3,12,0,32,0,4,2,14,2,0,20,10,9,17,13,4,0,24,11,34,5,4,3,4,14,2,9,9,3,8,4,8,4,8,0,3,0,2,0,21,12,0,18,0,1,0,0,1,38,56,2,8,14,6,5,3,9,0,14,9,1,3,14,12,1,0,1,1,11,1,0,6,30,6,30,5,1,3,38,0,2,4,4,7,5,2,1,18,22,0,15,2,4,3,39,1,5,3,1,6,25,5,0,3,1,1,3,4,17,10,0,21,10,6,8,13,3,3,4,2,26,11,1,7,4,2,45,3,13,2,9,1,10,1,25,41,19,24,10,1,25,2,8,0,10,9,2,6,24,21,29,2,14,3,3,5,1,5,16,25,5,4,8,0,3,26,10,0,2,0,13,15,1,22,10,3,1,2,14,3,8,10,7
"1",15,7,2,6,22,0,17,13,8,8,1,28,23,4,6,6,1,1,24,27,2,24,17,19,0,1,7,5,40,3,3,7,1,5,24,0,33,36,1,10,1,2,2,17,13,5,1,11,23,2,20,1,2,9,0,4,0,21,6,7,1,10,8,0,2,7,13,21,22,36,4,27,1,3,6,2,2,9,8,18,9,7,13,2,7,23,3,4,1,10,0,9,16,5,32,0,14,5,12,15,8,3,5,0,2,22,2,2,14,1,1,34,24,8,2,0,1,3,2,1,0,4,9,0,0,15,6,8,10,6,1,2,5,9,0,9,3,14,3,36,1,5,2,20,0,1,10,10,12,19,10,3,2,25,6,26,4,4,3,4,4,0,5,13,0,1,6,13,6,10,0,7,0,7,0,25,21,1,32,0,0,0,1,3,29,59,3,4,13,6,8,4,3,3,20,22,2,3,15,4,0,4,6,1,5,0,0,5,22,9,21,13,0,3,44,0,8,10,2,3,7,2,1,20,16,1,25,0,1,4,13,1,2,2,0,26,21,15,0,4,1,0,4,4,29,8,1,20,9,10,4,9,6,4,11,0,18,16,2,4,4,1,19,4,16,3,11,3,5,0,17,40,16,20,11,1,25,0,3,2,5,7,6,10,37,13,54,0,3,9,3,5,2,7,19,25,4,2,6,4,2,17,9,2,0,0,8,20,3,15,15,1,0,3,5,8,5,14,13
"1",15,6,1,1,15,1,19,18,5,5,3,22,28,4,13,4,5,0,8,22,3,25,17,16,2,1,6,8,36,3,2,10,0,6,16,0,21,34,2,9,2,2,1,10,18,4,1,11,38,2,17,0,5,11,3,1,0,28,2,4,1,11,2,1,0,4,22,26,18,22,0,38,2,3,9,4,6,16,14,21,9,7,14,2,3,15,1,3,2,6,2,15,4,5,39,0,9,7,9,12,20,3,5,0,0,20,1,0,12,2,0,31,28,5,3,1,4,7,4,1,1,3,10,2,1,10,10,8,4,8,8,0,3,12,2,5,2,16,1,19,2,4,9,10,2,0,26,11,6,7,5,1,1,24,10,15,4,4,2,4,7,1,5,15,1,2,6,10,5,3,0,8,1,3,0,26,18,2,16,0,3,1,0,4,33,56,5,7,14,16,2,2,6,8,12,11,4,3,23,3,3,2,0,0,15,4,0,2,18,3,28,17,1,1,34,4,5,2,2,5,15,6,2,22,22,1,21,2,3,5,27,7,8,1,2,10,20,11,1,3,0,2,4,9,16,3,1,27,14,6,1,9,13,7,7,2,24,14,1,3,2,0,33,5,19,0,10,5,11,2,17,41,17,12,14,0,30,2,9,5,8,7,3,12,27,26,25,1,4,6,2,3,3,4,20,20,5,9,5,4,5,31,17,3,2,1,13,15,1,9,16,1,1,2,7,10,12,12,12
"1",21,6,3,2,14,0,21,8,10,1,0,24,29,2,9,3,4,2,9,21,2,29,21,24,1,2,7,4,39,2,2,8,4,5,18,1,26,24,2,14,4,1,0,27,23,7,0,5,34,3,14,1,4,6,0,3,2,30,4,9,3,9,7,1,0,7,15,29,26,19,5,33,2,4,3,1,4,4,7,14,9,11,13,2,7,28,2,3,3,7,0,18,8,14,29,0,9,6,14,11,12,6,14,1,3,27,1,1,8,4,0,21,24,9,4,4,1,9,7,2,0,4,8,2,10,11,1,5,7,6,2,4,0,10,0,9,0,21,1,31,0,4,1,13,1,4,12,12,10,11,10,3,4,28,2,30,3,5,0,6,8,1,14,9,1,1,4,8,6,5,2,2,1,0,0,19,25,4,24,1,2,0,2,4,24,63,1,6,12,9,4,6,4,8,18,17,0,0,18,2,1,0,1,0,6,2,1,7,27,4,24,12,3,5,30,0,2,3,5,8,11,1,0,26,23,0,25,3,1,10,25,6,2,0,2,17,15,6,0,3,1,2,8,7,20,5,0,19,8,9,3,13,9,7,9,0,30,16,2,3,5,1,46,8,15,1,12,2,9,2,25,36,12,13,16,3,8,1,4,2,15,3,4,13,24,18,44,2,6,13,4,3,0,3,18,24,3,5,8,5,5,20,10,1,1,1,14,14,0,23,25,1,1,1,8,9,14,10,17
"1",12,2,3,3,20,5,23,21,8,1,2,30,20,5,18,3,5,0,6,38,7,27,17,7,1,0,12,4,55,7,3,7,1,10,18,0,35,25,2,9,5,6,8,20,12,3,2,7,23,1,23,0,2,8,3,2,0,28,0,8,0,9,6,1,3,2,17,33,20,35,3,25,1,0,8,1,3,15,7,17,5,5,7,4,10,18,0,4,2,7,3,12,4,7,39,3,5,6,7,17,13,6,10,1,3,23,7,0,11,6,1,28,24,4,2,2,1,8,4,2,0,8,10,2,0,15,6,11,11,11,5,1,5,11,0,6,3,15,1,23,1,5,7,14,2,0,38,4,15,13,7,1,1,25,6,30,5,1,2,1,7,0,5,9,1,4,3,11,5,2,0,6,1,0,0,22,17,7,24,1,2,0,7,0,23,67,5,12,20,8,6,1,6,1,15,9,0,2,23,4,2,1,6,0,16,1,0,8,22,18,28,12,3,1,43,1,3,7,0,7,10,5,0,17,22,2,19,0,2,9,19,3,3,0,2,11,20,8,0,2,1,1,1,8,12,7,0,15,11,7,4,7,8,2,4,0,19,10,0,5,4,0,44,7,19,4,12,3,14,0,27,22,17,15,9,4,28,2,7,3,4,9,7,10,28,18,26,1,2,9,2,4,0,2,12,25,7,2,7,2,3,32,17,0,1,2,13,15,1,15,12,1,1,0,9,13,8,4,9
"1",8,9,1,2,19,0,21,20,8,4,0,19,26,3,13,2,5,0,11,14,3,29,28,13,1,0,8,8,69,2,1,8,3,8,18,1,35,14,3,18,5,4,3,19,13,6,2,10,23,1,17,0,5,6,4,3,0,27,4,5,2,8,3,1,0,1,16,19,14,38,0,31,2,6,9,2,2,16,4,26,3,5,7,1,4,15,2,8,3,7,1,14,16,7,44,0,4,2,26,8,14,3,9,0,7,29,4,1,15,3,3,33,11,11,5,3,2,12,4,1,1,9,7,1,2,14,6,6,6,7,2,1,0,7,1,24,2,22,2,21,0,1,5,12,3,0,26,4,8,17,11,1,2,27,8,17,6,2,2,4,4,0,10,9,2,4,5,13,6,2,0,6,1,1,1,18,13,3,21,1,1,1,2,4,18,69,8,6,18,10,6,5,6,5,15,17,1,2,23,3,1,2,0,3,12,0,0,4,25,4,26,8,1,2,32,2,2,9,3,2,5,4,0,25,22,2,20,1,5,13,21,5,2,3,3,15,20,10,2,4,2,1,8,13,21,5,2,30,9,8,7,7,4,5,12,2,35,7,3,2,2,0,47,3,19,0,5,2,9,2,29,28,18,20,10,2,12,2,11,2,6,5,11,4,25,12,39,2,2,5,3,9,1,9,17,27,3,13,3,3,8,21,8,0,2,2,8,14,1,27,19,3,1,0,5,14,12,10,11
"1",13,3,4,4,16,2,12,14,7,1,1,28,16,2,14,2,5,0,6,27,4,23,24,15,4,2,14,8,62,0,1,7,3,7,22,3,20,22,3,13,1,7,8,22,10,6,6,18,17,0,28,4,2,4,1,1,0,19,2,8,1,14,6,0,4,6,13,30,14,21,0,26,0,2,3,2,6,20,9,21,7,2,12,2,3,15,0,7,0,5,1,14,21,3,39,0,9,5,17,16,20,1,7,2,0,22,4,0,7,2,0,25,20,8,3,4,0,4,5,1,0,7,8,1,4,18,7,11,6,4,1,0,1,4,1,19,2,25,2,16,1,1,12,8,1,1,20,7,14,23,10,1,2,31,3,19,9,2,4,6,11,1,7,8,1,0,5,4,12,3,0,6,0,1,0,29,26,2,16,1,0,0,2,2,23,64,5,4,19,8,3,4,5,5,10,16,3,5,25,5,1,2,3,0,19,2,0,7,19,4,40,16,3,5,44,0,5,11,0,4,4,0,0,21,29,3,18,2,3,16,16,3,4,3,1,14,15,7,0,2,1,1,4,12,44,2,3,14,11,9,3,8,10,14,5,2,38,20,0,3,3,1,21,7,16,6,6,3,7,1,28,28,20,15,18,2,14,2,6,0,3,7,9,8,28,22,39,1,3,2,4,4,1,6,20,27,2,6,4,1,3,21,11,1,3,1,9,11,1,19,14,0,0,2,12,7,4,8,15
"1",13,7,2,4,11,1,21,14,5,2,0,33,18,3,21,1,9,0,11,29,4,35,16,17,1,1,9,4,34,5,1,8,8,8,12,1,32,29,4,10,1,5,0,32,14,3,1,8,29,1,19,0,2,4,1,1,0,33,2,10,0,13,2,0,2,5,16,35,24,17,1,37,2,3,7,0,2,9,10,7,7,3,15,1,6,14,1,1,2,8,1,14,12,4,53,1,9,5,14,14,9,5,7,0,2,29,1,1,10,2,0,32,17,9,2,0,2,9,2,0,0,1,15,1,5,13,0,9,10,4,5,2,1,6,0,11,1,21,0,21,4,3,4,11,0,0,23,11,7,7,6,0,0,33,5,30,5,6,3,3,9,1,12,11,1,2,3,9,8,4,0,8,2,6,1,32,28,5,13,2,3,0,7,1,29,62,14,5,15,12,9,6,4,4,10,16,0,2,20,7,0,2,5,0,11,2,0,3,25,4,32,19,4,4,25,3,2,4,2,0,7,2,0,15,22,3,35,0,3,14,25,4,3,0,4,8,13,6,0,3,1,0,3,10,9,6,0,18,4,4,3,9,8,4,2,1,33,18,1,2,3,1,42,6,14,3,2,2,11,1,24,37,14,18,16,1,21,3,4,2,4,4,13,6,29,19,31,1,2,6,2,3,2,12,14,25,1,5,5,6,3,28,23,1,1,2,8,17,0,25,21,1,0,1,6,4,5,6,10
"1",10,8,1,5,18,0,14,18,8,2,2,22,32,6,12,7,5,3,16,29,4,27,26,12,0,1,9,2,36,6,2,3,2,4,24,0,27,25,7,12,2,9,3,27,10,3,1,9,26,1,25,3,1,6,2,1,3,26,5,11,0,9,2,1,4,6,16,30,25,21,2,28,0,2,4,0,2,17,8,20,3,2,8,0,7,18,3,4,2,7,2,14,6,9,27,1,7,1,15,8,12,1,2,0,4,24,3,0,11,2,1,26,15,5,0,4,2,13,1,0,1,7,9,0,1,14,8,7,8,5,2,0,0,5,2,16,2,20,0,25,1,4,6,6,2,0,23,13,10,13,5,2,2,12,11,22,3,2,3,3,14,0,1,12,1,3,1,6,4,4,0,5,1,4,1,33,18,1,24,3,2,1,0,2,33,58,3,2,13,13,5,0,3,2,18,21,0,3,15,4,0,0,11,1,11,6,0,8,34,4,26,16,1,2,50,1,4,9,4,5,12,3,1,25,29,1,30,1,5,5,16,8,3,2,1,12,19,8,1,1,2,1,3,4,29,6,0,17,7,6,1,4,1,9,4,0,19,14,1,4,2,0,38,1,20,1,7,3,5,1,27,44,22,22,8,0,24,5,4,1,9,8,8,8,22,18,40,0,3,9,0,6,3,9,11,23,8,0,6,1,4,32,12,1,0,1,10,24,3,19,12,1,0,0,7,5,13,3,7
"1",25,4,4,6,19,2,19,22,7,2,0,46,21,3,19,8,3,0,13,28,1,24,15,13,0,1,5,4,56,5,1,5,3,12,20,2,21,35,3,22,4,4,3,14,10,5,2,9,32,3,20,0,4,11,10,4,5,21,1,14,0,17,7,3,1,2,17,33,24,19,3,36,3,3,11,1,1,15,10,12,9,9,10,1,8,13,2,4,3,16,2,13,21,2,37,1,7,4,21,17,7,3,6,1,4,33,1,1,14,1,1,33,22,9,2,0,1,12,2,0,0,5,12,2,1,9,13,5,8,3,1,0,0,4,1,14,1,23,0,23,3,0,3,12,0,0,23,5,5,12,10,4,2,20,10,16,3,3,6,4,8,2,12,10,5,4,6,4,5,4,0,3,1,5,1,27,18,2,32,3,4,1,2,2,23,42,7,6,11,5,5,3,9,2,23,13,1,0,30,2,1,0,7,3,6,7,1,2,20,9,40,7,2,3,33,0,5,11,3,6,13,1,0,18,23,2,27,1,5,4,34,3,4,1,2,11,15,8,0,5,0,1,7,9,26,8,1,8,7,3,1,10,5,9,7,4,30,9,1,8,5,1,29,6,12,1,7,5,7,0,40,36,25,20,9,2,12,4,6,1,4,7,8,7,21,19,29,1,2,10,0,5,1,6,14,25,1,6,10,1,4,28,4,1,0,4,16,21,5,25,10,6,1,1,3,8,8,9,18
"1",18,2,0,5,19,0,21,13,6,2,1,15,15,2,11,7,2,0,12,28,8,32,26,10,1,1,11,3,52,1,2,6,1,11,12,1,21,27,4,19,2,4,2,36,9,8,3,2,25,2,27,0,2,6,2,0,1,27,1,6,0,12,4,1,1,2,14,31,13,22,5,40,0,2,11,0,0,12,10,17,14,4,7,1,10,26,3,3,3,5,1,10,8,7,43,0,7,3,18,14,15,8,12,1,1,17,3,1,14,1,1,41,21,8,2,3,0,3,7,0,0,2,9,2,1,20,8,10,3,2,4,1,1,12,2,8,2,24,0,21,1,7,6,12,2,1,29,3,8,15,8,2,3,40,4,31,7,6,1,4,6,2,1,10,0,1,1,8,4,2,0,10,3,3,0,28,31,3,11,2,0,0,1,2,23,53,10,5,11,12,8,5,5,4,15,18,0,1,23,4,3,4,7,0,6,3,0,5,29,9,30,7,1,0,38,2,3,3,2,3,14,2,1,26,20,1,18,1,6,5,16,3,2,1,0,7,22,7,0,2,1,2,7,3,21,2,0,16,8,11,6,7,7,2,10,1,21,9,2,8,3,0,29,4,9,1,10,3,5,1,16,29,17,8,14,1,18,4,8,0,5,5,5,9,23,23,34,5,6,8,1,8,0,3,21,22,5,5,2,1,5,26,8,4,4,0,10,16,2,12,17,2,3,0,4,5,8,10,17
"1",15,5,2,4,18,1,17,12,10,3,0,24,15,0,11,3,6,1,5,20,4,17,25,17,2,2,1,3,68,7,3,2,1,8,15,2,38,18,2,14,4,4,3,19,17,6,1,9,37,1,26,1,3,6,3,0,2,30,1,6,1,11,3,0,3,4,14,36,22,23,2,22,0,1,7,1,0,7,7,14,5,9,22,0,14,23,5,2,3,7,2,11,9,8,63,1,9,0,21,13,13,10,10,0,2,25,2,1,15,5,1,29,19,11,5,5,1,6,0,0,0,5,12,0,5,10,7,11,8,7,0,0,1,11,1,15,0,20,0,24,3,4,8,16,4,1,22,6,9,14,15,4,2,25,3,17,0,3,5,1,11,0,10,16,0,4,4,5,6,7,1,6,3,5,0,19,14,2,11,3,1,0,2,2,17,75,9,6,19,4,10,4,10,2,16,12,1,3,19,6,8,3,2,1,6,4,0,4,17,5,27,15,0,3,22,0,4,8,4,4,6,5,2,18,20,0,12,2,7,9,23,4,0,1,4,9,11,5,0,5,0,2,2,9,23,8,0,16,6,9,3,10,5,3,8,2,22,13,1,4,3,0,31,6,20,2,12,2,9,0,23,27,15,15,11,2,23,3,4,3,3,9,13,5,25,19,37,3,2,4,2,5,2,10,14,33,2,6,8,1,3,28,9,1,2,2,11,19,1,12,20,1,0,0,4,10,14,5,21
"1",11,8,4,12,16,0,15,12,9,3,0,22,12,7,15,5,2,0,10,21,2,23,12,14,3,0,7,6,46,3,2,2,3,4,21,6,20,35,2,12,1,3,5,24,14,6,1,14,32,2,17,2,1,5,1,2,2,35,3,11,0,10,2,0,3,2,8,21,20,20,2,29,5,3,5,1,0,14,7,14,12,9,6,0,10,16,2,5,1,9,0,14,9,8,44,0,4,4,24,20,11,3,13,0,1,26,0,1,10,1,0,37,19,6,0,0,0,13,3,0,1,4,8,1,1,11,3,5,8,4,2,1,1,12,1,7,1,22,3,22,2,2,4,8,3,1,12,3,12,20,5,4,1,22,3,12,3,4,2,1,8,0,7,9,1,10,1,8,1,7,0,10,1,1,1,34,12,5,15,1,1,2,2,3,26,64,6,4,8,10,5,1,6,7,15,10,1,0,17,3,2,5,4,1,8,4,0,6,19,12,30,8,1,1,43,0,4,12,1,4,6,3,1,17,16,4,12,1,8,6,14,7,3,3,1,9,9,21,1,4,1,2,2,11,20,3,1,11,12,4,4,9,4,3,3,2,20,8,1,11,3,2,22,3,22,3,9,1,15,0,37,31,14,23,5,1,12,5,9,1,5,6,2,6,34,24,33,0,3,7,2,3,2,7,15,22,3,3,11,0,6,31,27,1,0,1,16,13,1,15,14,2,3,0,6,11,19,7,21
"1",19,8,1,4,21,2,15,12,4,1,0,30,15,4,14,0,6,0,7,28,0,24,18,19,0,1,9,2,51,1,2,8,3,9,17,1,29,25,3,18,1,1,2,21,14,5,2,8,27,2,20,2,1,4,2,4,2,21,3,19,0,15,2,2,0,2,15,25,19,37,6,28,7,3,9,0,1,12,10,23,5,7,13,1,9,25,3,2,0,8,2,15,7,10,40,6,12,4,14,14,9,3,12,2,1,19,2,0,10,6,0,20,21,9,4,3,4,6,0,2,0,1,18,0,1,10,3,8,13,7,1,2,7,5,1,5,3,14,0,20,1,8,2,13,0,2,15,2,7,22,12,1,4,32,6,28,1,4,6,5,13,1,2,9,0,3,6,10,3,5,1,10,0,5,1,33,18,1,23,1,2,0,4,1,24,51,3,7,18,5,6,3,2,1,15,8,2,0,19,6,2,5,2,0,5,5,1,2,13,5,30,16,1,0,52,1,2,4,10,4,6,3,0,15,12,2,19,1,4,7,22,7,2,2,10,12,17,7,1,4,1,0,3,8,32,4,0,14,8,3,0,6,2,5,8,3,23,10,1,12,1,1,25,2,12,4,6,4,6,0,27,51,17,15,9,2,20,2,8,4,9,7,6,4,30,13,26,1,2,13,2,4,2,10,15,23,7,4,5,1,1,34,6,1,0,2,13,14,1,24,19,3,0,2,8,5,10,13,14
"1",18,6,1,2,16,0,15,10,6,1,0,33,23,8,10,5,8,1,10,25,8,23,21,19,1,1,9,3,34,2,3,1,2,7,21,0,22,39,2,17,1,2,4,23,9,6,1,11,25,0,21,1,2,7,2,1,2,25,2,7,0,14,2,0,0,2,13,29,27,12,2,29,2,6,9,0,1,21,6,15,1,5,9,2,5,12,1,3,0,12,1,13,8,11,46,0,7,6,18,16,10,3,10,2,0,30,3,4,19,1,0,36,17,5,2,2,1,7,1,0,1,1,7,0,5,12,5,13,5,4,2,0,3,15,0,15,2,16,0,27,0,9,1,20,3,1,13,4,11,17,14,3,2,12,6,24,2,5,2,4,10,0,5,12,0,10,10,10,7,1,2,3,1,0,2,16,15,3,19,0,0,0,5,1,23,69,3,8,5,7,3,0,6,2,9,26,2,2,27,8,0,5,5,1,11,0,0,7,34,9,26,10,2,0,46,0,2,8,2,2,3,1,1,25,24,1,17,1,5,7,24,8,2,0,6,5,9,7,2,4,0,1,7,2,20,3,0,12,12,9,1,12,8,8,3,0,34,7,1,5,1,4,34,3,10,3,12,3,2,1,27,23,26,21,14,6,22,2,6,1,9,6,4,3,19,12,46,7,2,6,1,5,1,8,11,27,1,9,3,6,1,25,18,0,1,2,6,19,2,19,12,2,0,0,6,6,4,9,12
"1",17,7,2,3,18,0,19,11,7,5,3,22,23,7,13,0,9,1,19,16,2,26,22,8,0,2,12,8,41,1,2,5,4,11,24,0,15,33,4,11,0,2,0,17,16,6,3,2,25,2,19,0,0,3,0,2,1,26,0,13,0,4,2,1,6,4,14,22,20,24,2,31,1,1,3,2,2,14,7,15,4,4,9,0,8,18,2,2,4,6,4,9,11,5,31,1,3,7,19,8,5,3,4,1,4,29,3,1,10,5,1,28,29,7,2,2,2,6,1,0,0,1,21,4,1,8,8,6,10,1,0,2,7,9,1,12,0,31,0,32,2,1,4,6,1,1,12,4,7,16,14,0,2,16,8,23,7,4,2,2,8,6,6,8,0,4,3,5,6,8,1,10,0,8,0,20,26,4,17,1,2,0,0,1,25,63,0,3,19,6,4,1,4,3,15,13,0,1,21,7,1,1,2,0,3,2,1,4,29,7,16,12,1,5,48,2,4,9,2,3,10,5,0,20,22,3,17,1,3,7,36,3,6,4,1,15,9,9,0,4,1,2,3,7,23,1,1,19,15,9,2,6,5,3,10,1,17,9,0,3,2,4,33,6,12,2,10,3,6,0,25,35,21,24,9,0,17,4,9,0,3,5,4,7,18,17,39,2,0,11,0,8,1,8,18,16,1,2,7,1,2,30,25,0,0,3,14,19,4,13,20,2,1,0,8,15,10,10,14
"1",19,7,0,3,25,0,25,13,3,3,1,25,19,4,8,3,5,2,15,16,5,24,14,17,5,0,15,3,38,3,1,12,2,4,23,2,37,27,1,23,6,2,0,18,12,5,2,3,33,0,15,3,0,3,2,5,0,36,3,5,0,5,1,2,0,4,13,26,15,33,0,41,1,5,3,3,1,10,5,21,7,8,21,1,6,21,1,2,7,12,3,10,19,2,28,2,9,2,25,14,17,7,9,0,2,26,2,0,11,5,0,44,24,10,1,1,1,6,2,1,4,2,9,0,4,12,10,2,4,3,1,1,3,14,0,10,2,27,3,43,1,2,5,15,3,1,19,14,16,5,7,3,0,28,8,15,2,4,1,6,3,3,5,9,0,6,4,12,1,4,0,5,2,3,1,15,11,3,20,1,0,1,1,3,22,63,6,6,12,8,3,6,4,2,10,13,1,3,21,3,0,2,6,1,14,1,0,2,29,7,27,15,2,4,46,0,2,8,5,2,10,3,0,34,15,1,29,0,2,10,11,4,8,2,1,8,15,12,1,1,0,1,4,11,28,2,2,15,12,7,1,7,5,4,3,0,27,17,1,4,5,5,26,6,26,1,3,2,6,1,19,28,18,9,10,2,13,7,9,2,2,5,1,13,22,17,40,6,2,8,2,9,1,10,12,28,6,4,2,4,2,16,7,1,1,1,14,12,0,19,16,1,0,1,10,4,8,6,12
"1",12,5,1,5,21,1,15,20,11,1,1,14,22,5,16,3,5,0,12,21,3,30,20,15,2,0,5,5,44,2,1,3,3,10,18,4,19,29,8,20,7,2,1,21,21,10,1,6,16,3,20,1,0,14,0,2,2,27,4,11,0,12,10,0,4,4,14,22,28,31,1,35,5,1,4,0,1,13,10,18,3,4,11,2,9,11,1,2,1,9,5,16,17,7,47,0,11,4,11,17,5,11,10,2,4,37,2,0,11,2,0,32,13,10,1,2,0,4,4,0,1,3,14,1,1,18,6,9,1,5,2,0,0,13,3,8,1,14,3,27,2,1,6,11,5,2,27,6,9,13,11,3,0,26,10,29,5,2,0,3,5,2,6,11,4,9,6,11,7,5,0,5,4,2,1,29,25,2,16,0,0,0,3,5,40,70,1,10,18,15,9,1,6,5,12,21,2,2,22,4,0,3,8,0,9,4,2,4,21,6,43,11,0,3,40,1,5,7,4,2,4,1,0,27,16,1,28,2,1,5,17,6,7,2,1,16,18,8,0,5,0,1,1,12,21,6,0,22,11,6,5,7,4,2,8,1,22,4,2,6,1,0,34,9,18,0,8,3,11,0,35,30,27,16,16,1,21,1,8,0,5,8,3,2,24,13,39,1,4,9,4,9,0,7,15,22,0,6,8,5,3,25,10,0,1,2,11,15,1,13,13,0,0,2,7,2,7,6,20
"1",10,3,1,2,18,0,12,22,14,1,2,22,21,9,13,5,5,1,10,19,2,27,13,14,0,0,12,6,38,9,0,14,2,7,22,1,29,24,5,22,5,3,1,26,11,4,2,3,20,1,25,2,0,11,1,1,2,34,4,3,1,5,5,1,2,4,16,23,25,31,1,50,1,6,3,0,5,7,9,19,4,8,11,1,5,26,1,3,2,4,3,16,9,6,54,0,6,8,14,10,12,4,6,4,3,31,3,0,11,2,0,25,15,6,0,1,0,5,4,0,1,7,10,0,3,11,2,11,4,1,4,2,5,8,1,17,2,17,0,32,0,2,1,19,1,0,27,6,10,9,15,5,0,19,2,22,5,2,4,6,5,2,1,12,1,5,5,7,4,6,0,7,4,1,0,28,20,1,22,0,3,1,2,3,20,63,9,3,19,7,7,1,5,4,18,22,1,2,14,9,2,1,5,1,7,6,0,4,19,6,44,14,0,3,39,2,1,5,1,3,3,6,1,27,28,0,13,1,6,3,24,3,3,2,4,9,16,7,0,5,2,1,5,3,20,6,0,16,8,13,6,13,4,0,12,0,31,14,2,2,2,1,28,7,19,1,5,4,8,2,33,22,18,24,8,1,10,5,13,4,7,11,5,6,21,24,43,2,2,6,3,5,2,6,16,31,2,6,8,5,3,36,14,0,2,0,14,19,2,21,16,2,0,1,8,8,13,12,15
"1",11,9,1,2,22,0,17,15,9,3,2,25,11,5,9,7,10,0,13,16,2,27,11,25,0,1,11,3,42,3,2,3,2,5,21,1,27,37,5,12,4,0,2,16,15,6,0,4,19,6,31,4,2,11,2,4,5,18,2,9,0,4,0,3,3,4,16,26,19,25,2,44,4,1,6,3,4,20,7,14,12,10,6,2,9,24,4,4,1,10,3,13,10,8,42,0,5,7,19,17,9,3,9,0,5,15,1,0,13,4,0,29,19,2,3,0,0,6,5,0,1,1,8,0,1,12,4,9,15,2,1,0,4,10,0,8,0,17,1,27,0,7,8,14,4,2,15,6,10,5,6,2,4,25,3,20,1,5,3,3,5,1,6,12,0,2,2,10,9,6,0,5,1,1,0,27,14,1,14,0,3,2,4,3,25,74,2,5,7,10,5,1,6,4,5,15,0,2,26,7,0,6,2,0,14,2,0,4,24,8,33,10,0,0,50,1,5,7,7,7,10,5,0,22,27,2,13,0,3,10,36,3,3,0,4,9,18,11,0,2,4,0,5,5,21,8,3,11,3,7,2,3,11,3,13,0,32,7,0,11,5,1,40,9,16,0,4,1,5,0,31,27,24,20,8,0,22,4,10,0,4,4,5,4,24,14,33,1,5,3,2,7,0,6,16,28,3,3,3,3,4,27,12,5,0,1,18,17,1,20,15,1,0,2,5,3,16,5,17
"1",15,5,5,5,16,3,21,16,7,1,1,27,21,5,12,1,6,0,12,20,6,23,20,24,3,3,6,4,59,4,3,2,2,7,26,2,14,14,5,11,3,3,1,17,11,15,1,6,34,4,17,1,1,5,2,2,2,17,4,8,0,6,2,0,2,6,6,28,25,28,1,28,2,3,9,0,2,12,8,15,3,8,15,3,6,23,1,4,2,10,3,10,9,9,54,2,7,4,16,13,9,6,7,0,0,29,0,1,18,2,0,48,11,8,2,1,1,5,4,0,1,3,14,0,0,8,7,5,6,3,3,0,3,14,0,6,3,24,0,29,0,0,5,10,3,3,9,4,1,11,8,1,1,26,6,25,1,7,2,2,6,2,6,11,1,7,1,6,5,9,1,5,1,1,0,22,22,1,18,1,0,0,1,3,25,63,1,6,13,9,6,6,6,3,23,20,1,0,21,4,2,4,5,0,10,4,0,3,20,9,34,8,0,0,61,1,5,6,5,4,10,4,0,28,16,3,18,0,4,13,20,2,0,0,2,11,17,6,0,4,1,1,3,10,27,5,1,11,11,9,6,10,1,6,8,1,37,17,1,8,3,0,30,4,13,1,5,5,4,0,21,23,15,18,14,2,10,4,9,1,7,4,4,8,25,7,39,4,3,5,0,9,0,6,11,18,1,3,0,3,2,31,12,2,0,0,16,14,2,22,13,2,0,0,6,3,12,9,20
"1",19,5,1,3,17,1,11,18,2,1,2,26,20,8,10,1,2,0,17,15,2,26,26,15,1,0,10,15,46,7,1,6,4,7,19,2,26,25,2,19,3,4,5,27,18,5,4,1,21,0,30,0,3,4,3,4,3,26,1,8,0,10,2,1,3,4,17,18,18,21,0,25,1,3,10,2,1,19,9,12,7,14,12,0,7,13,3,2,1,14,0,14,17,11,40,3,10,3,11,11,12,1,6,1,0,24,1,1,8,4,2,30,18,8,3,1,2,10,4,0,0,3,13,0,0,10,5,1,8,7,1,1,3,13,2,12,3,25,0,18,3,2,4,14,3,1,16,5,8,6,11,3,1,28,7,15,2,2,3,3,9,0,7,16,4,2,3,8,6,6,1,3,3,1,1,28,23,0,17,0,0,0,4,1,24,74,1,6,11,11,7,3,7,6,16,18,1,1,15,4,1,5,3,0,9,2,0,5,20,8,38,10,3,3,42,2,2,7,5,4,8,0,0,13,21,3,17,0,5,8,22,7,3,2,2,13,12,7,2,3,2,1,3,11,28,5,0,13,11,5,2,5,6,2,9,1,32,4,0,11,1,0,26,5,13,0,8,2,6,0,23,28,18,26,21,4,17,2,5,0,5,8,3,14,27,16,40,0,3,2,2,2,8,8,13,29,1,8,5,0,4,18,11,1,1,12,12,16,1,14,20,0,0,1,8,14,11,6,6
"1",11,4,2,1,19,2,11,18,7,4,1,29,30,4,8,3,5,0,10,26,7,21,21,22,1,0,9,7,46,5,4,7,2,5,11,2,20,32,4,6,1,3,4,27,10,4,1,9,25,0,19,0,3,10,3,3,5,15,2,13,2,10,0,0,1,4,16,30,20,20,0,16,3,0,7,1,2,14,14,14,3,6,3,0,5,19,2,6,0,8,2,25,8,12,43,0,7,3,9,25,15,7,7,2,5,24,1,0,13,2,0,38,34,3,3,6,1,4,3,1,0,2,5,0,0,19,5,10,6,2,3,1,5,19,2,11,4,21,0,21,1,5,6,15,3,0,21,7,4,14,16,0,1,20,3,34,4,6,0,2,19,1,3,16,3,5,5,9,6,2,0,4,0,0,0,15,12,1,33,2,1,1,3,3,30,60,5,9,25,6,2,5,12,6,14,18,4,0,16,4,2,3,7,1,15,6,0,2,18,6,28,10,1,1,57,0,3,3,7,3,4,3,1,17,22,1,15,2,2,11,14,4,3,1,3,15,27,7,2,1,1,1,3,10,23,7,1,16,7,8,0,12,5,2,7,0,21,9,1,11,3,1,34,3,16,6,8,4,5,0,26,24,17,14,10,0,20,1,9,3,8,8,5,11,31,21,35,3,9,4,1,7,3,8,18,20,6,4,2,2,5,24,5,2,1,2,17,18,1,15,15,2,0,0,6,9,15,14,18
"1",12,4,1,7,26,2,18,17,6,2,3,23,17,4,5,0,3,1,14,27,2,23,19,17,2,1,13,6,50,4,4,7,3,11,23,1,21,28,7,15,9,1,1,19,14,8,3,12,32,2,19,2,2,8,3,1,3,15,5,8,1,10,4,0,3,3,12,26,19,21,2,27,3,1,8,1,4,15,7,13,7,4,16,2,9,23,2,2,4,8,1,12,2,9,42,2,8,2,23,12,3,4,11,2,2,16,1,1,14,3,0,44,19,11,2,4,1,3,1,1,1,4,7,0,0,17,0,7,5,3,0,1,4,12,2,18,1,16,1,27,0,6,3,18,3,0,13,10,15,15,12,2,2,33,10,25,4,3,1,2,11,1,6,10,0,3,2,15,4,4,0,4,0,1,0,19,22,8,16,1,2,0,8,0,17,63,5,6,13,11,5,5,6,5,15,15,1,0,23,2,1,3,5,1,6,4,0,2,19,11,28,7,2,4,41,3,1,2,8,3,10,3,0,20,25,1,21,4,1,9,14,4,5,2,2,9,20,14,0,4,0,1,4,7,33,5,0,14,10,6,5,10,5,3,8,0,27,11,1,5,3,1,25,5,18,12,12,3,5,3,21,27,17,22,12,0,23,2,4,1,4,10,5,7,27,15,40,4,3,6,1,8,2,7,11,23,2,4,4,4,6,25,7,0,1,0,16,12,3,25,10,0,0,4,6,13,5,13,17
"1",20,1,3,1,21,2,15,11,5,4,0,15,21,6,13,7,7,0,14,19,1,23,9,18,1,1,11,6,47,3,2,4,0,8,30,1,23,33,0,24,3,1,4,21,12,5,0,3,24,3,18,2,3,12,4,3,0,18,4,7,1,15,2,1,0,3,21,23,12,27,3,39,0,3,3,2,2,11,7,16,6,4,10,1,11,11,5,4,4,10,5,10,15,3,29,2,11,5,18,7,12,7,8,1,0,28,1,1,14,0,0,32,24,6,0,1,2,6,7,0,0,2,14,0,1,16,4,9,9,4,1,2,0,8,0,12,5,9,0,17,1,2,7,8,0,0,15,5,11,13,10,3,1,21,9,25,9,7,1,3,13,0,4,8,2,4,3,4,8,7,0,9,1,7,0,13,20,2,23,0,1,1,3,0,21,49,1,8,18,12,4,8,13,5,16,16,0,3,27,2,1,2,4,2,11,3,0,3,26,9,34,11,0,0,37,1,2,5,4,2,9,2,2,38,16,1,17,2,5,7,15,5,0,0,2,11,15,5,1,5,2,3,2,7,28,4,0,12,15,7,5,10,3,5,9,3,32,14,1,3,2,2,25,12,24,4,7,4,7,0,20,46,17,13,15,0,20,4,8,2,15,3,10,7,22,19,34,0,0,2,3,6,2,9,16,17,3,6,6,3,1,29,12,0,0,0,16,26,1,18,20,0,2,0,4,8,12,10,16
"1",16,1,3,2,13,1,9,11,7,5,0,21,17,5,8,5,2,0,11,36,3,13,12,13,1,0,12,3,55,1,3,7,6,8,28,0,34,30,1,8,2,3,3,18,18,7,4,10,26,3,24,4,1,8,2,1,1,27,3,5,4,14,0,2,3,1,21,29,25,29,2,38,3,1,3,2,2,12,11,14,2,5,6,0,8,19,8,1,4,6,0,10,13,4,35,3,12,4,20,3,7,4,13,0,0,26,1,1,9,7,0,30,19,3,1,10,0,5,5,0,1,4,10,1,4,15,5,3,7,6,0,1,5,6,0,12,1,26,1,21,0,1,4,8,2,3,27,5,11,18,10,1,3,19,1,17,0,7,2,6,8,0,10,5,0,2,0,7,5,4,1,0,2,4,0,30,19,2,18,0,0,2,2,0,31,61,2,6,16,7,9,1,5,3,12,18,2,0,16,10,1,2,2,1,6,2,1,5,15,10,33,14,1,0,40,0,3,3,3,2,5,4,2,17,19,3,17,3,9,7,27,5,2,1,2,15,13,8,1,3,0,1,2,6,14,6,3,11,12,11,4,6,5,4,6,2,24,10,3,4,0,4,40,10,10,3,8,1,3,2,36,49,13,20,14,1,22,2,6,0,5,1,11,5,25,15,27,1,4,2,4,0,3,8,18,23,2,3,6,3,3,22,11,3,1,5,12,15,4,8,8,2,0,2,6,5,10,9,15
"1",21,7,0,7,15,0,20,18,12,5,1,28,21,7,9,1,5,0,4,28,2,30,21,16,0,1,10,3,35,1,1,3,2,2,12,3,27,32,6,13,5,3,0,18,25,3,1,10,33,2,19,0,1,12,0,2,3,28,4,8,0,12,5,1,0,7,16,23,26,28,1,39,0,5,5,2,3,19,11,12,5,4,15,0,5,19,3,4,4,9,4,13,16,4,36,0,8,6,12,10,12,4,12,1,1,25,6,0,15,1,0,38,15,5,2,7,2,1,3,0,3,4,9,1,1,19,14,6,9,6,2,2,3,15,0,13,3,23,1,36,3,9,3,16,2,0,16,4,7,18,13,5,4,27,9,17,3,4,4,5,6,4,2,10,1,1,2,9,8,3,0,9,0,6,1,28,14,4,13,0,1,1,1,2,23,75,6,5,17,19,5,0,11,4,15,17,3,3,24,4,0,5,1,0,12,1,2,6,11,5,21,15,3,5,46,1,7,3,2,4,11,2,0,26,22,0,11,1,4,17,21,0,4,1,3,10,18,7,1,4,1,4,2,4,21,6,1,21,12,9,5,13,6,3,6,2,26,17,1,5,1,4,35,2,32,2,4,0,7,1,20,42,12,27,9,0,26,1,6,1,7,4,2,14,26,19,49,1,2,7,1,6,3,4,17,25,4,1,4,7,3,23,12,0,1,3,21,23,4,20,15,0,3,3,8,10,15,9,14
"1",7,0,2,3,20,1,17,7,9,1,4,41,15,2,14,2,3,1,12,18,0,27,30,16,1,3,11,2,44,5,3,2,6,7,21,1,34,16,2,6,1,3,5,21,14,5,0,1,24,1,21,0,2,6,0,1,1,33,6,5,2,15,7,1,3,10,12,21,22,24,7,42,2,1,7,2,3,19,6,23,4,7,4,3,7,25,3,3,4,12,3,12,15,8,47,1,6,4,21,27,16,7,11,0,0,14,4,0,6,3,1,28,29,4,1,0,0,5,2,3,0,4,10,0,2,17,12,3,1,2,2,2,1,17,1,13,3,25,1,27,0,3,8,10,2,1,28,9,10,15,8,0,0,26,3,31,1,9,2,4,8,2,2,12,1,0,3,12,6,3,0,9,2,4,1,32,14,3,20,0,1,0,7,2,44,60,10,4,15,5,8,4,3,4,14,19,1,2,9,7,0,3,0,1,9,1,1,2,24,5,22,17,1,2,46,0,3,9,0,5,8,7,1,19,19,1,7,1,8,6,14,4,4,0,6,9,15,10,1,4,3,1,3,6,21,5,2,18,15,3,8,12,6,2,1,0,23,9,3,2,1,3,32,7,15,1,10,0,8,1,24,37,19,22,13,1,22,4,5,2,6,6,4,9,14,11,46,2,2,4,0,6,0,8,23,22,5,2,6,4,3,22,7,3,2,2,5,20,1,28,21,5,0,0,11,7,15,9,14
"1",12,2,3,5,35,1,35,15,14,1,2,24,19,3,10,2,7,1,14,25,4,23,18,14,1,1,11,5,47,2,3,4,2,6,30,2,18,25,3,12,4,1,2,26,25,12,3,9,33,2,20,2,7,6,0,4,1,23,1,7,0,11,3,1,0,8,16,22,27,21,2,31,2,3,16,0,2,14,8,19,5,7,7,1,16,27,1,7,4,10,3,14,13,8,54,1,11,3,16,18,10,1,4,1,4,25,1,0,11,1,0,36,19,8,4,4,1,5,4,2,0,0,9,1,0,16,4,11,11,11,2,3,0,6,1,9,3,33,0,21,0,5,6,14,5,1,20,4,8,10,17,0,0,28,3,29,2,5,4,2,6,0,8,12,0,4,2,3,4,6,0,8,0,4,0,24,27,3,31,1,1,3,7,0,18,53,2,7,13,11,1,0,6,5,14,22,1,3,16,3,1,7,5,1,10,2,2,4,20,7,33,21,3,5,39,1,4,4,0,5,8,4,0,18,20,4,19,3,4,23,26,2,3,3,0,8,34,17,0,8,2,2,2,9,30,3,1,16,9,5,2,7,12,4,5,1,26,25,4,6,2,1,32,9,16,5,6,2,8,0,31,32,18,15,12,2,13,0,11,3,8,8,5,10,35,16,31,1,1,3,1,11,1,3,7,19,7,4,6,5,3,25,9,1,1,0,12,25,2,26,12,4,0,2,6,8,17,4,7
"1",5,1,1,3,26,1,23,14,5,3,3,33,22,2,14,4,6,2,19,27,3,39,20,22,2,1,7,6,47,4,3,11,2,8,20,3,17,29,2,9,6,4,3,12,10,7,2,13,33,3,14,0,2,14,2,0,3,23,4,10,0,14,9,1,0,1,18,34,20,27,4,31,0,2,10,1,2,20,6,20,6,9,7,0,2,25,0,4,3,6,4,18,12,5,41,0,7,0,18,20,10,6,11,5,4,15,2,0,7,3,0,38,28,6,5,1,0,3,2,0,3,4,10,0,2,14,7,8,5,6,1,3,3,10,1,12,0,32,2,13,1,2,6,11,3,1,17,1,13,13,13,2,1,27,6,26,2,5,1,8,14,1,6,9,2,1,4,6,2,8,0,4,1,2,0,38,25,4,21,0,0,0,0,1,21,77,6,8,11,6,0,1,7,1,5,13,4,1,18,5,0,2,2,0,10,2,0,5,21,5,37,10,5,2,30,0,7,5,2,2,12,9,2,23,18,2,20,3,3,7,25,3,4,0,3,11,13,4,1,5,6,1,5,10,18,3,0,25,13,18,3,5,11,1,9,0,26,12,3,3,3,0,34,8,13,4,16,2,9,1,21,32,24,23,8,0,31,4,9,1,10,3,10,11,18,10,38,3,4,3,2,7,2,10,11,31,5,3,7,1,4,20,14,1,3,0,18,29,1,14,14,1,0,1,11,9,9,6,11
"1",14,2,5,5,21,1,15,21,7,3,1,27,18,4,12,2,10,0,16,37,3,19,22,22,3,0,7,7,53,1,2,6,4,13,18,1,23,31,2,8,3,4,4,14,15,5,3,7,29,1,16,1,1,8,2,1,1,18,3,12,4,10,6,2,0,0,17,26,25,25,0,35,1,3,10,0,3,12,13,18,5,11,9,0,6,20,4,4,0,11,4,13,13,11,50,2,8,8,13,22,12,1,12,1,2,22,4,0,17,3,0,32,21,10,5,0,3,2,5,2,0,6,12,0,1,13,8,8,10,5,2,0,9,5,4,16,1,26,0,19,1,1,3,12,3,1,27,5,11,12,9,3,4,29,4,24,3,9,0,3,2,0,6,9,1,1,4,6,2,3,0,4,1,6,1,26,22,5,20,1,2,0,7,1,22,51,7,4,9,12,8,4,1,0,13,15,0,1,12,2,2,3,8,0,9,4,1,5,15,9,33,3,1,1,33,0,4,3,2,3,6,2,0,32,36,1,16,3,4,5,15,7,6,4,1,16,16,17,1,2,3,2,3,7,19,11,2,20,7,9,3,6,2,3,7,0,35,13,0,2,3,4,27,10,23,4,8,4,12,0,30,30,23,15,7,2,23,2,16,4,9,2,8,10,23,11,46,2,1,9,2,8,2,14,25,24,3,5,6,3,3,29,21,0,0,5,16,28,1,15,18,1,0,1,5,8,13,9,14
"1",17,2,3,0,23,0,15,10,8,2,0,29,15,5,14,1,3,0,14,13,3,38,12,15,2,1,13,1,47,1,1,6,3,12,24,2,28,31,2,21,3,2,2,24,15,7,1,7,23,2,17,1,0,3,0,2,2,13,2,10,1,13,5,1,3,0,15,32,17,20,4,29,0,2,2,1,4,20,3,18,10,5,8,1,8,9,3,2,4,6,2,17,17,7,44,2,9,1,15,17,19,5,13,0,3,21,2,3,16,3,0,52,26,7,2,4,2,3,2,0,1,1,13,0,1,15,2,8,7,6,2,1,1,7,0,7,2,19,1,23,1,1,6,7,0,2,22,5,10,13,9,2,3,7,3,29,3,6,2,3,13,0,8,13,1,2,4,5,9,8,0,10,1,4,1,29,20,1,20,1,1,1,1,1,16,59,5,9,10,11,6,3,7,2,10,8,0,2,21,5,2,0,1,0,16,1,0,4,24,8,36,8,1,5,34,1,2,5,4,6,10,2,0,26,13,4,16,6,6,12,23,8,3,2,4,24,14,10,3,2,1,1,5,12,21,4,0,17,6,4,1,8,3,5,7,1,20,15,0,1,0,0,38,7,10,5,8,1,5,0,24,23,21,16,6,0,21,2,7,4,5,6,8,10,14,14,31,3,4,3,0,9,1,6,10,22,3,4,4,4,1,22,12,1,1,1,18,15,2,19,14,2,0,3,11,8,3,10,17
"1",8,2,1,3,28,0,22,22,7,3,1,30,15,3,8,2,6,1,22,20,3,26,15,20,0,0,5,4,48,2,1,10,1,12,16,4,24,24,1,23,3,3,4,35,13,10,2,5,32,2,21,1,1,7,3,0,1,15,2,4,0,14,11,1,6,1,16,20,28,26,2,33,0,0,3,0,4,13,14,14,6,3,10,0,2,34,2,7,3,1,4,5,14,3,48,2,13,3,16,13,11,5,10,1,4,41,0,1,6,6,0,32,18,7,1,3,0,3,3,1,0,3,5,1,2,13,6,7,5,2,1,0,3,11,2,11,3,29,1,21,3,2,6,18,1,2,22,4,7,16,11,3,3,25,4,22,4,6,3,2,9,1,4,9,1,2,3,10,3,7,0,8,3,3,0,25,29,2,13,1,1,0,4,4,26,58,9,6,6,10,4,1,12,6,11,17,1,3,22,4,0,4,4,0,9,1,0,12,21,8,38,6,5,6,41,4,2,4,1,3,8,0,0,23,26,0,29,6,6,7,22,4,1,0,1,14,16,10,0,5,1,1,0,11,12,4,0,17,7,7,5,9,7,8,8,0,23,13,2,3,3,0,35,5,12,3,6,1,8,0,26,28,20,20,11,1,37,3,6,2,4,5,9,7,31,19,22,4,5,6,5,3,0,9,12,42,2,5,3,1,4,41,15,1,0,1,17,25,0,22,7,2,1,2,16,12,8,6,20
"1",10,3,1,2,32,2,14,13,4,4,2,21,20,7,19,1,2,0,12,18,1,40,10,16,0,0,6,3,51,1,0,1,2,7,24,3,31,28,4,14,2,1,1,21,17,11,0,6,28,3,15,2,4,11,0,4,1,18,4,8,2,11,5,1,3,3,8,25,17,28,1,23,1,2,0,1,1,13,7,17,3,11,30,1,7,21,5,4,1,8,2,20,17,8,45,1,7,2,17,7,9,1,11,1,4,20,1,0,16,7,0,43,14,9,3,0,4,8,5,1,0,10,9,0,3,9,6,3,1,7,1,0,7,15,0,11,1,20,0,22,1,1,4,15,3,1,27,12,6,7,4,5,4,27,6,15,3,3,1,3,7,2,5,11,0,2,4,12,4,4,0,7,5,4,2,25,17,2,24,1,6,0,0,4,22,82,1,10,7,9,10,2,4,2,13,9,3,1,23,1,3,0,4,1,5,1,0,2,28,10,36,6,0,2,49,3,2,4,7,5,7,1,0,26,33,1,15,4,6,6,14,6,7,1,3,14,12,7,2,2,4,3,4,10,21,5,0,12,14,3,2,8,2,2,10,0,35,18,1,5,1,0,38,3,15,2,6,0,8,0,33,35,11,23,10,3,22,6,7,2,4,6,7,6,19,20,24,0,3,5,3,8,4,7,19,29,5,5,4,1,3,29,11,3,0,4,10,19,1,19,19,0,0,2,9,8,13,7,21
"1",11,4,2,4,17,1,17,11,9,2,1,34,20,3,7,0,8,1,11,27,9,31,14,18,0,1,6,8,59,4,3,3,5,7,22,0,28,38,1,16,0,2,3,24,12,8,2,6,28,3,20,0,0,5,2,4,0,22,4,8,2,14,3,0,0,2,14,29,25,34,2,32,3,3,10,3,1,10,10,19,3,9,6,1,6,14,2,5,3,11,5,16,5,14,37,3,21,5,13,18,1,1,10,1,1,18,0,1,16,3,1,34,23,10,1,3,0,4,7,3,4,2,10,0,3,16,5,9,3,6,7,0,1,6,3,11,3,22,0,34,0,4,4,15,6,1,19,3,9,13,13,5,0,21,5,21,3,5,5,4,7,0,15,17,1,1,1,11,3,5,0,7,3,6,1,23,19,1,18,1,0,0,7,1,25,59,10,6,9,20,3,5,3,4,16,14,0,0,24,8,1,7,3,0,10,0,1,10,13,2,24,8,3,2,35,1,5,5,4,6,11,2,0,21,15,1,23,3,4,4,21,3,5,1,1,4,19,4,0,6,2,2,3,6,34,6,0,20,8,7,2,8,5,5,5,1,18,9,1,6,1,4,31,4,7,2,7,1,6,0,31,41,19,12,14,4,15,4,10,2,7,7,6,11,20,24,33,1,3,12,2,6,1,5,15,15,1,6,7,4,4,33,14,2,1,3,14,20,2,18,16,0,0,1,7,6,18,11,13
"1",14,4,1,4,27,1,21,20,6,1,3,25,19,9,21,3,5,1,10,15,4,35,15,19,1,1,5,13,47,4,0,5,1,5,32,0,19,30,3,9,2,6,0,20,15,9,3,5,34,0,26,1,1,8,2,4,0,27,7,9,1,17,4,2,1,1,19,29,12,29,2,41,1,1,6,2,1,7,5,18,5,4,9,2,7,14,2,1,5,7,1,9,13,10,37,1,7,1,11,20,8,2,9,0,5,32,1,0,12,2,1,35,17,6,0,4,1,8,3,0,3,0,8,0,1,13,4,9,3,6,1,0,4,11,1,12,1,28,0,33,4,2,5,8,1,1,24,4,8,16,11,1,1,30,15,27,3,3,2,2,7,3,13,11,1,7,3,8,6,6,2,11,2,9,0,23,20,1,22,0,0,1,3,2,31,67,9,9,15,11,8,0,9,5,11,9,0,3,24,7,1,2,4,1,5,0,1,5,12,10,26,11,3,2,35,0,5,4,5,1,11,9,3,19,14,2,20,6,6,16,13,5,10,0,1,13,18,6,0,1,0,1,6,9,17,6,1,12,18,5,3,14,8,8,4,1,23,8,0,8,1,1,39,5,12,3,7,2,7,2,23,21,22,29,10,3,12,1,20,4,5,5,6,9,29,6,48,1,7,7,1,6,1,13,20,28,5,6,3,0,1,15,12,3,2,3,15,8,2,19,18,2,0,4,9,5,10,8,7
"1",12,1,0,5,19,0,13,9,4,1,0,29,16,3,19,1,2,0,11,19,1,42,13,17,1,1,6,9,64,6,0,5,1,7,13,0,35,18,4,10,2,2,0,20,6,6,3,4,28,0,27,1,0,8,1,2,1,17,4,15,1,13,3,0,4,2,23,19,19,29,1,44,0,2,8,2,1,27,8,21,10,5,18,1,10,24,1,7,1,17,2,20,9,4,47,0,10,2,19,10,14,3,5,1,1,25,1,0,11,8,2,41,34,5,4,0,0,3,3,1,1,5,4,2,0,11,5,7,13,5,3,2,5,13,1,13,0,14,0,20,0,5,3,10,1,1,17,2,10,22,10,3,1,18,7,33,6,3,1,3,2,0,6,10,3,0,7,14,4,5,0,2,0,1,0,23,19,0,8,0,6,0,1,2,24,48,5,8,27,11,13,3,4,2,10,19,2,0,17,7,2,4,3,0,18,4,0,7,24,4,22,15,0,4,47,0,3,5,8,4,6,3,1,25,19,0,7,5,5,12,25,5,2,2,1,19,14,10,2,4,2,0,4,6,31,9,1,13,17,7,7,3,4,4,4,2,18,20,3,4,3,0,41,6,14,6,14,1,7,0,15,35,21,22,17,1,19,4,6,1,6,10,6,12,17,24,33,1,1,7,3,7,0,12,21,24,1,3,2,3,2,32,13,5,1,0,15,23,2,22,16,2,1,1,5,9,7,8,19
"1",12,4,4,5,24,1,20,12,6,3,3,11,16,4,12,2,7,0,14,27,2,22,15,14,1,0,10,5,69,3,3,5,3,4,20,2,18,12,5,18,2,3,1,24,23,1,0,8,25,1,10,2,1,9,4,6,1,22,4,10,3,20,7,1,2,2,17,26,14,24,2,15,0,1,4,1,2,11,12,12,6,4,9,0,7,21,6,5,2,13,1,11,12,2,47,2,9,9,14,13,11,1,3,0,4,22,2,0,13,1,2,27,26,10,3,5,0,1,1,2,1,8,10,2,0,9,11,8,2,3,3,0,1,10,0,13,1,25,0,25,1,8,7,19,1,0,13,4,10,20,10,1,0,26,7,21,1,3,1,6,7,1,4,16,1,0,2,4,5,4,0,6,1,9,0,26,18,4,13,0,2,2,6,1,25,53,6,6,18,10,3,6,3,2,18,17,1,1,20,6,0,2,6,0,10,0,1,3,25,2,39,7,0,5,45,1,6,5,7,3,15,1,0,25,19,2,16,4,11,6,17,5,2,1,4,12,21,9,1,1,1,3,4,3,30,10,4,14,13,10,3,6,6,4,1,3,28,17,2,9,1,2,43,8,24,2,5,4,6,1,27,39,18,12,11,0,28,1,4,2,4,4,3,11,20,10,31,0,4,3,5,15,0,4,21,15,2,1,5,1,3,16,9,1,2,4,18,8,0,28,21,0,2,5,8,11,5,9,16
"1",16,6,3,4,25,2,10,9,11,1,1,27,17,6,5,2,5,1,8,23,2,27,16,20,0,1,6,3,39,6,1,4,1,7,32,3,21,25,3,12,0,2,2,31,9,9,0,4,22,1,18,0,0,8,3,2,2,37,4,10,9,10,1,1,2,2,19,33,30,24,3,31,1,4,4,1,3,18,4,27,5,12,6,1,6,27,2,4,1,6,4,15,10,6,30,1,7,6,21,14,8,2,8,0,2,14,3,0,12,0,0,34,19,10,3,3,1,6,5,0,0,2,8,0,0,9,6,4,2,4,3,0,1,2,3,15,3,21,0,20,0,0,6,6,4,0,16,5,13,8,14,3,2,17,4,19,3,3,1,2,10,2,5,14,2,5,4,4,5,1,0,2,0,5,1,20,26,2,17,0,0,0,2,3,18,64,7,4,15,9,8,1,5,2,17,27,1,2,21,8,0,5,1,2,7,2,1,5,22,10,36,11,2,2,38,1,3,4,4,2,10,4,1,18,11,4,18,2,4,11,20,4,2,1,1,7,14,13,1,4,1,2,4,10,34,4,0,18,11,11,0,16,7,8,6,3,14,10,3,6,4,2,35,5,13,2,6,6,4,1,29,27,25,24,13,1,18,3,6,3,11,4,5,1,23,11,37,2,5,4,4,4,1,3,21,18,2,4,4,0,1,21,7,0,0,0,13,19,0,23,23,2,0,0,7,11,3,10,11
"1",23,2,0,4,15,0,12,16,9,2,1,33,20,5,15,1,3,0,10,23,3,28,10,17,0,1,11,5,72,2,0,7,7,14,15,0,24,32,1,11,3,4,3,11,21,10,2,6,26,2,24,2,4,10,5,2,2,19,3,12,2,11,4,1,1,1,17,23,17,30,1,33,1,1,3,3,1,7,8,13,6,4,10,3,11,16,0,6,4,4,3,13,13,3,32,1,8,7,14,10,10,4,8,0,2,19,2,0,4,3,0,28,21,11,2,5,3,3,0,0,2,6,11,0,0,20,7,6,8,1,2,0,5,8,1,8,0,19,1,26,4,7,6,6,2,0,12,12,9,13,3,2,2,34,7,19,3,3,2,4,7,0,8,14,1,4,5,12,6,2,0,3,1,2,1,22,19,3,17,1,0,0,4,1,24,62,8,5,12,11,6,3,7,1,17,18,1,2,18,3,1,1,4,1,8,2,0,4,13,11,34,17,4,4,40,0,2,5,5,4,7,4,0,12,22,1,28,1,5,7,20,10,6,2,1,26,9,6,0,4,0,0,6,7,15,8,0,20,15,3,1,1,5,2,4,1,23,6,2,10,3,1,29,7,10,2,11,2,9,1,36,34,16,25,16,3,22,4,4,1,8,4,10,10,21,24,31,1,2,10,4,4,3,4,14,16,2,5,2,2,4,32,9,0,0,0,21,14,1,13,17,1,2,3,10,5,11,12,15
"1",21,1,2,12,15,1,16,6,7,2,0,44,16,5,9,9,5,0,9,18,2,19,20,24,2,2,10,3,65,5,0,2,0,6,23,0,16,25,2,23,5,3,4,13,11,10,3,6,26,4,15,1,1,11,2,3,1,20,10,10,2,15,7,0,1,3,25,35,28,26,4,28,2,1,2,0,1,10,9,26,5,3,11,0,12,22,2,2,0,8,0,18,18,3,41,5,9,2,29,15,13,11,6,1,5,28,1,1,16,0,0,29,19,6,0,4,2,5,2,1,1,3,10,0,3,14,5,12,13,4,3,1,5,5,0,5,0,21,0,29,5,7,4,10,2,0,9,11,12,9,8,3,1,16,7,23,2,5,2,5,11,3,7,17,2,0,6,4,3,6,0,5,0,2,0,22,9,1,20,0,1,0,1,2,15,66,3,12,20,2,5,2,2,3,11,20,1,1,27,6,2,2,4,1,13,1,2,3,19,10,24,12,6,4,42,2,2,4,6,4,14,3,0,17,21,2,22,5,3,9,21,4,6,5,1,19,18,9,0,2,2,1,3,8,27,10,0,18,11,7,3,5,2,8,6,0,21,12,1,8,2,0,33,5,22,1,9,2,6,0,27,38,16,20,17,1,17,5,7,3,4,10,7,9,28,23,37,3,1,3,1,1,0,5,19,15,5,4,6,4,4,18,19,4,1,3,13,17,0,7,17,1,0,2,7,2,11,11,19
"1",17,5,1,2,22,0,9,17,10,1,0,24,24,3,8,3,4,0,15,20,0,23,10,16,1,1,7,4,43,2,1,2,3,8,26,6,29,26,2,10,8,4,3,17,11,7,4,7,19,3,24,1,1,5,3,5,0,26,6,5,1,14,4,1,3,0,12,35,20,18,1,31,1,3,1,1,4,9,8,14,2,4,10,1,10,17,4,1,1,7,4,8,13,4,35,0,8,8,9,17,7,4,3,2,4,15,0,0,9,0,1,23,16,5,2,2,3,7,10,2,0,4,14,2,2,13,7,8,4,1,5,0,5,10,0,11,0,16,1,24,0,2,3,11,2,0,22,2,7,11,7,2,1,24,2,27,2,5,1,3,9,1,0,15,3,4,4,7,3,3,1,7,4,2,0,17,23,8,8,2,2,0,7,2,14,57,8,5,18,7,3,3,9,3,12,12,2,0,18,2,0,3,3,1,5,2,0,2,21,6,26,12,2,2,38,1,1,2,3,2,5,0,0,22,28,0,21,3,6,5,9,5,1,2,9,5,24,8,1,1,1,2,4,13,19,3,0,24,9,6,4,3,13,1,7,3,27,13,0,3,2,0,37,5,15,6,8,7,8,1,38,45,20,15,12,1,18,3,11,2,3,7,5,7,19,9,41,2,3,4,2,7,0,7,15,26,2,5,5,5,3,28,13,2,1,3,15,11,1,20,18,0,2,2,6,10,9,7,19
"1",15,3,5,9,16,1,22,16,15,1,1,28,11,4,9,1,4,1,12,21,6,26,16,13,1,2,11,3,46,4,0,6,2,10,13,1,16,26,3,14,3,1,8,34,18,11,0,15,29,0,13,6,0,9,3,2,0,19,2,7,0,13,4,2,1,0,13,27,19,27,2,50,1,2,7,4,2,13,3,13,4,1,11,2,1,11,1,2,0,7,7,9,12,13,47,2,7,1,21,17,7,6,2,1,4,25,2,0,13,2,1,28,19,6,2,1,3,4,3,0,2,5,12,1,2,18,8,1,7,1,3,2,6,11,1,18,1,24,0,22,3,1,1,16,1,1,21,3,7,12,8,4,1,18,7,22,6,3,1,5,9,3,6,11,1,6,1,14,4,5,0,3,2,5,0,32,30,2,16,0,1,0,10,2,21,63,2,1,12,7,4,1,2,4,15,12,1,2,16,6,4,5,3,0,13,3,0,4,27,7,20,13,4,2,40,2,3,10,6,2,10,2,1,17,29,2,17,3,3,16,25,4,2,1,3,14,15,15,1,3,2,1,4,4,21,5,0,22,15,5,2,5,7,4,3,1,38,7,1,8,1,1,25,4,11,4,3,2,8,0,36,25,12,25,13,0,21,0,5,0,5,4,5,7,30,24,47,4,0,7,5,6,0,13,4,27,5,2,8,2,1,24,10,2,3,0,11,16,2,13,12,1,0,3,2,4,15,8,17
"1",18,5,2,2,15,3,26,15,9,1,2,28,16,5,6,3,2,0,20,13,1,41,20,16,3,2,8,6,67,2,0,3,5,4,15,1,15,42,5,11,0,7,2,15,22,15,2,3,30,2,15,1,3,6,3,7,2,19,2,9,1,12,4,0,1,2,19,14,29,28,2,32,0,0,9,0,4,18,14,10,12,2,9,1,15,19,7,2,0,14,0,5,19,7,44,2,7,7,17,11,11,7,6,0,1,12,1,1,8,2,1,33,15,6,0,3,0,3,2,0,4,2,6,0,0,14,4,8,9,0,5,2,1,13,1,19,1,12,0,22,0,10,5,10,4,0,18,7,8,11,10,5,2,20,7,35,2,3,2,3,8,3,9,23,0,7,2,4,2,11,1,2,0,9,0,27,11,2,9,0,1,0,1,0,18,53,2,8,16,7,5,5,2,6,30,14,2,4,18,11,5,3,4,0,15,6,0,5,6,10,28,14,0,4,42,0,0,10,0,3,11,2,1,26,17,2,20,1,2,7,20,2,0,1,1,11,23,10,2,3,2,0,2,4,12,7,3,25,8,9,5,10,9,3,6,2,22,20,2,4,0,1,39,4,9,7,3,6,6,0,18,41,33,18,12,1,14,6,12,2,12,7,10,4,22,24,32,3,0,7,0,4,4,9,25,25,3,5,5,8,6,19,16,2,2,1,7,13,3,20,9,1,1,3,13,9,19,7,12
"1",16,5,2,7,25,0,15,10,10,1,1,33,15,7,20,3,7,0,18,12,3,42,27,12,1,2,5,2,61,10,0,1,3,15,25,2,18,26,2,8,2,5,2,11,18,3,4,5,26,4,23,0,2,7,3,1,0,26,3,12,1,10,1,1,1,5,18,18,16,9,0,42,2,0,14,0,2,21,10,15,5,3,4,1,12,30,0,2,2,10,5,13,4,6,44,2,12,1,12,9,8,4,12,0,3,18,0,2,8,2,0,23,19,2,1,6,0,5,2,0,2,7,7,1,2,13,15,8,7,7,3,0,1,13,0,10,2,23,0,31,3,2,3,2,2,0,12,8,9,12,6,1,3,27,3,24,4,6,3,5,11,0,2,13,1,2,6,14,4,2,0,8,1,1,1,25,14,4,21,0,0,0,4,3,26,58,0,5,13,7,7,6,5,4,12,16,2,1,29,6,1,0,2,2,12,2,1,4,21,4,32,12,0,1,35,0,1,7,2,1,15,5,0,14,16,1,8,1,4,6,17,2,4,2,1,4,17,7,0,2,1,2,1,12,17,8,0,21,15,10,4,9,5,4,9,1,21,7,2,9,2,0,37,9,14,3,5,2,4,0,31,31,25,14,14,0,22,1,9,0,4,5,5,7,36,11,30,2,3,6,3,4,0,7,19,15,5,9,3,2,1,30,12,2,2,6,11,24,2,16,18,2,1,3,8,17,11,11,15
"1",10,6,0,1,16,0,17,16,9,2,3,17,13,4,7,4,4,0,15,24,4,26,15,23,4,0,7,5,54,2,2,9,3,6,19,1,22,28,2,9,0,2,5,20,16,3,1,7,20,1,20,0,0,14,0,2,1,21,2,10,2,16,3,1,4,0,16,22,21,21,3,26,0,3,9,1,0,12,13,29,7,10,10,1,11,19,3,3,1,3,6,9,16,6,47,5,9,2,19,9,9,5,12,3,2,20,2,0,8,1,2,34,16,5,1,0,0,6,4,0,0,3,9,3,2,14,6,2,13,4,1,1,2,16,1,6,1,27,2,29,1,2,4,15,1,1,18,3,15,13,6,2,3,10,9,23,3,4,0,1,12,1,4,10,1,2,4,11,2,8,0,6,1,4,0,16,16,6,13,2,1,0,3,2,11,58,0,8,11,5,5,4,0,5,12,19,1,2,20,8,1,4,5,4,6,1,0,8,22,6,28,12,2,1,38,0,0,3,1,2,6,5,1,9,13,0,18,1,7,11,29,3,1,2,3,15,17,4,1,1,3,2,5,8,24,3,0,21,8,8,5,6,2,9,5,0,31,12,1,3,3,1,33,5,9,5,6,3,7,0,19,37,19,16,10,1,34,3,13,0,2,7,4,2,32,16,30,2,2,11,3,12,2,10,20,16,2,8,4,2,3,13,10,2,6,0,8,18,1,19,20,3,1,5,6,11,3,7,17
"1",22,4,0,0,25,0,9,14,3,3,0,24,15,3,11,0,3,0,10,22,1,31,7,19,5,0,4,6,39,3,2,3,1,9,19,1,12,27,3,7,1,5,4,22,13,4,0,7,32,1,19,0,2,8,2,0,0,29,1,6,1,8,7,0,0,5,10,32,28,30,0,49,1,1,9,2,1,15,12,23,3,1,15,0,7,29,0,3,3,9,2,17,13,8,39,1,9,7,15,9,12,3,3,1,2,19,0,0,6,2,1,42,28,7,1,3,1,8,2,0,3,3,7,1,1,19,2,6,9,5,4,4,4,6,4,5,1,26,1,14,0,2,3,20,1,2,10,9,13,7,14,2,2,37,3,29,5,8,1,2,8,0,6,14,0,3,2,11,5,4,0,5,1,5,0,33,15,3,25,0,1,1,3,1,29,57,2,8,10,8,7,4,7,2,11,4,0,1,14,3,1,3,8,0,8,3,1,7,19,7,30,11,2,0,35,1,1,6,0,3,9,1,0,27,25,2,13,1,6,9,22,4,2,0,2,11,13,10,0,1,0,1,6,2,20,9,1,24,8,10,5,14,6,5,7,0,27,8,0,1,6,0,31,11,11,9,2,1,7,2,24,43,15,18,5,0,14,4,5,7,8,5,7,4,32,15,36,1,0,3,1,4,0,9,14,17,5,7,3,4,0,20,16,0,0,3,10,19,1,20,12,2,2,6,2,2,12,7,12
"1",11,4,0,1,10,1,15,13,8,2,0,32,8,8,14,2,6,0,10,13,1,20,18,21,1,1,6,3,42,2,1,4,6,10,23,2,20,11,6,10,5,5,3,33,16,6,3,2,24,0,27,0,2,5,4,2,1,20,5,11,1,10,3,1,2,3,8,24,29,19,0,33,1,1,7,1,3,14,14,17,6,9,7,0,7,25,1,1,2,5,4,14,19,3,31,4,7,4,13,19,19,3,7,1,3,21,3,0,14,1,0,33,17,5,1,0,0,3,8,4,2,5,5,1,1,17,11,10,9,4,4,1,4,8,2,9,0,22,1,24,3,1,7,10,6,1,30,1,8,13,15,3,4,28,16,28,3,7,2,5,4,1,5,8,2,6,3,13,3,7,0,2,0,3,0,18,11,3,19,0,0,1,3,2,35,58,3,5,12,7,5,4,0,8,15,15,0,3,16,8,0,3,3,2,9,3,0,5,24,3,29,12,2,5,38,0,7,5,4,3,9,3,3,17,25,1,12,2,7,9,27,9,8,2,3,21,14,6,0,5,1,2,1,8,22,3,2,10,16,1,1,10,9,4,3,0,25,8,2,9,4,3,38,3,15,4,7,5,3,1,39,28,14,28,16,0,25,6,11,1,6,0,7,10,31,21,40,0,5,7,1,9,3,15,12,30,3,6,1,2,4,32,11,0,0,0,5,22,2,16,13,3,0,2,10,8,13,12,19
"1",13,3,1,8,27,1,31,17,6,2,1,41,29,5,7,0,12,0,15,21,3,28,17,12,0,1,6,8,58,4,0,11,1,1,24,2,20,29,0,16,4,11,5,20,12,3,1,4,13,1,21,0,3,14,0,1,0,25,1,9,1,11,1,2,2,2,14,34,20,18,1,43,3,2,2,0,4,9,13,19,4,1,23,0,8,16,3,3,2,13,3,19,13,5,38,1,4,2,16,12,8,4,14,0,3,33,2,0,19,1,0,45,14,4,2,1,1,6,2,3,0,5,8,1,3,11,5,8,4,6,3,1,3,15,4,16,0,18,1,18,3,1,2,6,4,1,13,15,7,28,12,2,1,24,4,28,6,3,2,1,4,4,7,9,4,2,7,3,6,7,1,9,0,3,0,22,14,2,25,2,1,0,0,4,25,61,5,4,18,12,6,4,2,4,11,13,1,6,14,4,2,3,6,0,9,3,1,2,25,6,29,15,3,0,43,1,8,7,0,7,15,2,2,14,35,2,24,1,3,14,16,6,3,3,1,10,16,5,2,3,2,0,5,10,23,12,0,19,16,9,5,8,11,7,8,0,26,13,1,6,3,1,24,1,18,4,7,4,7,0,31,40,23,8,15,0,27,5,6,1,10,7,3,7,18,17,37,1,6,8,2,8,6,11,15,24,1,4,16,6,5,32,13,1,0,0,19,18,3,20,12,2,0,4,5,9,14,8,13
"1",14,4,2,5,16,1,19,11,5,3,1,26,19,2,10,7,5,2,11,22,1,30,25,12,3,0,8,10,39,3,2,5,2,13,24,1,28,27,7,10,4,6,1,24,17,9,0,6,25,3,20,0,1,13,0,3,0,38,4,3,1,6,4,1,2,0,18,24,22,28,2,29,0,2,3,2,2,6,4,15,6,9,5,2,14,14,2,4,2,12,1,8,14,7,56,1,6,11,16,13,19,2,17,2,6,31,3,0,10,2,0,26,13,5,2,5,0,3,2,0,0,0,10,1,4,12,8,3,12,1,0,0,3,8,1,15,1,24,1,35,3,6,1,11,0,3,14,9,8,12,5,4,3,32,1,30,1,5,2,3,10,2,5,10,1,5,5,2,8,6,0,3,1,5,0,24,13,4,29,0,1,0,2,3,24,54,5,5,16,10,6,6,5,1,8,26,1,4,22,4,1,3,6,2,12,4,2,4,21,9,23,9,1,2,42,3,6,6,3,1,9,5,1,17,21,4,30,3,4,12,14,2,0,2,0,12,23,7,1,2,0,2,2,8,18,3,0,16,4,4,3,5,2,9,5,0,19,8,0,5,4,3,48,7,18,2,13,4,17,0,24,42,16,19,8,2,17,3,8,2,7,5,4,7,24,14,29,7,2,5,3,4,1,9,11,24,3,9,3,1,3,16,6,4,1,1,8,19,1,11,10,2,1,2,10,5,13,9,21
"1",9,3,3,3,13,0,21,11,14,0,2,26,17,9,8,7,4,1,16,14,4,29,18,22,2,1,17,4,37,5,1,3,1,14,17,4,20,30,7,11,5,7,4,22,11,5,2,8,21,2,20,0,3,5,2,0,1,32,4,3,1,6,3,3,5,0,16,28,24,22,2,36,1,1,5,3,2,18,10,20,5,17,10,0,9,13,1,3,1,5,2,16,8,16,29,2,5,4,9,13,15,8,9,1,0,24,2,1,5,8,0,26,21,5,9,0,1,10,2,3,0,1,15,1,0,12,5,10,4,8,2,0,3,5,1,9,1,19,1,39,0,5,4,12,0,0,11,15,10,15,13,2,1,30,6,16,5,3,3,1,7,1,5,13,3,7,2,16,7,7,0,6,1,5,0,19,13,3,15,1,2,0,1,1,33,65,9,8,14,11,10,2,6,5,12,23,1,0,15,6,2,2,4,1,11,1,0,6,14,5,27,12,3,4,40,1,1,3,2,1,5,4,4,11,19,7,14,4,10,6,29,8,1,2,1,8,11,14,0,9,0,0,5,7,25,2,4,23,9,3,4,9,5,4,12,2,26,9,3,1,1,1,28,6,12,6,5,3,8,1,23,43,24,12,16,3,24,2,5,6,5,8,9,1,18,14,39,3,2,5,3,3,6,2,15,18,4,5,7,0,4,18,12,0,3,2,15,26,3,31,20,2,1,2,6,8,16,6,11
"1",19,3,5,3,15,0,19,19,7,6,1,30,20,5,8,6,6,0,12,15,5,32,14,18,0,1,9,11,41,2,0,3,6,4,24,3,24,33,9,9,2,3,4,27,15,5,1,8,19,1,11,4,2,3,1,0,2,26,4,5,1,13,4,1,0,0,27,24,29,18,0,40,1,1,9,1,1,9,10,22,7,12,10,1,12,22,2,6,2,10,0,19,16,8,56,2,13,4,20,10,12,4,9,0,6,23,1,0,9,2,1,29,25,12,0,1,2,5,1,0,0,3,7,0,5,15,11,9,4,2,2,2,3,5,1,16,0,33,0,17,3,1,5,8,2,0,18,12,12,14,6,1,1,32,6,24,2,11,0,4,8,1,5,9,2,3,3,8,1,3,2,2,1,1,0,23,18,4,11,3,1,0,2,4,31,68,6,4,15,9,4,6,3,3,10,16,2,5,23,0,0,4,4,1,11,6,0,3,14,4,27,16,4,7,35,1,4,5,1,3,8,2,2,24,19,0,19,1,4,7,22,1,2,2,2,10,20,4,0,5,0,0,4,9,22,11,0,21,13,7,3,9,7,4,5,2,17,9,3,3,2,1,50,6,13,4,5,4,6,0,28,35,18,20,19,1,24,4,7,2,7,7,11,10,8,21,44,2,3,5,1,4,3,11,13,32,2,4,8,2,3,21,7,1,2,2,11,13,2,17,18,2,1,2,2,8,14,7,16
"1",8,0,4,2,23,0,14,16,13,2,1,32,16,3,13,0,7,0,12,34,1,31,21,15,2,1,9,3,45,3,0,5,3,8,20,1,21,29,2,26,1,5,2,31,19,7,1,6,27,0,17,2,1,9,2,1,0,25,7,13,0,10,3,0,0,3,14,30,28,19,5,31,3,0,3,2,1,6,13,24,6,4,8,2,7,13,2,3,3,7,1,12,10,17,39,0,12,7,17,11,7,5,7,1,1,19,4,0,7,3,1,28,14,8,2,2,1,6,7,1,0,2,10,0,2,17,8,9,4,2,1,1,6,13,2,8,3,12,1,32,0,2,5,6,4,1,21,1,16,13,8,6,3,28,2,34,4,2,2,2,13,1,9,7,1,5,1,10,2,7,0,5,0,0,2,27,11,1,19,1,1,0,6,1,31,43,6,9,8,5,8,5,9,4,13,22,0,1,22,4,4,3,8,0,7,3,1,1,14,9,27,17,1,5,34,2,6,7,1,7,12,3,1,17,32,0,15,2,8,9,17,5,9,1,1,20,22,7,0,4,0,0,2,7,26,0,2,17,13,9,1,4,5,0,4,1,25,10,1,7,0,0,41,4,15,6,4,3,7,1,26,34,26,16,18,3,20,2,3,1,7,5,6,4,19,22,34,4,2,8,3,5,0,9,23,14,4,3,3,1,3,18,14,3,1,0,9,19,1,11,10,2,2,2,5,9,7,8,21
"1",17,2,0,1,21,0,15,28,12,2,3,26,15,3,15,2,3,2,6,19,2,20,12,22,1,1,10,5,56,6,0,6,2,9,26,0,30,21,2,6,6,5,5,21,20,2,2,10,35,1,13,3,2,2,1,1,2,24,1,8,1,17,1,2,3,0,22,33,21,19,2,35,0,5,5,0,4,19,10,28,5,2,7,2,18,22,1,4,1,11,4,18,11,12,50,0,5,3,7,15,21,5,9,1,4,37,1,0,14,2,1,28,22,11,1,1,1,9,1,0,0,3,13,0,0,10,5,9,6,7,1,1,1,12,1,9,0,22,4,22,2,2,5,6,0,1,23,10,6,11,11,5,3,25,1,26,5,2,1,8,14,1,7,15,0,5,1,18,3,3,0,9,1,6,0,22,15,2,16,1,2,0,3,1,36,49,5,5,16,9,2,2,6,2,9,15,2,1,19,6,0,1,7,1,4,1,2,2,20,3,22,16,1,1,26,0,3,7,3,6,13,2,1,16,22,2,12,4,3,12,13,4,5,3,4,12,23,8,0,4,1,1,3,10,19,5,0,18,7,4,4,6,4,1,3,1,15,13,0,6,1,1,36,5,12,0,8,1,7,0,22,26,24,22,4,3,22,1,12,1,10,10,4,5,30,18,49,2,5,6,1,12,0,8,14,33,1,9,9,1,3,27,12,3,1,0,15,20,0,18,24,3,0,2,6,11,9,12,18
"1",15,3,4,2,24,1,15,19,6,6,1,36,18,2,14,2,3,0,14,29,1,33,18,15,1,0,10,8,46,3,1,4,2,13,24,1,31,28,4,19,2,4,0,18,9,6,2,11,27,4,19,1,1,9,1,1,1,21,0,9,1,16,4,1,4,3,13,29,22,26,1,34,2,2,2,3,2,13,8,12,7,6,6,3,7,16,3,3,2,6,1,20,11,6,32,0,4,2,13,28,15,4,8,0,2,27,0,0,10,1,0,33,23,2,2,2,1,2,1,3,2,4,16,2,0,17,0,11,6,3,5,4,4,7,3,17,2,13,0,23,0,2,2,9,2,2,26,8,14,14,4,0,1,20,7,26,7,1,6,3,9,1,8,15,4,6,2,11,4,6,1,8,0,4,1,33,16,1,16,1,1,0,3,1,18,40,3,8,11,12,6,1,4,4,17,17,0,1,11,3,5,2,8,2,13,1,0,4,17,5,32,9,0,2,30,2,0,5,3,3,9,3,1,27,14,0,19,2,6,10,20,0,4,0,1,12,18,3,2,7,1,1,2,8,19,4,0,22,14,6,5,9,9,3,1,1,20,11,2,8,1,1,38,6,17,1,12,3,7,0,17,33,13,15,14,5,22,8,4,2,9,9,4,4,22,15,48,3,5,4,2,4,1,8,14,22,1,3,2,5,4,16,19,0,1,0,17,24,1,24,21,1,0,0,7,6,14,9,22
"1",10,4,3,2,19,1,10,7,16,4,1,24,24,3,8,3,7,0,10,24,0,21,14,9,1,0,8,5,42,6,1,5,1,6,16,2,25,32,3,14,5,7,0,13,16,8,2,10,35,3,20,1,4,6,4,4,0,25,4,14,1,10,9,2,2,4,13,18,16,27,2,34,2,1,5,0,3,9,8,22,6,2,9,1,9,23,1,6,3,6,1,10,17,6,52,0,6,4,21,19,7,4,6,5,4,30,1,1,11,2,1,30,15,5,6,3,4,6,3,1,1,1,11,0,2,10,3,12,4,6,3,1,0,6,2,13,5,28,0,31,5,1,3,8,1,3,24,1,17,16,3,0,3,24,10,24,1,1,4,4,5,3,5,14,2,3,1,5,1,2,0,4,3,3,2,26,15,2,18,0,1,2,3,2,23,62,9,3,16,17,3,1,3,1,20,23,0,1,17,6,3,3,4,2,11,2,0,7,20,8,26,14,1,3,38,4,3,12,5,8,9,5,0,14,18,3,15,1,12,9,28,7,2,1,2,9,13,13,0,2,3,3,4,5,16,5,0,11,5,2,3,14,9,1,4,1,30,6,2,2,3,0,47,9,10,4,9,6,5,1,24,20,21,21,10,3,22,6,9,1,7,5,8,7,36,26,18,1,6,0,3,3,1,5,19,24,2,3,4,3,4,22,12,0,0,2,16,22,1,24,16,2,3,1,14,9,11,5,10
"1",11,2,2,2,18,0,25,12,10,5,1,15,21,8,10,3,6,0,19,20,0,27,18,22,2,1,10,1,48,3,6,9,4,7,21,3,41,19,3,11,2,4,2,19,13,3,2,5,29,0,22,2,1,5,3,0,2,26,0,11,1,13,7,0,0,3,22,22,17,13,3,36,0,2,6,2,3,17,6,18,8,11,18,0,16,16,2,3,1,12,2,7,11,8,39,3,7,4,10,14,16,4,13,1,2,11,1,2,12,2,0,34,18,6,0,0,1,4,2,2,1,2,8,0,1,9,6,7,15,7,2,0,2,9,0,15,1,22,2,42,0,1,3,16,0,2,19,7,11,10,14,5,1,23,8,29,2,7,0,3,6,3,5,11,3,2,6,14,3,7,0,2,0,4,0,19,23,1,18,0,2,0,1,2,34,67,4,5,21,14,7,8,1,7,11,28,0,2,16,4,3,5,3,0,6,0,0,4,16,7,25,3,4,0,45,1,7,4,3,1,10,6,2,18,23,6,23,1,3,2,19,4,2,0,2,11,30,10,0,6,0,1,1,6,31,5,2,18,19,7,5,8,7,6,7,0,15,12,2,8,1,2,43,3,16,0,8,1,11,2,29,20,10,13,6,5,15,4,6,1,9,8,11,7,18,17,26,1,7,8,2,8,2,2,19,30,3,11,4,1,2,25,8,1,2,2,10,12,0,17,16,0,1,1,8,11,13,10,23
"1",12,3,0,6,18,0,17,8,10,2,0,37,25,2,13,0,8,0,8,21,4,33,6,13,0,1,12,14,61,2,7,3,1,14,10,3,21,29,6,15,2,4,4,21,6,7,1,7,30,1,15,0,0,6,3,3,3,24,4,12,3,16,2,2,3,6,14,29,28,21,1,27,4,0,4,1,0,12,9,21,7,4,10,0,12,18,4,3,0,7,0,7,18,11,47,0,2,7,19,21,5,2,9,0,0,26,1,0,8,2,2,32,21,6,1,3,0,13,4,1,0,4,11,0,2,20,6,8,7,2,6,1,4,7,1,11,0,13,1,20,2,2,7,13,3,0,29,6,12,12,4,0,3,26,16,31,4,2,1,2,16,1,4,11,0,3,5,5,4,9,0,11,0,3,1,33,14,1,13,0,1,0,3,1,24,46,5,9,20,7,4,2,6,5,11,18,2,0,29,6,3,1,7,0,8,5,1,1,20,10,36,19,2,2,46,0,4,8,1,2,1,2,2,16,26,4,18,2,5,5,23,1,2,2,1,13,12,10,0,4,1,2,7,5,13,8,0,16,8,7,4,6,7,1,5,2,13,11,0,15,0,2,29,9,10,5,5,2,9,1,22,35,15,15,17,1,10,5,3,1,7,4,7,8,26,8,38,0,9,5,1,5,0,6,11,20,4,4,4,1,2,19,5,1,2,1,10,10,1,19,30,0,1,3,5,5,7,5,17
"1",17,4,0,2,24,2,17,17,11,4,0,27,20,6,13,3,5,1,19,32,2,31,13,11,2,2,16,13,42,2,3,1,0,4,19,2,22,26,2,17,5,9,0,28,16,5,4,18,12,3,22,1,1,15,4,1,2,14,3,7,1,14,2,1,1,1,9,24,16,22,0,38,4,2,2,2,3,15,4,25,10,5,6,5,4,8,3,2,1,13,2,15,13,5,33,1,7,1,15,14,14,4,7,3,2,25,3,0,10,0,0,36,25,7,5,1,0,6,6,1,0,0,5,1,0,14,5,7,8,2,0,2,0,14,2,13,3,24,1,22,1,4,4,18,1,1,30,1,7,13,11,2,0,35,6,20,7,8,1,0,8,0,1,11,6,4,2,9,4,6,0,8,0,2,1,27,17,2,17,0,1,1,0,0,26,51,2,5,19,8,9,2,2,3,9,9,1,0,20,2,4,2,0,0,8,0,1,6,24,7,24,8,1,1,32,0,6,11,4,5,3,5,2,14,12,2,30,2,3,12,22,4,3,5,1,11,16,8,1,5,0,1,4,7,16,6,1,22,11,7,3,8,5,2,9,0,36,6,2,4,2,0,48,8,17,4,6,5,11,3,35,27,22,21,7,4,20,2,6,0,7,8,12,5,26,14,32,3,6,6,0,4,0,12,20,26,1,4,8,1,4,41,19,0,0,0,13,32,2,23,18,0,0,4,12,10,8,10,11
"1",14,2,1,7,30,1,23,14,7,3,1,18,12,3,8,4,4,0,17,24,2,29,17,11,1,0,3,5,47,5,0,8,4,11,23,2,26,25,3,8,3,16,3,17,17,6,1,12,31,0,16,1,1,15,3,1,2,15,2,7,0,13,4,1,1,6,13,22,32,20,1,25,2,3,8,3,1,11,7,17,7,6,9,1,5,18,3,3,2,9,0,6,7,4,30,2,8,2,22,20,9,6,5,0,2,22,2,1,9,2,0,34,21,8,4,2,4,9,5,0,0,6,13,0,0,16,5,12,12,0,3,2,2,10,3,10,0,25,0,26,0,2,5,12,0,1,25,6,6,11,7,2,1,20,6,25,3,4,0,8,10,1,11,9,1,7,1,8,2,4,0,5,3,4,0,32,21,1,17,1,2,1,4,3,19,53,3,7,16,12,4,4,2,1,12,7,0,4,29,8,3,5,11,0,6,2,0,2,29,15,31,9,0,2,22,0,2,3,2,2,11,5,1,23,19,5,13,0,8,5,20,3,4,1,3,9,10,11,0,3,1,0,7,12,16,4,2,17,8,10,3,13,3,6,4,2,24,2,4,6,2,0,25,5,15,0,3,2,13,1,29,27,13,20,10,0,28,3,10,1,5,6,2,11,34,13,32,5,0,13,3,4,2,12,13,23,3,4,2,1,2,30,19,2,2,0,13,10,1,18,9,2,2,0,9,6,7,11,20
"1",18,2,0,4,20,0,9,20,16,3,0,38,16,7,5,6,12,1,9,25,2,32,12,15,2,1,8,5,52,5,3,5,1,9,30,1,26,22,3,11,2,3,2,17,15,2,1,11,24,2,30,0,1,13,0,2,2,25,4,10,0,12,5,1,2,7,18,23,36,22,3,31,0,0,3,1,0,11,14,35,5,4,17,0,8,19,3,2,3,6,2,11,11,9,35,1,10,5,19,13,8,7,7,0,1,32,0,1,14,3,0,30,19,14,1,6,1,2,7,2,0,1,12,0,1,18,10,5,1,2,6,1,3,15,1,22,3,20,0,29,2,4,3,11,3,0,24,13,9,14,15,2,1,32,2,23,2,4,2,3,3,1,8,15,1,2,4,12,2,9,1,9,2,7,0,24,13,3,13,0,0,1,2,0,35,64,3,2,9,10,4,4,6,2,21,10,2,3,18,5,1,3,7,1,14,2,0,6,20,9,25,9,0,1,37,4,2,6,3,3,13,4,0,23,7,1,13,1,9,13,24,6,2,0,6,11,26,5,1,2,4,3,3,4,26,4,0,21,7,6,4,9,5,1,8,2,17,10,0,4,5,3,43,7,24,6,12,2,15,0,16,36,27,11,13,1,16,5,8,1,7,7,3,9,25,20,33,5,3,5,3,7,2,4,7,12,5,6,7,2,2,30,11,0,1,0,17,22,1,16,14,0,1,2,4,6,10,8,17
"1",7,7,1,5,13,1,10,15,10,3,1,37,22,3,18,4,7,0,11,20,4,36,25,14,2,0,9,3,57,6,1,10,3,9,20,0,19,21,2,15,1,6,4,22,16,6,3,6,32,1,19,1,0,10,1,6,3,25,4,11,1,15,1,0,1,1,12,18,33,29,2,44,0,5,9,0,4,12,13,24,7,10,19,2,8,20,3,2,1,9,2,17,14,5,40,0,9,0,21,17,18,3,2,1,0,27,2,0,20,1,1,36,24,4,2,1,0,6,8,2,0,3,7,1,1,25,4,6,4,4,1,0,2,8,1,15,0,30,0,20,2,2,4,9,2,0,16,4,5,22,8,2,2,32,10,23,4,3,2,5,10,4,7,6,3,8,1,7,8,8,2,5,2,6,0,22,20,1,15,0,2,0,2,2,28,57,4,2,17,7,6,2,9,2,13,10,0,5,22,5,5,3,3,1,17,4,1,5,13,7,22,10,2,3,35,8,2,4,3,3,12,7,0,21,20,2,12,3,7,8,33,3,2,4,1,15,20,14,2,7,1,1,3,7,25,6,0,29,15,11,5,11,12,6,6,2,32,13,0,7,6,2,43,6,15,1,5,2,8,0,24,28,10,17,17,0,10,4,3,3,6,6,9,9,23,16,32,1,3,6,1,7,0,6,13,19,5,9,2,7,4,30,9,1,0,2,19,18,4,26,21,1,0,3,8,5,17,5,20
"1",16,4,1,2,24,0,16,15,7,0,3,19,18,6,11,2,3,0,10,26,2,24,17,5,6,0,9,11,40,3,1,7,4,10,25,4,35,27,4,10,3,10,7,18,15,6,2,9,36,4,15,0,4,7,1,3,1,30,4,10,1,11,8,0,1,4,10,18,26,14,0,26,0,0,6,0,2,5,12,14,3,4,8,1,1,25,3,4,2,4,5,11,10,13,40,0,13,2,23,17,13,7,7,1,2,24,2,0,11,0,1,35,13,9,4,3,4,0,5,1,0,6,11,0,1,13,9,6,12,8,1,0,4,4,0,14,1,20,1,32,0,1,8,16,1,1,15,5,15,20,11,3,4,33,4,26,0,6,2,3,5,0,8,14,1,1,4,8,7,1,1,9,0,5,0,33,26,0,26,0,0,0,0,3,19,66,5,5,10,13,9,1,7,0,19,11,2,1,23,8,1,3,6,0,11,4,0,7,23,7,25,7,1,0,36,4,3,6,4,2,7,5,1,21,24,0,23,0,2,6,22,1,3,0,2,8,18,8,0,3,2,1,5,5,36,3,0,19,5,5,3,6,8,2,5,0,28,21,0,2,7,1,31,2,15,1,10,2,7,0,29,34,25,10,6,3,27,3,12,3,6,8,6,7,28,14,41,1,2,7,0,3,0,5,18,16,2,5,0,1,3,23,14,4,2,2,18,16,3,13,18,0,0,4,5,4,9,8,19
"1",29,2,2,3,10,0,17,20,8,1,0,25,26,2,11,3,5,0,9,21,1,28,17,13,1,0,6,8,38,1,4,9,4,9,28,4,19,44,0,11,3,3,6,11,22,5,2,2,19,5,23,0,1,7,1,1,1,19,3,16,2,12,6,1,1,3,14,35,24,18,2,37,1,4,8,1,0,12,10,23,5,2,10,0,5,16,0,5,3,13,0,5,13,7,56,3,4,7,12,9,14,6,6,0,2,19,4,0,10,1,0,38,18,10,1,1,0,3,6,2,1,5,7,1,0,14,12,10,10,5,0,2,3,8,0,18,3,16,0,30,2,0,6,11,0,2,15,13,6,7,12,2,0,22,5,22,0,5,6,3,7,1,0,15,2,2,3,11,4,5,0,10,1,4,0,32,10,8,35,2,0,2,4,1,25,66,6,9,16,11,4,4,2,0,9,23,2,2,21,4,3,5,9,1,3,3,1,3,14,8,29,12,0,2,37,1,5,2,7,4,7,7,0,17,28,0,11,2,1,6,18,2,5,3,1,14,20,4,1,5,1,1,2,11,14,4,1,14,5,5,3,7,8,1,2,1,29,5,0,6,0,5,33,2,24,0,11,2,7,1,28,31,21,15,7,4,23,3,4,3,5,6,5,7,30,14,31,1,1,4,2,7,1,7,11,32,1,0,3,11,1,18,4,1,2,3,9,18,0,28,15,1,0,1,8,11,7,16,10
"1",14,7,3,3,34,1,25,18,16,1,1,37,16,4,13,4,2,0,5,22,3,25,26,24,0,1,6,4,46,1,1,4,4,10,8,1,17,31,0,14,6,10,5,28,17,6,0,3,36,2,18,3,1,6,6,1,0,21,5,9,2,9,2,1,1,2,11,22,18,21,1,31,0,6,5,1,1,10,6,29,2,6,6,3,6,25,4,5,1,11,2,14,18,6,39,0,12,6,18,14,10,2,12,1,4,25,1,0,19,0,0,37,18,14,3,2,1,6,5,2,2,3,10,2,0,18,10,8,5,9,1,2,9,10,1,9,6,28,0,25,0,4,1,21,0,2,23,5,6,3,10,1,1,26,5,21,1,0,4,4,10,2,9,12,0,6,2,17,4,6,0,3,1,3,0,28,28,5,10,0,1,0,4,2,23,52,7,8,19,14,4,4,2,0,19,14,0,0,25,9,1,3,2,0,5,5,0,2,20,14,29,20,5,2,38,2,3,5,0,2,6,4,2,29,22,1,11,1,0,12,24,2,1,1,1,8,17,12,1,6,0,1,1,8,15,11,1,25,13,4,2,13,11,8,9,1,32,8,3,7,0,1,30,4,11,2,10,2,10,3,16,24,25,20,8,3,22,2,8,3,8,8,8,5,25,17,25,2,5,8,1,5,2,8,17,36,5,1,7,6,2,25,14,0,0,3,11,9,1,16,20,2,0,5,4,9,6,10,10
"1",19,4,1,5,24,0,14,11,4,2,4,28,14,8,19,4,17,0,13,14,0,35,15,14,0,1,9,3,47,3,2,7,2,9,21,0,19,23,2,24,4,3,1,16,15,5,1,6,19,0,22,1,4,13,2,9,1,24,4,12,0,11,0,1,1,3,16,19,20,27,0,40,1,1,5,0,3,16,15,14,8,6,14,0,9,11,3,7,1,9,1,15,12,15,39,1,10,3,15,12,7,5,6,0,1,29,1,0,12,0,0,25,26,4,4,3,0,1,2,3,1,3,9,0,0,15,2,3,9,8,10,1,2,12,3,4,3,24,0,33,1,0,9,9,1,1,19,6,16,13,5,0,3,27,5,31,1,3,2,6,6,0,4,9,1,4,4,10,1,11,0,3,1,12,0,25,18,5,18,0,2,1,1,4,33,68,6,12,11,9,8,3,0,8,15,20,0,2,18,4,0,2,2,1,19,5,0,4,20,7,35,13,3,1,32,2,3,3,2,7,6,3,2,14,21,2,15,0,2,11,29,7,3,1,5,16,19,11,3,3,0,1,7,12,20,3,1,12,13,1,2,4,4,4,4,1,21,17,6,4,4,1,35,3,15,2,7,2,5,0,26,40,17,15,9,0,25,4,11,1,13,1,8,12,24,18,35,1,3,6,1,3,3,12,14,18,5,6,0,3,4,16,13,0,2,3,5,22,0,20,19,1,1,2,4,9,14,12,16
"1",11,4,3,2,16,2,15,17,15,1,4,22,23,3,19,1,6,0,6,30,3,30,28,10,4,0,11,15,61,6,1,1,2,5,21,2,19,36,3,16,2,2,2,20,13,9,1,5,25,2,32,3,4,10,2,2,0,31,5,8,0,17,6,0,1,0,18,31,18,23,4,44,5,4,13,2,0,8,10,10,7,4,11,1,11,20,2,0,1,11,1,19,12,4,33,1,7,4,17,14,9,3,11,0,2,37,1,0,14,2,1,35,27,6,0,3,0,5,1,3,0,2,8,1,2,19,6,1,13,5,2,1,4,9,6,12,2,28,0,21,3,2,4,8,2,0,23,4,7,26,11,2,1,25,4,27,6,3,3,4,12,1,4,19,3,2,2,11,1,12,0,4,0,3,1,36,23,2,26,3,1,0,2,2,34,54,3,3,16,9,7,2,2,1,16,19,1,2,22,7,0,7,3,0,11,6,1,8,29,7,24,9,2,1,32,0,2,5,1,3,7,3,1,23,22,2,20,1,3,7,17,2,4,2,5,13,13,11,1,12,2,2,3,10,21,9,0,29,6,6,1,11,9,2,12,0,20,26,0,3,2,2,29,4,28,3,8,3,4,0,24,37,25,18,9,0,31,3,9,0,14,0,9,1,22,16,30,1,3,3,1,7,1,11,17,28,3,2,4,6,5,23,10,1,1,5,14,25,1,10,15,0,0,3,7,8,11,5,18
"1",16,4,4,2,37,1,13,21,14,4,0,27,29,2,12,3,5,1,7,29,1,26,19,10,0,3,8,3,42,4,3,9,6,5,32,2,28,24,3,9,0,3,6,19,14,11,2,7,16,0,22,3,0,6,5,4,1,24,7,6,2,18,4,1,0,0,23,15,13,28,4,32,0,1,7,1,3,7,11,17,11,2,13,1,8,19,0,5,2,14,1,11,13,17,49,2,5,1,15,19,9,4,9,1,0,30,2,0,7,0,0,33,18,8,0,2,2,6,2,0,0,7,5,1,2,12,8,15,9,7,2,2,1,8,4,26,3,23,1,26,0,0,5,7,0,0,22,5,5,13,16,1,2,34,5,28,1,3,2,6,5,2,9,18,0,9,8,8,2,0,0,1,0,5,2,33,24,5,29,2,0,2,4,1,27,83,3,6,10,7,4,5,8,5,16,15,1,0,28,4,2,1,3,0,14,3,0,3,16,12,31,6,1,5,45,1,3,1,3,4,13,0,0,17,27,1,19,2,3,10,18,3,8,2,1,12,18,5,1,0,1,3,2,10,21,2,1,18,2,4,2,8,5,2,10,1,28,15,1,8,3,1,32,5,26,2,7,4,8,0,31,18,13,20,12,2,20,2,5,3,4,7,5,3,28,27,27,0,4,8,2,7,1,9,16,20,5,4,8,3,5,30,18,3,2,1,16,16,2,12,19,0,0,0,3,9,9,9,12
"1",16,4,2,5,27,3,17,14,7,3,1,41,11,9,6,1,3,2,19,15,5,36,15,21,3,0,9,4,40,4,0,7,3,5,23,3,20,22,5,9,2,4,5,18,11,5,0,16,33,2,22,0,0,10,0,4,2,22,3,10,2,9,2,2,0,1,15,31,20,34,0,36,2,4,5,0,4,11,8,15,1,4,11,0,3,14,2,1,3,7,3,14,14,7,46,1,12,1,11,14,8,8,5,3,5,33,2,1,12,0,1,31,21,8,3,2,2,12,1,1,7,1,12,1,0,12,8,10,9,6,3,1,3,6,2,13,0,19,1,17,3,1,2,13,3,1,22,2,8,9,12,2,2,34,4,29,4,16,3,4,3,1,8,17,2,4,2,11,6,6,1,7,3,8,0,23,15,5,24,2,1,0,2,3,25,76,9,7,21,7,5,5,2,1,25,17,0,1,13,3,1,2,3,0,11,5,0,6,39,3,32,14,3,3,34,1,2,3,4,3,8,4,1,28,13,3,13,1,3,9,25,3,1,4,3,13,16,11,0,1,1,4,3,9,17,3,2,11,8,13,3,15,8,5,3,0,26,11,0,5,6,1,39,4,24,3,10,1,3,1,37,23,33,17,14,0,17,5,10,2,12,5,7,13,18,20,31,6,1,4,1,6,1,4,16,26,7,7,2,2,4,20,17,3,4,1,5,10,2,28,12,1,0,2,8,12,10,14,20
"1",28,3,7,2,14,0,18,18,10,4,2,22,20,9,7,1,14,1,15,18,1,28,16,19,2,0,5,6,56,7,3,8,2,8,21,1,18,24,1,16,5,3,1,26,11,11,1,5,11,3,24,1,2,6,1,1,0,24,2,6,3,20,2,1,2,2,14,26,17,22,2,35,1,1,6,0,2,14,5,23,4,2,9,2,10,17,6,5,4,11,3,10,10,12,42,0,8,6,10,12,10,2,12,1,7,30,3,1,12,0,0,47,29,9,4,0,1,3,9,2,0,3,11,1,1,14,5,6,8,2,2,0,1,5,2,12,3,11,1,28,5,3,4,10,0,0,19,11,10,14,7,0,3,19,3,41,4,4,2,3,9,1,9,12,1,4,8,9,3,13,0,4,3,2,1,28,17,4,12,0,0,0,3,3,30,66,6,5,16,5,5,1,0,2,19,14,3,2,24,2,1,2,3,0,6,1,0,4,17,12,22,14,0,3,45,1,5,6,0,3,8,2,1,25,26,2,21,0,8,5,31,2,8,2,0,18,14,6,3,1,0,0,6,5,22,2,3,10,10,3,2,2,5,5,1,0,25,7,1,9,1,0,36,6,15,4,15,4,16,0,32,27,24,18,16,1,14,3,5,0,3,6,11,6,19,25,51,5,9,7,2,4,0,8,6,19,1,7,7,3,4,19,18,1,0,3,16,17,3,15,9,2,0,8,9,7,10,6,16
"1",11,2,1,4,24,0,12,14,12,1,0,14,19,6,11,2,10,0,16,23,2,19,9,12,1,2,6,4,50,4,2,4,5,3,16,3,20,28,4,16,5,2,6,27,19,13,3,8,30,1,13,2,4,8,1,2,0,24,4,4,1,24,2,3,0,0,15,27,17,9,0,32,0,5,13,2,2,12,5,14,4,9,3,3,8,18,5,1,2,6,5,11,9,13,28,0,7,7,14,17,12,5,6,4,4,30,1,0,7,0,0,33,17,3,5,0,1,4,3,2,2,0,13,1,3,16,5,7,6,6,4,1,2,18,3,11,0,20,0,21,1,6,5,8,3,0,19,7,7,10,7,1,1,20,4,36,2,4,5,6,11,1,3,20,0,3,6,6,5,2,1,9,1,3,0,25,15,1,23,2,2,4,2,2,24,45,4,6,13,4,3,0,11,6,17,17,1,1,20,5,1,2,5,0,10,1,0,3,25,6,19,5,0,1,46,4,2,10,4,3,9,4,2,19,23,1,20,1,6,9,32,5,6,3,3,9,16,10,1,2,2,0,2,11,18,3,1,20,7,6,4,19,5,2,11,2,28,13,0,5,2,0,38,3,13,2,5,5,6,1,34,23,17,11,5,1,12,3,6,0,0,4,4,5,21,19,33,1,2,7,1,3,5,9,9,30,2,5,4,0,3,33,11,2,1,1,13,10,2,14,26,2,0,4,12,9,11,8,24
"1",23,0,0,1,20,2,16,15,11,0,2,15,22,1,12,3,3,0,7,35,1,24,18,21,2,0,7,7,49,7,0,5,2,6,21,2,31,20,3,4,1,8,3,22,12,5,2,8,29,3,23,0,4,9,4,1,0,20,5,2,5,9,1,0,0,4,25,26,11,23,1,31,2,5,5,1,2,21,7,26,8,14,18,2,9,18,7,5,0,8,0,19,16,6,50,1,7,9,6,13,9,4,6,1,6,26,4,2,7,2,0,27,21,6,7,0,0,8,3,1,2,0,13,0,0,13,5,6,9,4,4,1,0,3,1,10,1,21,2,28,4,0,4,13,2,1,22,13,6,14,9,1,4,20,9,21,2,2,6,2,9,2,6,18,1,1,6,7,3,5,0,10,0,3,0,20,12,4,18,0,2,0,1,4,22,56,7,10,26,13,5,6,1,2,7,18,1,1,18,8,1,4,8,1,9,2,2,3,25,11,25,19,1,2,40,1,4,3,5,2,7,2,3,23,12,0,12,0,5,7,37,1,2,6,5,17,21,6,0,3,0,2,4,13,17,8,0,16,6,7,2,9,3,6,5,2,18,18,2,5,3,0,36,1,25,1,4,0,8,2,26,20,24,17,9,1,9,1,8,7,4,5,9,8,34,11,41,1,2,7,3,4,2,11,9,16,2,6,2,0,4,12,11,5,0,2,15,21,3,23,19,2,0,2,6,6,11,10,19
"1",13,2,4,10,17,0,14,14,8,1,1,17,27,5,12,3,8,1,16,26,4,17,14,17,2,0,10,3,42,6,1,6,2,10,37,1,29,21,6,12,0,4,8,23,10,9,1,2,35,6,26,0,0,8,0,1,0,30,2,6,0,17,1,1,1,5,22,29,21,29,3,30,2,1,10,3,3,13,10,20,6,8,9,1,10,17,2,1,1,6,5,12,15,5,33,0,5,4,13,12,11,7,14,3,0,27,2,1,16,0,1,37,23,14,4,2,0,9,4,2,3,1,11,0,2,15,6,3,7,8,4,2,5,16,4,8,2,14,2,23,0,0,4,8,2,1,24,8,10,13,9,2,0,29,2,36,1,9,0,4,11,2,3,4,1,4,4,6,0,7,0,5,0,4,1,20,12,1,17,3,1,1,1,2,44,60,6,11,13,2,8,2,3,3,13,24,3,3,21,7,0,3,1,1,11,2,0,4,26,8,25,11,0,4,37,1,4,4,1,5,3,5,0,9,19,3,20,0,7,10,25,4,3,1,1,11,12,11,1,3,4,0,1,3,16,2,1,12,9,10,1,10,6,5,10,1,20,11,4,8,0,2,24,5,21,2,5,2,11,1,27,34,19,25,9,1,11,6,3,1,4,4,7,5,14,11,40,2,4,4,0,6,1,4,8,27,3,6,8,1,3,31,18,1,2,2,15,23,0,19,17,1,0,4,9,6,17,11,15
"1",19,2,2,6,21,0,20,16,3,1,0,21,25,2,12,1,2,0,14,19,6,23,25,19,1,2,10,3,43,2,1,10,0,11,20,2,31,36,2,12,0,7,5,32,14,11,5,15,35,3,25,0,0,10,6,2,0,15,0,6,4,8,7,0,0,6,15,24,32,26,0,39,1,0,3,0,2,8,6,18,9,11,5,1,13,12,2,6,1,4,1,17,6,9,42,1,8,2,11,17,11,2,8,2,1,29,4,0,10,1,0,37,19,5,0,4,0,6,4,0,2,6,16,2,4,15,4,8,4,4,4,0,1,8,2,10,2,29,0,30,2,3,1,13,0,1,18,4,16,10,14,3,2,24,3,21,6,3,2,5,7,1,6,10,2,6,5,12,2,6,0,5,1,1,3,30,25,2,16,1,0,1,3,4,42,64,5,8,14,5,7,6,3,5,14,10,2,1,16,2,3,5,4,1,8,1,0,5,31,5,32,12,2,4,40,1,5,7,4,3,10,6,0,18,16,2,10,1,1,8,18,0,6,3,0,16,28,12,1,2,3,1,3,3,12,4,2,12,8,8,1,6,9,1,2,0,28,7,4,4,4,0,33,6,16,8,6,3,16,1,23,26,12,17,13,7,15,2,7,1,4,9,6,4,28,19,32,2,2,8,0,7,1,10,20,22,6,6,3,2,7,27,10,1,0,2,9,26,1,16,20,0,0,1,8,8,6,8,16
"1",16,0,2,2,23,0,12,13,3,0,0,36,14,3,12,3,5,1,13,20,2,32,20,14,2,1,6,2,43,5,3,8,3,14,9,1,31,21,1,15,1,5,1,21,20,7,1,6,38,2,19,1,0,3,0,4,0,27,2,1,3,14,4,0,0,4,25,26,23,17,1,39,0,0,3,4,1,13,16,14,6,3,4,2,7,36,3,2,3,13,2,11,9,9,35,0,9,2,16,10,12,6,13,2,1,30,3,1,14,1,0,28,20,6,4,4,1,10,4,0,1,10,10,1,3,16,4,1,13,14,1,2,2,14,4,9,1,14,0,35,0,4,0,14,0,1,21,4,9,4,10,1,0,39,7,35,4,4,3,0,7,1,7,11,1,7,6,12,4,4,0,5,0,6,0,36,11,3,15,3,1,0,1,0,32,52,7,1,15,8,2,1,4,4,14,9,0,2,25,1,4,3,1,0,12,3,1,6,19,9,21,15,4,4,37,0,1,4,6,5,8,4,1,18,12,5,14,0,5,5,23,4,5,3,2,9,22,8,1,1,0,0,3,7,26,6,2,23,8,8,3,10,12,5,2,0,26,12,1,7,1,0,29,3,24,0,9,3,8,1,34,34,20,16,18,2,18,6,6,3,5,10,5,10,32,30,38,3,5,7,1,5,5,19,15,17,6,2,5,2,2,23,9,1,2,3,10,18,2,20,10,3,1,0,4,7,15,5,23
"1",18,0,5,3,16,3,18,11,7,2,1,27,5,5,13,3,6,0,10,19,3,34,21,17,0,3,16,3,55,5,0,7,5,12,23,2,30,27,1,11,0,5,3,28,12,4,1,8,33,2,22,2,2,9,0,1,0,22,5,16,3,6,2,0,4,6,18,20,34,15,2,22,0,4,2,1,0,16,10,10,10,5,7,0,17,29,2,3,3,4,2,8,13,3,32,0,7,1,16,11,6,3,7,1,1,28,3,0,11,5,0,55,22,5,5,3,0,11,3,0,2,3,8,0,2,14,7,2,12,3,0,1,2,11,0,10,3,25,0,18,1,0,5,15,3,0,24,5,9,10,10,0,1,26,4,17,1,5,6,8,5,2,8,11,3,2,0,8,5,5,0,2,0,2,0,21,23,3,29,1,0,0,1,4,20,69,6,10,10,13,4,5,8,7,21,11,1,3,22,6,6,2,3,0,12,5,0,4,23,8,28,7,0,1,41,1,5,4,4,3,13,0,0,24,22,2,16,2,9,10,23,5,1,1,1,12,21,10,0,6,2,2,3,6,22,5,0,13,7,5,3,6,2,2,9,0,31,2,2,4,0,0,35,7,17,1,9,4,6,0,27,48,14,21,8,1,20,6,15,2,6,0,2,12,31,17,40,0,5,5,2,6,3,8,20,30,2,0,7,1,0,23,19,1,0,4,14,11,0,20,15,2,1,1,4,4,6,5,11
"1",13,2,1,6,27,1,12,17,9,3,2,30,19,1,13,5,5,0,27,18,2,34,16,23,0,0,3,7,43,3,0,6,1,10,26,1,29,20,1,7,1,3,4,26,14,9,4,5,25,1,21,3,1,4,0,4,3,31,1,9,0,15,1,6,0,2,25,29,14,25,4,25,3,1,3,3,4,19,8,24,3,9,17,2,14,23,1,3,1,6,6,14,9,5,37,0,5,8,27,5,9,2,5,1,2,17,3,0,18,5,1,42,23,8,0,1,1,5,1,1,1,5,11,1,2,15,3,16,4,0,6,0,7,9,0,4,1,17,1,25,1,0,4,14,9,0,19,14,10,11,14,3,3,30,7,19,1,4,1,3,9,5,7,18,1,9,2,7,6,5,0,7,2,2,0,28,14,4,18,1,1,2,3,0,21,44,4,2,14,9,9,2,7,4,19,13,0,0,20,7,3,3,8,1,4,2,0,2,28,12,35,9,3,2,45,0,2,6,5,4,9,1,1,19,18,3,14,2,8,15,19,5,2,5,2,2,14,11,0,7,2,2,1,9,17,3,0,13,7,9,4,9,7,5,4,1,27,9,2,6,2,0,32,2,17,1,8,3,5,1,25,23,21,25,14,3,22,3,6,3,4,4,10,14,22,20,23,0,3,6,1,7,2,9,10,18,1,4,1,0,3,17,17,3,0,3,11,22,2,20,12,1,1,3,7,9,7,6,11
"1",15,4,3,5,21,1,20,9,12,2,0,26,13,6,11,2,3,2,15,30,2,22,18,11,2,0,5,14,56,5,7,4,3,2,17,0,15,33,0,25,0,6,2,20,21,4,2,7,37,1,20,3,5,14,1,3,0,24,2,7,0,11,1,2,2,6,22,27,25,26,1,29,1,3,7,1,3,13,10,13,6,7,11,1,11,23,2,3,2,8,2,10,7,9,53,1,8,2,19,19,8,5,4,1,1,26,2,0,10,1,1,32,23,9,5,4,0,4,1,0,1,2,13,1,0,17,1,2,6,7,3,1,2,5,3,7,1,20,0,25,2,2,7,18,4,0,19,6,10,13,17,0,2,28,6,35,1,7,4,7,8,3,3,14,0,4,1,12,2,6,0,7,0,4,0,25,20,3,14,0,1,0,3,0,24,59,6,5,12,10,1,4,2,6,13,28,0,3,17,6,2,1,5,0,8,0,0,5,16,10,38,13,5,0,40,2,4,1,4,4,7,5,0,17,29,3,16,0,11,5,18,3,5,4,4,7,24,9,0,2,2,0,2,10,22,6,2,21,17,7,1,10,1,4,5,1,24,14,5,8,2,1,31,7,22,2,9,5,9,1,28,20,19,15,8,5,16,4,6,1,7,9,6,6,20,20,33,4,2,7,1,5,0,15,23,29,7,6,5,2,2,19,13,3,0,0,26,18,2,28,22,4,0,3,4,4,13,7,21
"1",16,3,5,3,16,0,18,11,7,2,2,26,12,2,13,4,7,0,3,29,4,26,20,20,1,1,6,3,46,4,4,4,2,14,18,3,24,26,5,12,0,6,1,15,21,3,3,2,23,1,23,2,0,8,3,4,3,32,4,11,4,16,2,3,3,1,15,30,25,26,1,23,2,5,6,1,2,21,9,18,9,7,7,1,10,23,3,4,4,3,1,15,9,8,46,1,7,2,13,10,6,4,6,5,3,42,1,0,7,0,2,28,11,2,4,1,3,7,1,1,1,5,13,1,1,13,4,3,10,6,3,3,2,8,0,15,1,27,1,32,5,1,5,8,2,1,22,14,11,8,9,2,1,17,3,16,8,6,1,2,14,1,9,6,3,3,3,6,11,6,1,4,2,4,0,38,20,3,20,0,1,2,4,2,19,64,3,6,15,11,4,0,6,5,12,19,2,6,22,3,7,2,6,1,3,0,1,4,20,17,31,23,2,3,37,3,2,3,8,3,10,3,0,16,25,2,18,0,5,16,19,8,2,6,6,16,19,9,0,4,1,0,3,8,31,3,3,15,6,7,3,4,7,9,7,0,22,10,4,4,2,1,32,2,15,3,5,3,6,2,22,45,19,20,8,4,18,4,8,6,6,5,4,5,32,22,40,0,6,6,4,5,1,10,19,22,3,4,2,3,4,31,11,3,1,0,12,14,0,16,23,0,0,2,6,7,10,16,9
"1",25,5,1,3,30,1,20,16,5,1,3,28,13,4,10,2,3,0,6,24,4,25,22,18,1,0,8,3,46,6,1,7,4,13,24,4,16,34,2,14,0,6,3,37,14,5,2,7,22,1,19,3,0,7,1,2,4,20,3,13,2,17,4,2,2,5,18,30,28,28,1,34,3,5,11,0,2,13,12,12,5,15,8,0,14,21,2,1,1,7,3,11,9,4,54,0,9,3,9,15,22,3,5,2,0,25,2,0,9,0,1,24,15,6,3,3,2,4,3,1,2,3,7,0,1,21,8,6,6,3,2,1,2,16,4,17,4,22,0,24,3,7,5,8,1,2,23,6,9,8,9,2,1,16,7,26,1,2,2,5,9,3,4,11,0,2,2,13,5,7,0,3,1,3,0,26,22,3,25,0,0,0,3,0,20,58,6,3,21,16,7,7,10,2,20,10,2,1,24,4,3,4,5,0,7,1,1,2,19,4,29,7,3,2,47,0,4,3,3,1,9,1,0,8,20,1,16,0,4,10,18,9,2,0,8,16,12,6,0,3,1,3,6,8,27,6,1,19,10,9,1,8,6,2,7,1,23,17,5,4,5,1,34,9,14,1,10,2,7,0,29,43,13,25,4,4,15,4,10,2,3,4,5,0,19,15,45,0,3,8,1,6,1,10,13,20,1,11,9,1,3,26,15,2,0,0,18,12,0,21,23,2,1,0,6,10,11,10,14
"1",22,4,2,2,17,1,10,15,13,2,0,24,10,4,12,1,10,0,11,21,4,16,20,17,2,0,8,6,53,4,1,11,0,5,17,0,23,31,4,13,4,11,9,18,18,7,2,8,20,2,29,0,1,12,3,0,3,23,1,6,2,8,5,1,0,7,16,33,18,30,3,36,1,0,5,1,2,12,7,24,7,7,7,1,9,19,2,1,3,4,6,8,7,11,40,1,7,3,27,20,18,5,5,1,5,25,1,1,11,0,1,22,13,5,1,3,2,15,5,0,1,3,8,0,2,11,9,13,6,9,5,1,0,5,2,19,2,24,0,29,3,5,3,7,1,2,30,8,16,9,12,2,1,31,4,42,3,4,1,4,17,0,9,8,1,3,4,7,9,6,0,4,0,1,2,37,15,2,21,0,1,1,4,2,40,52,5,12,27,7,7,4,10,1,17,12,0,4,20,2,2,5,4,0,13,1,0,3,12,5,19,6,1,2,33,1,5,5,2,6,20,1,0,24,15,1,11,3,9,11,17,4,1,2,6,7,13,13,1,0,1,2,4,5,12,1,0,18,16,8,2,8,7,1,7,1,33,11,1,5,3,0,18,4,19,3,8,4,16,1,30,33,14,16,12,2,21,4,10,4,8,8,8,10,26,20,29,7,4,8,3,4,4,6,8,26,4,4,5,0,0,27,14,1,1,2,17,17,0,18,12,2,0,0,7,11,21,10,12
"1",17,4,1,5,21,0,15,8,3,2,0,33,17,3,15,4,5,0,14,28,0,22,15,14,3,2,10,9,58,6,1,10,0,9,17,0,29,40,2,5,6,2,2,32,6,5,2,7,18,3,21,1,2,12,2,3,4,29,4,11,1,15,6,2,3,3,21,36,23,30,2,44,0,0,5,2,3,24,5,16,4,1,14,0,12,15,2,3,2,5,7,11,1,11,37,1,9,2,21,17,6,3,5,2,1,31,2,2,19,3,0,45,25,8,5,3,0,5,3,1,0,9,9,0,1,21,2,7,10,3,0,2,5,19,1,15,0,25,0,26,4,5,6,13,1,2,17,6,17,22,16,2,1,35,7,17,1,4,1,2,10,1,8,10,0,5,4,13,3,9,1,5,3,5,0,28,17,3,25,0,0,3,5,3,27,73,7,6,22,11,5,1,4,4,12,18,0,1,25,6,4,4,9,0,7,2,0,6,15,10,24,11,0,1,48,2,4,6,5,3,15,3,1,19,30,2,21,1,7,9,30,2,2,2,3,16,13,9,0,5,0,1,5,5,13,6,1,19,13,7,4,6,8,7,11,4,31,5,1,7,6,4,38,8,12,4,5,1,4,0,19,31,9,10,13,1,13,1,6,0,11,6,7,6,13,16,34,2,1,6,1,5,1,10,13,35,4,1,4,0,5,18,11,2,0,0,12,20,3,12,13,0,0,1,6,5,15,8,25
"1",8,9,2,11,28,2,12,17,15,0,1,31,18,6,8,5,3,0,8,34,2,27,14,14,3,0,6,2,42,2,1,5,2,13,11,0,18,29,4,9,3,1,6,32,24,10,1,3,27,1,21,2,3,5,4,1,2,15,3,5,2,15,3,1,1,0,16,21,22,28,0,36,2,2,14,1,1,14,6,17,5,6,12,1,3,26,3,3,4,9,1,15,7,14,54,0,2,4,17,6,16,3,2,1,3,34,7,0,17,1,0,27,26,9,3,2,4,10,5,1,1,2,5,0,3,11,9,7,11,7,1,6,2,4,2,8,0,17,0,27,4,5,3,11,6,1,16,7,5,9,4,2,0,21,3,24,3,5,1,7,6,0,7,11,1,1,2,13,8,12,0,9,1,9,1,25,8,4,25,1,1,0,1,3,20,51,0,9,10,8,3,3,4,7,15,20,0,3,25,14,2,2,3,0,13,5,1,5,21,8,31,18,1,3,30,0,2,5,2,5,9,3,0,21,22,1,15,2,7,5,15,3,2,1,0,9,15,11,0,2,0,1,0,12,26,5,0,16,6,7,1,3,6,11,6,0,20,8,0,14,0,1,34,0,21,1,8,1,13,1,35,27,19,20,14,4,19,1,5,0,9,10,11,10,26,20,39,2,1,7,2,3,0,8,15,23,2,7,7,2,1,30,16,0,0,3,16,25,0,14,20,1,0,0,9,11,12,6,15
"1",11,3,4,5,15,0,20,18,7,1,0,41,26,6,8,1,3,1,22,34,2,29,14,16,1,0,7,6,31,3,0,6,2,14,21,2,30,31,7,14,4,2,1,25,15,5,6,6,26,2,23,1,1,6,3,3,0,25,2,14,0,8,2,1,3,4,30,26,11,14,2,34,2,2,5,1,1,19,4,11,4,9,14,1,8,25,0,0,1,8,0,11,13,11,40,0,8,4,17,13,8,5,6,1,3,23,1,0,8,0,0,30,18,7,2,2,1,4,5,0,1,4,10,0,2,22,9,2,4,6,1,2,1,13,2,22,0,26,0,24,3,2,6,11,2,0,25,5,7,13,14,4,0,18,5,23,7,8,5,3,9,0,16,4,1,4,2,13,7,8,0,7,0,0,1,31,21,1,14,1,1,0,4,1,27,61,9,10,16,5,12,0,7,1,5,26,1,4,13,8,1,3,4,0,8,3,2,3,28,8,41,6,2,2,31,1,1,5,2,4,7,3,0,20,23,2,21,0,5,12,17,4,2,0,0,15,22,7,3,4,2,1,3,8,21,3,1,9,8,8,5,4,3,6,4,0,21,11,0,4,0,1,33,6,17,1,10,1,5,0,29,23,20,17,10,0,13,2,12,1,9,2,6,11,15,26,28,1,3,4,0,5,1,5,16,28,3,5,9,1,1,20,15,0,0,1,21,17,2,12,27,1,0,1,7,6,17,12,18
"1",22,5,0,3,16,0,23,8,5,3,0,27,19,7,10,3,3,0,20,27,4,24,24,21,1,1,8,7,55,4,0,9,3,3,24,3,23,21,2,15,5,2,3,17,14,8,1,9,18,0,17,0,2,8,5,4,0,16,7,6,1,18,4,3,7,6,18,17,18,28,2,25,1,4,8,0,1,5,12,19,7,9,5,1,5,22,1,6,0,6,2,12,16,4,41,3,4,1,21,14,9,7,4,1,2,26,2,1,18,6,0,36,18,3,0,3,2,7,2,2,1,5,6,1,5,9,6,8,6,5,1,2,5,7,1,15,1,18,0,19,2,2,2,7,9,0,18,7,12,12,9,2,2,32,5,27,9,6,3,7,12,1,15,9,0,5,4,8,4,4,0,2,2,6,0,23,20,2,18,1,1,0,7,0,22,58,3,9,16,6,7,0,3,2,18,7,0,1,20,4,3,3,3,2,10,1,0,9,24,10,30,6,0,2,41,0,5,2,3,3,9,1,1,27,14,3,10,3,8,8,19,0,3,3,0,6,15,7,0,5,1,4,4,6,12,3,0,7,9,5,4,1,4,2,4,0,22,5,1,3,2,2,33,3,8,2,6,2,9,2,29,31,16,12,10,4,10,3,9,3,10,4,9,7,24,13,41,2,4,6,1,6,1,9,17,22,4,3,6,1,5,13,13,1,2,0,17,12,1,11,10,2,0,1,10,10,7,11,14
"1",16,4,1,2,16,0,22,19,9,5,3,18,13,1,15,3,4,1,6,16,4,25,20,14,2,0,2,4,49,9,4,2,2,9,29,1,28,25,2,14,3,1,3,33,16,1,1,7,31,3,21,1,1,13,2,3,1,27,5,8,1,10,1,2,2,2,24,33,21,30,1,28,0,5,2,1,2,13,10,17,8,5,14,2,8,25,4,4,1,9,4,15,8,9,37,0,5,5,13,8,13,5,8,3,5,21,2,0,18,0,0,33,15,7,1,2,1,10,4,0,2,6,17,0,2,19,2,8,6,6,4,4,2,10,0,21,1,17,1,20,1,3,6,10,0,2,25,10,5,15,12,1,2,24,9,26,7,5,1,2,6,2,7,9,2,5,3,10,7,4,0,3,1,1,0,26,17,1,13,0,2,0,1,2,24,63,6,4,16,15,4,1,3,4,11,13,0,2,17,6,4,5,4,2,16,2,1,3,23,7,40,13,1,1,45,1,6,2,2,2,8,2,0,17,33,2,15,1,4,11,24,2,7,0,3,16,14,0,0,4,0,2,5,7,28,4,1,22,13,3,1,8,7,6,5,0,26,16,0,2,3,0,43,8,17,3,8,3,3,1,24,34,20,17,12,1,7,0,5,3,7,6,3,12,23,16,43,1,1,4,3,11,3,10,14,27,4,3,5,0,4,19,11,1,2,0,14,24,1,24,11,1,0,2,11,6,8,11,11
"1",19,2,0,2,17,0,15,22,10,1,3,34,14,2,12,2,4,0,12,18,4,32,14,21,1,0,9,11,40,2,1,7,1,8,21,0,17,24,4,13,1,5,3,31,26,8,3,6,14,2,27,2,0,6,4,4,6,19,0,11,0,14,2,6,5,3,11,26,26,28,3,29,0,2,7,0,5,20,10,14,10,11,11,1,7,13,1,3,3,12,1,19,8,5,38,0,11,3,8,12,15,12,7,2,0,29,0,0,11,4,1,43,19,5,1,3,1,8,4,0,0,2,11,2,4,7,6,9,10,6,3,0,6,11,2,16,2,19,0,15,1,3,0,13,2,0,15,10,10,16,6,2,3,19,5,25,3,5,5,1,7,1,3,16,6,2,6,3,6,6,0,3,2,8,1,26,20,7,10,1,3,0,8,1,21,55,8,9,21,5,6,2,2,3,11,15,2,3,28,4,3,2,6,4,9,2,0,4,20,10,28,18,0,1,33,1,3,8,0,1,9,1,0,25,23,1,25,1,7,15,20,5,3,2,1,11,11,8,2,2,0,1,3,6,20,3,0,11,12,6,3,13,5,4,5,2,24,8,1,5,5,1,27,4,19,3,6,5,10,0,26,28,21,19,7,1,20,3,2,2,6,3,11,3,20,20,45,3,4,5,1,7,6,9,9,23,4,7,3,2,2,18,15,1,3,1,9,19,0,10,13,1,1,1,5,8,11,6,21
"1",14,8,4,10,15,2,18,14,6,0,3,19,13,6,13,1,4,3,13,31,1,29,22,22,1,0,6,3,53,4,0,5,3,5,12,3,28,33,1,18,3,2,1,20,13,4,2,7,27,5,26,1,3,13,1,1,0,11,3,7,0,12,6,0,2,5,16,28,20,19,1,33,0,0,11,0,1,14,6,12,3,5,4,1,7,18,2,4,3,8,1,17,15,9,41,0,10,6,5,14,14,4,5,0,0,21,1,1,14,1,0,21,8,6,1,0,1,13,3,2,1,3,16,1,1,18,9,9,2,9,6,3,2,6,2,9,4,23,2,17,1,2,5,8,0,1,16,8,15,7,11,5,0,25,6,28,3,6,0,0,15,1,3,14,3,3,0,8,3,10,2,4,2,5,0,26,25,5,20,0,1,2,2,2,27,46,6,1,19,5,8,4,2,3,15,16,3,1,16,4,6,3,7,2,10,3,0,5,19,11,41,11,1,2,35,1,3,9,3,3,8,7,2,27,18,2,30,4,3,3,23,7,1,1,3,17,18,7,1,5,1,1,1,5,19,3,0,14,16,3,4,13,3,2,3,1,24,4,5,12,2,1,38,5,15,5,2,2,11,0,30,32,24,16,15,1,9,1,9,0,8,9,4,7,18,9,21,1,2,8,0,8,2,9,18,22,5,4,2,3,3,22,11,0,1,4,6,20,4,12,24,1,0,1,4,14,7,8,15
"1",17,4,0,1,20,1,27,11,5,5,1,35,22,4,10,5,3,1,7,13,1,29,13,13,0,0,11,5,53,4,1,3,4,8,18,4,22,32,2,12,1,2,6,22,12,4,0,12,32,1,30,1,1,12,2,2,1,20,3,10,2,10,0,1,2,3,20,22,23,42,4,39,1,5,4,3,3,12,10,12,9,6,14,1,5,29,5,1,0,8,0,8,11,7,41,0,12,2,15,15,15,4,13,0,3,23,6,0,13,0,0,28,17,10,0,3,1,6,1,1,2,1,6,2,2,10,5,9,6,8,2,2,6,11,1,14,3,21,0,32,0,1,5,18,2,0,18,8,10,13,7,1,5,15,9,19,3,4,3,3,11,0,8,12,1,5,6,7,9,5,1,4,0,2,1,26,20,5,18,0,2,0,1,1,27,65,5,5,8,7,4,2,2,2,17,13,0,1,25,9,1,3,0,3,15,1,0,4,14,7,24,10,0,2,42,1,4,4,3,2,5,0,1,25,15,2,17,1,6,7,14,3,7,0,2,12,21,12,0,4,0,3,3,12,20,3,0,12,14,4,1,8,1,6,8,0,23,13,1,5,4,1,28,6,19,5,7,0,11,0,16,44,19,26,9,1,23,3,6,2,10,11,5,17,18,15,42,3,4,12,4,6,5,4,12,22,2,5,3,4,3,47,11,0,3,1,17,17,0,17,17,0,0,2,8,11,15,7,12
"1",15,5,2,0,20,1,27,7,7,2,1,29,15,5,13,4,1,0,21,25,2,31,10,18,0,0,7,8,54,2,1,6,3,10,25,1,35,25,2,22,2,4,5,26,19,6,2,5,29,0,20,0,5,5,0,5,2,19,3,9,0,6,9,0,5,6,9,34,24,14,0,21,1,0,3,1,2,11,11,29,3,4,19,5,11,12,2,1,0,6,1,22,14,8,40,0,11,4,15,12,5,1,15,1,5,32,0,1,5,1,0,37,26,9,2,1,1,6,2,0,1,0,5,2,1,11,10,9,10,7,2,2,2,8,0,17,0,28,0,26,1,1,4,6,3,0,17,6,10,20,9,0,3,25,4,29,0,8,2,3,12,1,0,8,1,1,8,7,8,5,0,10,0,8,1,25,21,7,15,0,2,0,2,6,18,63,3,7,14,8,8,3,3,6,18,18,1,5,22,5,0,4,8,1,8,0,0,7,12,11,28,4,1,0,45,0,1,1,2,7,5,1,0,19,23,0,14,0,5,12,17,3,8,5,5,9,18,8,1,0,2,2,1,10,19,5,0,18,12,8,4,14,3,7,10,1,14,16,0,6,5,2,37,5,12,2,8,3,8,1,32,39,21,12,18,0,37,2,8,3,4,4,4,11,26,18,40,8,1,5,2,4,1,4,18,20,4,5,3,5,4,26,12,1,1,2,6,18,0,16,17,3,0,2,9,6,10,7,15
"1",17,5,2,4,33,1,26,13,2,3,3,30,18,3,10,1,5,0,17,22,3,16,14,16,1,0,9,4,36,2,1,9,4,11,25,5,19,31,4,18,1,6,4,14,14,5,3,17,30,0,12,1,1,5,2,2,1,20,5,11,4,14,1,1,2,6,8,24,21,26,2,31,2,2,11,3,2,15,6,16,5,6,2,0,17,10,2,7,2,14,2,12,14,4,41,1,6,5,21,16,8,2,6,2,0,34,2,1,14,3,1,24,30,7,7,1,1,8,4,1,0,9,11,3,1,24,6,12,6,5,5,0,1,16,1,10,1,28,0,19,2,5,4,11,3,0,17,4,6,19,6,1,0,29,8,16,5,8,3,3,6,0,11,13,1,4,4,10,2,6,0,5,1,7,1,17,14,2,20,1,1,0,4,4,26,46,5,3,15,10,10,2,3,1,25,15,2,6,15,8,0,4,7,3,11,2,2,1,17,12,26,13,2,2,36,0,4,7,3,3,6,5,0,17,14,0,17,3,6,7,26,6,2,1,2,17,20,5,2,5,1,1,3,6,29,4,2,9,18,7,4,6,7,6,9,1,29,8,1,6,1,0,26,12,16,3,7,2,4,0,33,48,16,21,7,4,9,5,11,1,7,3,9,9,16,23,38,1,5,9,3,8,3,4,14,32,4,2,2,2,5,29,10,1,0,2,14,11,1,21,16,4,1,3,5,5,5,10,11
"1",16,6,3,3,18,1,15,13,2,0,3,32,13,3,7,1,3,0,13,22,4,32,13,13,0,0,12,5,38,7,1,3,2,5,22,1,14,34,2,11,4,9,3,27,15,6,0,6,25,3,22,2,4,9,1,1,1,16,4,3,3,13,4,2,4,4,18,30,23,25,4,29,1,3,9,2,0,20,6,20,3,11,10,0,11,18,2,4,2,10,3,11,13,4,37,2,8,5,12,18,7,2,10,2,0,24,4,1,11,2,0,22,13,6,0,2,0,5,1,0,2,4,5,1,3,20,4,9,9,4,0,1,3,20,3,16,2,24,0,23,2,5,9,8,0,0,27,8,13,15,9,0,2,29,2,25,3,6,1,7,8,3,7,8,0,3,3,12,7,3,0,6,3,4,2,25,19,3,14,1,1,0,5,3,20,64,9,6,19,8,5,4,5,2,18,21,0,2,24,2,1,5,5,0,14,8,0,3,24,1,14,11,6,1,39,0,0,1,3,5,8,2,0,18,14,1,12,2,7,9,23,2,3,1,1,26,15,7,0,3,1,5,1,6,14,8,0,8,16,3,7,6,6,6,1,1,14,11,7,9,0,3,46,8,19,5,1,2,14,1,24,37,17,16,10,0,19,4,9,1,8,8,7,5,22,20,29,3,1,5,2,8,1,6,8,22,0,4,5,1,2,28,7,1,1,0,16,9,1,18,19,3,0,2,7,7,18,8,15
"1",12,5,5,2,20,1,14,20,4,4,0,25,15,10,23,1,2,1,18,37,0,25,18,21,1,0,1,4,41,1,2,5,3,7,21,2,21,35,4,9,5,10,10,17,21,4,3,3,25,1,22,0,2,9,5,10,2,28,4,10,2,15,4,1,2,5,16,27,15,26,4,35,1,2,9,0,0,10,8,14,4,3,11,1,8,10,1,2,3,8,1,4,13,7,42,1,5,0,18,21,13,1,14,0,1,29,2,2,10,1,0,33,20,16,1,3,1,9,2,1,0,2,11,0,4,20,3,7,15,5,2,4,4,7,2,19,2,19,1,23,1,1,3,10,4,0,13,11,7,12,6,4,2,22,10,24,4,5,3,1,1,1,8,7,1,6,1,10,1,1,1,5,1,1,1,27,11,4,23,2,1,1,5,1,24,50,4,5,16,13,8,2,5,7,14,17,1,5,17,4,2,1,15,2,13,2,0,6,23,5,31,5,1,3,35,0,1,9,2,6,5,3,1,17,25,0,19,0,7,3,16,2,4,1,0,12,20,2,1,2,2,1,6,14,18,1,1,22,13,6,1,9,6,2,3,0,19,15,1,9,1,0,32,7,16,0,5,2,4,0,14,20,26,19,10,1,25,2,8,1,7,9,9,14,24,17,44,3,4,7,2,10,2,19,14,14,2,4,2,2,3,24,19,2,1,4,17,15,1,23,17,2,1,3,5,6,10,14,15
"1",16,4,1,4,14,1,19,13,4,5,0,32,19,3,10,3,5,0,14,33,2,15,15,13,1,0,6,5,37,1,2,4,3,6,21,2,18,29,4,8,1,6,2,27,17,10,2,6,15,1,14,5,0,9,4,1,0,30,6,8,0,6,4,4,0,2,8,25,14,20,2,21,2,2,5,0,1,15,12,19,5,4,9,0,8,21,0,2,1,7,2,18,6,8,30,0,9,1,16,14,11,2,5,2,2,23,2,0,18,0,0,36,24,7,4,8,0,8,1,1,0,7,11,1,6,23,6,6,15,4,3,1,1,17,1,11,2,24,1,30,5,3,2,3,2,0,29,7,10,9,9,3,2,25,7,17,3,4,3,2,16,0,7,4,2,3,6,10,6,8,0,9,0,4,0,18,10,1,16,1,3,0,4,2,28,60,2,7,13,7,7,3,2,4,10,17,1,1,22,8,4,3,2,1,10,2,0,3,20,3,28,8,3,2,46,0,6,7,4,4,9,7,0,9,16,0,19,0,5,11,13,6,8,1,1,8,15,13,0,2,0,2,5,8,24,7,0,18,12,3,2,9,10,8,4,2,26,15,0,3,0,1,21,3,15,2,9,5,10,1,36,37,14,20,11,1,21,3,8,4,5,7,7,4,29,11,44,1,4,3,0,6,1,8,12,20,3,3,5,5,1,22,7,3,0,1,8,21,1,15,13,2,0,2,8,2,7,11,11
"1",14,7,3,3,21,0,25,17,3,3,1,16,19,4,5,0,5,0,12,17,3,29,17,18,0,0,7,7,52,0,1,5,6,5,11,1,24,24,6,30,2,6,2,15,17,4,1,4,26,1,18,1,1,6,0,2,2,16,3,7,0,11,5,0,0,6,12,26,18,29,1,34,0,0,7,0,2,15,5,24,6,3,7,0,6,13,1,2,1,11,1,11,11,6,38,1,13,0,13,15,11,3,3,4,0,24,0,3,11,1,0,31,25,9,1,1,1,11,3,1,0,1,9,0,5,17,6,4,4,5,4,3,2,14,0,9,0,15,3,27,2,3,5,16,5,0,24,2,12,15,8,3,4,20,5,35,4,4,2,2,8,2,9,11,2,2,2,8,6,2,0,3,1,0,2,23,19,2,20,1,0,0,2,0,15,54,6,4,16,8,3,1,2,1,24,13,0,1,27,3,3,1,5,0,25,3,0,4,24,6,30,9,3,3,50,0,3,5,2,3,10,1,1,12,19,3,15,1,5,11,23,5,3,1,4,9,23,10,0,1,4,3,3,6,22,9,0,16,7,6,4,12,9,0,4,0,24,13,2,2,1,0,42,2,27,3,3,1,8,0,26,36,22,10,13,1,23,5,1,2,5,3,11,1,23,14,35,1,3,8,4,6,2,7,16,34,5,7,6,4,2,29,4,0,1,0,9,26,4,18,18,1,1,1,4,10,5,8,15
"1",14,3,1,2,16,0,5,15,11,6,3,20,13,6,15,0,6,1,18,20,3,29,14,19,3,2,10,5,54,1,2,5,0,10,19,2,42,35,5,11,0,4,1,11,6,6,3,6,19,2,21,4,0,6,0,2,2,38,2,9,0,11,8,2,1,2,13,20,23,20,1,26,2,0,10,0,5,7,12,26,9,4,2,1,9,18,2,0,2,5,2,14,17,10,38,0,9,2,16,12,21,1,16,6,0,33,1,0,9,0,0,36,20,8,1,3,1,10,4,0,0,3,13,0,1,19,2,10,4,5,3,0,2,6,0,8,2,18,2,19,1,1,3,7,2,1,17,8,10,7,16,0,1,23,1,23,5,3,2,4,6,4,11,18,4,1,3,8,4,5,0,9,0,5,1,19,22,3,19,0,0,0,3,1,19,56,6,5,13,7,7,2,4,2,18,9,0,0,18,5,1,1,4,0,8,2,0,3,23,10,27,14,2,4,51,1,1,7,1,1,8,2,0,20,23,4,20,1,6,7,25,2,0,3,1,16,16,4,1,5,2,1,6,9,19,5,1,16,16,12,2,12,5,4,8,1,31,13,1,5,0,3,33,5,26,0,8,5,10,1,24,17,20,12,11,2,14,2,9,5,8,6,9,15,28,18,34,1,3,4,0,2,1,7,22,20,1,7,1,5,0,29,8,5,1,2,10,20,2,20,20,1,1,2,11,5,9,9,15
"1",14,4,1,2,19,0,16,16,10,6,3,30,14,5,17,2,4,1,10,26,3,24,15,12,2,0,8,5,60,6,2,5,1,9,18,0,20,29,1,23,3,5,3,34,15,5,1,11,23,2,18,2,2,8,3,0,1,28,3,11,1,10,3,0,3,4,11,31,21,10,1,24,0,3,13,0,1,14,6,9,8,4,7,1,10,21,3,2,3,9,1,15,21,11,40,1,6,1,12,14,2,3,7,0,1,19,1,1,8,1,1,28,19,6,1,5,0,5,5,2,0,2,11,1,2,13,7,1,2,4,1,2,2,5,0,9,0,17,1,16,0,3,7,13,2,0,12,9,14,12,14,2,3,23,7,42,1,8,1,1,6,0,4,13,2,2,3,3,3,5,0,7,2,6,0,43,21,0,9,0,2,1,4,1,34,56,7,8,22,15,4,6,5,4,16,25,0,1,15,5,3,3,3,0,11,6,0,2,26,12,34,13,3,5,42,1,4,6,6,1,15,5,2,16,22,0,17,0,5,8,31,6,1,0,4,11,14,8,0,6,0,1,4,12,13,5,1,13,10,8,3,13,4,5,2,1,30,11,2,7,3,3,36,4,17,3,11,3,9,2,34,29,17,22,6,2,15,4,9,0,3,9,7,7,17,19,27,1,4,5,6,3,2,7,16,23,5,3,6,6,4,31,11,1,1,0,20,14,0,12,19,1,0,1,8,7,10,7,13
"1",11,2,3,1,21,1,15,17,12,6,1,16,19,5,18,1,2,1,13,26,1,26,17,16,1,0,9,6,51,0,2,5,1,6,21,3,25,24,4,14,6,8,1,21,12,7,2,10,19,1,16,3,3,11,1,2,2,21,4,11,1,12,6,1,2,5,17,26,29,22,6,30,0,0,5,1,4,12,11,20,5,6,8,0,9,23,3,7,7,7,2,24,15,8,38,1,7,4,12,12,16,0,11,1,4,38,1,0,10,5,0,26,15,8,2,3,1,8,2,2,0,0,10,1,3,19,8,16,7,6,2,4,0,11,0,15,1,16,0,23,5,2,2,7,2,0,18,7,22,10,13,5,1,29,8,27,2,9,6,3,5,1,7,9,0,7,5,7,3,8,0,7,2,1,0,21,26,0,20,0,0,0,3,3,33,52,3,8,15,7,6,2,3,3,27,16,0,3,29,9,0,4,6,0,4,2,0,5,18,7,16,26,3,5,33,0,4,8,4,3,5,4,0,16,32,2,14,1,1,7,22,3,3,0,2,18,18,6,1,4,0,3,4,8,22,12,0,20,11,7,7,2,8,7,3,1,19,6,0,6,1,0,27,5,11,2,7,3,11,5,30,20,17,19,8,2,16,1,8,3,13,12,6,10,24,18,41,0,4,11,0,2,0,8,16,14,3,3,5,5,3,21,15,5,3,3,20,17,2,16,18,0,1,2,10,3,15,4,18
"1",21,1,1,10,13,1,15,14,10,2,0,26,23,4,16,0,6,0,5,23,2,20,24,21,2,1,14,3,42,3,1,15,4,6,12,0,23,23,4,20,1,2,3,14,14,7,0,5,15,2,24,5,1,9,0,3,1,24,9,8,0,11,0,1,6,7,22,22,27,19,4,39,0,6,7,0,1,16,9,16,5,6,20,4,9,15,3,3,4,11,3,14,16,15,36,0,5,3,14,17,14,5,7,2,2,29,2,0,11,1,0,38,29,5,2,1,1,10,3,4,0,4,16,1,0,11,6,9,3,4,7,2,1,7,1,11,3,25,0,26,1,3,0,17,2,0,21,15,6,15,8,2,0,29,10,24,3,6,1,4,11,1,5,7,1,3,4,6,5,7,0,8,6,5,0,22,24,1,18,3,0,0,1,0,30,55,8,4,11,6,7,6,3,4,26,22,2,3,25,3,0,3,3,1,6,2,2,5,18,9,26,4,5,2,40,3,2,6,3,2,13,2,1,23,21,4,22,0,8,9,11,3,3,1,5,15,14,5,1,1,0,1,3,14,24,1,0,10,21,4,4,7,8,1,15,3,17,18,3,3,0,1,25,7,15,5,6,2,5,1,34,33,29,11,17,1,19,2,5,2,6,11,9,8,32,15,27,4,0,3,2,2,2,10,8,27,2,5,0,6,4,22,14,5,1,2,14,20,0,22,19,0,1,1,6,5,11,2,12
"1",20,3,3,2,29,1,22,18,4,3,2,26,28,5,14,0,4,0,19,39,5,27,19,18,1,1,6,10,43,5,2,3,4,6,22,1,17,30,4,20,4,8,4,18,13,11,1,11,34,1,20,1,3,4,2,1,4,27,5,4,0,13,6,1,3,3,16,26,16,22,4,27,0,4,11,2,0,14,8,14,6,1,10,0,10,20,2,3,5,4,3,15,12,2,38,0,9,3,15,14,7,3,10,1,1,30,2,0,12,3,0,30,27,8,5,2,1,5,5,5,1,0,10,0,1,16,6,7,6,2,5,0,1,11,7,15,1,15,2,34,1,1,1,6,0,2,22,4,10,15,9,2,2,15,5,28,6,2,3,0,8,1,9,14,4,5,1,7,5,10,0,8,2,4,0,25,14,3,17,2,1,2,2,2,27,62,5,9,15,7,5,3,5,6,11,14,2,0,24,5,2,1,6,1,7,4,0,3,14,8,33,12,2,2,48,0,4,6,3,3,3,4,0,26,32,2,9,3,7,8,22,5,2,3,2,12,22,14,1,4,0,1,3,9,18,5,1,17,8,8,7,11,7,2,4,1,21,10,0,3,2,3,35,3,22,6,8,1,7,0,22,28,19,33,9,3,20,1,5,2,4,7,8,6,27,15,46,5,4,5,0,7,1,7,16,23,2,7,5,4,6,34,11,3,2,0,10,16,0,24,22,3,0,0,4,9,9,17,12
"1",10,2,1,5,28,2,15,11,4,0,1,18,14,9,13,1,6,0,16,25,7,23,19,15,2,2,9,11,66,3,2,4,4,8,13,3,28,26,3,26,3,6,2,15,10,3,1,2,24,2,25,1,3,9,0,5,1,30,2,9,2,13,6,1,2,4,15,30,36,24,1,25,1,3,8,0,1,7,4,24,7,2,16,1,10,13,2,7,1,12,3,12,21,13,36,1,4,7,6,17,9,4,8,0,6,17,1,0,13,2,1,34,22,7,2,1,1,11,4,2,0,0,15,2,3,23,4,6,6,6,4,1,3,8,4,10,1,34,1,23,2,5,0,9,0,0,20,18,14,9,17,1,3,21,6,16,6,4,0,5,8,0,6,7,1,4,3,9,8,5,1,5,1,1,0,21,22,1,17,1,0,0,2,0,19,49,6,18,25,9,3,3,2,1,23,12,2,1,14,6,1,3,9,2,5,4,2,1,20,6,23,11,7,3,46,1,7,4,6,3,11,3,2,24,18,2,13,0,4,8,9,3,0,7,1,12,21,10,0,5,1,3,2,7,22,9,0,12,9,4,0,8,10,8,5,1,26,11,1,3,3,1,24,6,13,2,8,0,8,1,24,38,19,12,10,4,18,0,8,2,10,8,12,9,27,22,24,4,5,12,3,5,0,7,19,16,3,8,1,1,0,26,12,0,0,2,20,15,1,20,14,2,0,3,8,5,9,6,10
"1",12,0,2,1,20,2,8,13,12,4,0,22,19,8,21,5,5,1,11,26,2,36,19,13,1,0,11,5,52,6,1,6,2,4,29,2,26,24,1,14,1,4,6,17,18,5,1,7,51,2,20,4,3,5,1,0,1,19,1,0,0,12,1,0,0,7,21,22,20,19,1,28,1,1,6,2,2,6,6,26,7,7,6,1,9,29,4,2,3,10,4,16,18,8,39,0,9,3,14,18,12,6,5,2,0,30,1,1,15,1,2,45,14,10,0,1,1,12,3,1,1,2,10,0,3,15,8,10,7,4,3,2,5,15,1,6,0,17,1,18,1,4,3,17,0,1,21,3,8,15,9,2,8,21,7,24,5,7,3,2,13,1,6,5,1,4,0,5,8,5,0,8,1,7,0,18,17,1,18,0,0,0,2,2,25,60,4,2,15,5,5,1,4,5,18,9,2,3,17,4,2,5,4,0,8,0,1,4,17,7,24,20,2,9,37,0,2,12,2,3,5,3,0,17,28,0,23,2,5,7,16,3,3,1,2,7,19,8,0,2,1,4,1,2,32,5,1,13,11,7,2,12,8,6,7,2,23,9,0,7,6,0,32,2,13,4,2,5,11,0,35,48,20,15,15,5,20,2,11,1,5,8,6,10,29,21,30,2,3,6,1,4,0,11,12,35,2,3,3,4,4,20,14,2,1,3,7,9,1,13,21,3,3,1,5,5,4,7,16
"1",14,1,3,5,14,2,20,17,8,7,2,28,16,6,14,0,9,0,14,18,2,37,15,22,5,1,4,9,30,1,1,5,1,1,20,0,23,23,0,16,0,6,2,29,12,6,1,11,36,3,29,1,3,8,2,0,3,21,4,7,1,14,1,1,0,2,28,31,22,21,1,30,0,0,5,1,5,6,6,25,11,6,6,2,8,23,3,5,2,10,3,10,10,9,44,0,10,0,17,13,9,0,11,0,3,25,0,0,12,2,1,32,18,7,0,3,1,12,2,1,0,3,6,2,3,6,10,6,7,7,1,1,3,12,0,10,4,18,1,38,1,2,0,10,3,0,18,3,10,13,4,1,1,23,2,18,6,6,3,3,9,1,9,10,1,2,4,6,6,1,0,7,1,4,1,28,17,1,22,0,0,0,2,3,32,60,2,7,14,10,4,1,5,3,17,14,2,1,20,4,2,0,5,1,9,2,0,6,19,4,27,10,6,2,44,0,5,10,4,2,2,0,1,19,19,1,22,4,3,14,34,4,2,1,2,14,17,4,2,3,0,0,7,6,32,8,1,10,11,5,1,3,8,5,5,0,16,13,1,6,0,0,26,5,18,4,10,2,8,0,20,28,22,19,11,1,31,8,6,3,6,4,2,1,19,29,30,1,1,6,2,10,0,7,14,19,3,7,3,1,4,40,10,3,4,1,9,18,1,17,16,3,0,1,6,3,10,8,8
"1",18,2,2,1,20,2,13,20,2,3,2,26,20,9,15,4,8,0,14,25,3,13,17,14,0,1,8,3,39,1,2,5,1,8,24,0,20,25,9,23,3,6,4,21,14,6,2,7,21,2,19,1,1,8,7,0,7,19,0,5,1,8,5,0,1,2,17,31,30,21,0,30,1,8,0,0,4,10,11,13,4,5,11,0,9,25,3,1,4,4,1,8,9,8,33,1,9,1,19,16,8,6,10,0,3,39,4,1,10,4,0,34,20,8,2,5,0,3,6,0,0,2,11,1,4,18,8,6,10,5,3,1,1,12,3,9,0,23,1,31,0,3,1,8,4,2,25,5,14,9,13,2,2,27,5,21,2,4,4,4,10,2,9,12,2,6,2,16,3,2,0,3,1,0,0,26,29,2,22,1,0,0,2,2,23,53,3,6,23,10,8,1,3,2,17,14,3,3,19,7,1,5,5,1,16,1,1,3,17,15,32,15,6,2,49,1,2,7,3,1,7,6,0,18,17,2,22,4,5,7,21,2,2,0,1,11,14,8,1,9,1,0,1,13,9,5,0,15,9,8,1,4,6,1,8,1,23,10,2,7,3,1,36,5,16,2,7,1,7,0,32,38,19,15,12,4,17,3,4,2,7,3,1,6,20,6,40,3,10,4,2,9,2,5,14,20,4,4,6,7,2,23,10,2,2,5,11,7,1,20,14,4,0,2,4,11,10,9,15
"1",15,1,5,4,14,1,18,12,8,2,2,28,20,5,13,1,10,0,3,19,0,22,26,8,0,1,9,3,56,4,3,9,2,9,23,1,29,22,2,14,0,4,3,26,11,9,0,11,23,1,25,2,3,3,2,3,1,28,4,11,0,13,5,0,2,1,12,25,22,18,4,36,0,5,6,0,3,12,4,15,5,4,7,0,13,20,1,2,3,9,5,16,7,12,38,1,10,1,15,17,8,1,11,2,0,30,2,2,14,1,0,35,18,5,3,5,0,9,4,0,0,8,10,2,2,20,5,5,12,5,1,1,1,5,1,10,2,23,0,33,1,5,1,6,2,0,27,5,8,7,8,3,0,34,11,34,4,4,5,4,10,2,6,10,3,7,2,7,7,5,2,8,1,5,1,32,17,2,20,4,3,0,5,2,24,52,6,2,14,4,6,3,1,2,10,15,1,1,23,6,1,3,5,2,14,4,0,0,14,10,22,14,1,2,40,1,2,2,2,2,8,1,0,19,15,3,19,1,2,8,30,12,3,0,6,8,11,7,0,1,0,0,5,5,11,6,0,17,12,9,3,15,4,3,6,0,33,3,0,12,1,1,32,4,10,3,3,6,5,1,31,34,18,17,13,1,21,3,6,1,5,9,4,6,22,13,36,0,2,8,0,3,1,2,11,28,2,2,4,3,1,24,14,0,0,2,17,17,0,11,11,2,0,3,8,14,10,19,11
"1",28,3,0,5,13,2,21,9,6,4,3,20,19,10,11,4,1,2,10,20,3,38,17,13,1,0,15,7,46,2,2,4,1,17,22,1,27,28,4,14,4,1,1,31,9,6,2,10,31,1,25,1,6,11,3,2,0,19,3,11,2,16,4,0,3,4,13,24,21,24,0,32,0,2,8,4,3,23,9,23,6,3,10,1,9,17,3,3,3,7,0,12,13,15,38,1,2,6,20,14,16,7,12,1,1,20,5,3,14,4,0,24,23,5,0,2,1,5,3,2,4,4,15,0,4,12,2,5,8,6,4,2,3,8,2,13,0,24,2,14,1,3,0,11,2,0,19,8,4,9,7,4,1,26,6,23,2,6,1,5,6,0,7,12,0,8,3,10,2,10,0,6,1,5,0,26,23,0,18,0,0,0,1,2,25,54,3,8,23,4,8,4,6,2,13,26,1,1,21,5,3,3,8,0,4,3,0,5,21,5,22,11,3,0,31,3,4,2,4,5,15,1,0,19,17,4,21,3,2,4,21,3,3,0,2,12,18,9,2,2,1,0,2,4,27,3,1,12,13,11,1,8,11,4,5,0,32,14,1,4,0,3,32,5,11,2,15,2,13,0,26,37,15,15,7,2,21,1,11,1,5,6,6,7,18,26,37,2,5,12,4,2,2,8,10,19,2,4,2,3,6,22,12,2,1,1,13,12,1,18,15,6,2,6,8,15,11,6,13
"1",9,3,0,4,21,1,12,10,10,6,2,23,16,5,8,1,3,0,22,23,1,30,17,26,3,1,18,6,46,2,1,5,7,12,14,7,25,33,5,14,0,10,4,24,6,5,2,8,21,3,27,0,3,8,0,1,2,37,3,6,1,12,8,0,0,1,13,22,20,12,2,44,2,1,3,0,7,19,6,13,6,8,13,4,4,23,2,4,2,6,1,15,13,3,41,2,15,8,18,12,22,3,12,0,1,24,2,1,11,2,0,29,15,10,1,1,1,4,7,1,1,6,12,0,3,17,7,13,7,5,0,0,4,14,1,18,1,18,0,23,3,1,3,5,1,1,17,7,9,14,6,3,1,29,6,29,3,5,1,1,8,0,0,3,0,6,2,11,9,7,1,4,0,0,0,21,26,4,33,0,0,1,2,3,24,50,9,11,16,11,9,2,6,7,20,9,0,1,24,5,0,1,5,1,14,1,1,3,17,5,17,11,0,2,39,0,3,6,8,2,5,5,1,26,24,3,23,0,3,10,17,3,5,1,0,21,18,9,0,0,3,1,7,15,23,11,1,13,10,6,4,10,16,3,3,2,17,12,1,5,1,0,32,3,16,4,6,3,8,0,22,20,20,25,10,5,18,6,12,5,6,7,13,4,15,22,38,1,2,7,0,5,0,7,11,35,3,5,4,2,3,19,9,0,1,0,16,27,1,16,19,1,0,0,11,6,21,10,14
"1",10,1,0,6,17,1,17,15,8,4,1,42,14,5,12,1,4,0,22,26,3,32,14,17,0,0,8,5,53,5,1,11,2,9,28,1,22,28,5,10,1,3,2,19,17,9,2,9,29,0,23,2,2,9,4,0,5,30,1,4,2,18,3,7,4,3,9,38,23,29,4,45,0,5,4,1,6,9,8,21,2,11,7,1,14,35,0,3,4,7,5,13,25,3,31,6,10,4,16,21,15,3,10,1,5,31,2,0,13,1,0,36,27,9,0,2,1,7,3,0,2,1,11,1,1,15,3,5,8,5,3,1,4,6,4,19,0,18,0,24,0,3,9,10,1,0,23,8,14,16,3,2,5,33,3,13,2,3,6,1,7,0,7,7,2,1,6,6,6,3,0,11,0,2,0,39,14,2,13,0,1,0,2,2,16,59,6,10,19,7,11,2,1,12,18,18,0,1,14,3,2,3,7,4,11,7,0,6,18,8,25,16,2,1,35,1,2,4,3,3,10,5,0,23,16,1,19,1,1,11,26,2,7,4,1,9,25,12,0,1,1,1,3,6,17,5,0,18,9,10,2,8,9,7,1,1,39,1,0,5,0,1,29,9,13,7,7,4,4,3,25,40,28,27,22,4,18,1,6,0,5,7,5,8,26,19,41,2,3,3,5,6,3,9,21,14,2,3,5,4,5,41,11,3,2,4,13,23,4,17,16,1,1,1,10,12,6,10,18
"1",15,2,0,5,15,1,26,20,4,4,0,29,14,1,16,2,4,1,10,27,5,22,18,16,1,2,10,8,34,2,3,5,1,5,24,0,22,25,0,18,1,7,0,19,8,6,2,18,12,3,17,1,2,10,0,2,0,31,4,4,2,19,7,0,3,3,19,15,29,16,1,28,0,5,12,1,2,12,8,14,4,5,12,1,7,19,5,6,3,5,2,15,16,10,43,1,6,5,10,17,8,1,7,0,2,20,0,3,14,1,0,26,20,7,1,3,2,10,4,1,0,2,13,1,0,12,6,9,13,5,4,0,5,7,0,5,0,23,1,27,2,2,4,5,3,1,18,13,7,10,6,4,0,22,5,29,0,8,2,2,4,0,4,16,2,0,3,8,9,1,0,4,1,3,0,22,15,0,21,1,0,0,3,2,22,62,3,3,15,13,7,5,6,4,12,22,1,0,19,7,2,2,3,0,4,1,0,2,24,3,40,10,1,1,56,0,4,2,3,0,9,2,0,19,22,1,17,2,4,5,24,0,3,1,0,12,20,4,4,3,3,1,6,13,19,9,2,16,14,9,3,12,7,6,6,1,26,6,0,0,1,2,28,3,11,3,7,2,10,0,28,28,16,18,10,0,24,3,9,1,4,11,3,6,48,22,30,2,2,6,3,4,1,5,9,22,2,3,5,4,3,26,8,1,3,0,10,27,6,14,16,2,0,0,4,13,14,5,10
"1",18,3,1,4,18,0,17,12,13,3,2,21,15,4,9,3,10,1,14,35,1,26,17,22,1,0,12,5,37,4,0,2,2,7,21,1,19,23,3,12,2,4,5,19,12,4,2,10,32,2,34,2,3,15,1,2,3,21,3,2,2,13,1,1,2,9,11,18,23,32,3,24,0,1,5,1,1,9,9,11,11,4,4,1,10,23,5,4,2,7,0,12,9,4,45,1,5,7,19,15,15,3,8,1,0,28,3,2,13,3,0,32,13,4,5,4,3,4,2,1,0,9,7,2,0,11,3,8,6,4,4,0,2,13,1,8,3,10,1,13,0,1,6,10,2,0,22,2,16,18,9,2,3,36,5,28,1,8,2,4,7,0,3,10,0,3,2,10,5,4,0,3,1,3,0,27,28,6,21,0,1,1,1,4,31,62,2,5,16,11,11,4,3,2,12,22,0,1,22,3,0,3,8,1,5,3,1,4,24,6,20,19,0,1,29,1,2,5,5,3,11,6,2,15,27,2,16,0,3,5,14,5,4,0,0,7,20,10,1,2,1,0,1,4,15,13,1,12,7,2,5,10,9,8,10,0,27,16,2,10,1,1,21,8,16,3,2,3,7,0,27,32,25,19,11,3,18,3,12,6,9,13,4,8,22,16,44,2,10,3,3,9,3,6,14,28,1,2,4,1,2,16,10,3,0,0,21,16,1,18,29,2,0,4,3,11,13,10,6
"1",27,2,1,2,21,2,15,20,4,5,1,28,20,5,14,4,1,0,8,27,3,26,15,24,1,1,5,4,41,3,1,7,2,3,32,0,23,31,6,23,4,4,7,26,12,6,2,3,29,2,12,2,4,11,1,3,0,21,2,11,1,25,3,1,7,5,29,38,18,26,1,25,0,3,2,2,3,12,11,26,11,14,4,1,2,25,3,4,0,5,5,11,10,9,37,2,12,9,14,20,15,2,5,0,1,27,3,0,12,1,0,26,23,8,1,4,1,5,7,0,0,5,6,2,5,10,6,13,14,10,4,2,1,11,2,16,0,17,2,27,4,2,3,22,1,0,17,5,7,21,20,1,0,33,3,27,4,6,2,5,10,1,12,19,2,3,2,5,2,2,0,4,0,9,0,29,14,3,14,0,1,0,3,1,27,50,5,9,8,4,5,3,3,2,14,14,3,1,26,1,1,3,3,0,6,0,1,7,25,10,35,12,0,3,27,0,6,2,4,1,17,9,0,19,30,1,22,2,1,7,17,0,4,1,0,8,29,15,0,3,2,1,0,8,17,3,0,11,5,8,5,6,2,9,9,0,22,8,1,1,4,4,29,0,15,4,6,3,9,0,35,46,16,16,11,3,25,4,6,1,19,15,6,7,23,15,36,4,4,3,0,3,1,4,21,38,4,0,6,2,1,23,9,0,1,0,13,17,0,28,19,0,1,0,6,11,12,8,11
"1",17,0,2,6,20,0,16,10,9,3,0,22,10,2,22,2,6,1,10,20,5,17,13,17,1,1,8,7,35,5,3,11,0,6,39,0,20,22,5,27,2,1,4,15,9,6,2,12,28,4,21,4,2,9,1,5,0,35,2,4,1,22,4,1,0,6,14,18,17,22,1,28,0,3,2,2,2,19,15,20,6,4,13,2,4,26,3,1,0,8,1,19,11,9,39,0,5,7,13,7,14,4,3,2,1,26,1,0,6,1,0,36,20,8,1,0,0,8,1,1,0,5,6,1,3,20,8,7,9,3,3,1,5,11,4,11,2,17,0,26,0,4,4,6,1,0,26,6,19,24,13,4,1,9,1,30,0,5,2,2,12,3,5,14,2,0,2,6,2,7,0,5,2,8,2,21,12,6,21,1,0,0,4,2,29,63,9,3,14,6,5,7,6,1,22,21,0,2,24,11,2,1,6,1,12,2,3,2,15,16,29,10,2,2,44,0,5,4,2,3,11,2,1,16,14,1,15,1,3,9,30,2,1,0,0,9,21,11,3,0,2,2,7,2,25,2,1,15,13,6,3,5,4,4,7,2,27,6,0,5,4,1,32,3,14,5,3,0,8,0,31,29,18,20,6,1,25,0,7,0,6,6,10,14,21,12,45,0,7,7,3,11,2,5,12,24,5,2,6,2,1,17,12,2,2,3,25,20,2,33,18,1,0,0,7,8,17,7,21
"1",12,1,5,1,22,0,16,15,7,8,0,26,28,3,10,1,8,0,11,22,2,18,18,14,2,0,10,5,47,2,0,12,1,11,17,2,19,28,3,12,2,2,1,28,15,13,0,8,20,6,26,3,2,8,2,0,0,20,3,9,0,13,6,0,3,4,16,24,20,31,3,27,1,2,5,0,4,8,5,20,4,6,5,0,4,20,2,1,0,11,2,11,8,14,43,2,10,1,19,15,11,4,4,1,2,25,1,0,17,1,0,32,22,11,3,1,2,8,3,0,1,5,7,0,1,13,7,4,9,2,1,0,2,2,0,20,2,22,1,27,4,8,9,9,2,1,25,4,12,11,13,0,2,26,8,22,5,5,3,5,8,2,5,14,1,4,2,11,5,8,0,5,1,0,0,22,16,8,24,0,0,0,4,3,33,61,4,9,18,7,9,1,4,2,21,17,1,0,24,3,0,4,6,0,17,3,0,2,18,4,27,8,0,1,42,2,3,15,10,3,3,4,0,11,17,1,22,1,0,8,29,2,3,0,1,8,21,11,1,2,0,2,3,5,25,3,0,18,15,9,1,10,6,3,5,0,20,10,3,4,1,2,37,5,18,2,3,5,9,0,35,28,10,18,9,0,23,2,5,2,5,7,5,13,30,27,33,3,3,5,2,9,2,12,18,17,4,7,8,4,6,23,9,4,0,1,13,12,1,24,19,0,1,2,8,12,18,8,20
"1",17,2,0,7,16,0,13,17,7,5,3,13,15,4,11,6,9,1,17,21,2,26,27,11,0,1,12,13,34,1,0,2,1,6,9,0,19,20,3,11,3,1,2,27,19,8,1,9,25,2,26,2,1,6,0,4,2,32,3,5,0,18,8,0,3,9,31,29,28,22,3,36,2,3,7,1,1,10,9,24,5,7,11,2,12,21,10,4,0,10,5,8,10,6,47,2,5,1,24,17,7,3,6,0,2,43,3,1,8,1,1,14,15,7,1,2,0,7,3,2,0,2,6,2,1,8,4,6,4,5,1,1,4,12,1,9,4,15,2,19,0,0,7,10,3,1,21,9,5,10,6,0,1,24,1,20,1,1,3,1,11,2,9,10,0,4,6,6,4,8,0,7,0,2,0,26,24,3,10,0,2,0,1,4,21,56,10,4,11,3,3,3,9,5,15,19,0,2,19,4,2,2,2,0,8,4,1,5,20,7,32,11,3,2,46,1,4,1,7,4,7,2,0,30,23,2,26,4,3,11,31,1,4,5,1,5,14,8,2,2,0,1,3,11,15,8,0,20,8,5,4,11,6,2,3,1,22,7,0,4,5,2,28,10,15,3,6,2,5,1,22,36,11,25,18,1,21,1,9,3,2,8,5,8,21,20,29,4,5,9,2,9,1,6,20,26,3,9,3,2,2,30,9,2,1,4,12,20,0,26,16,1,1,1,6,7,9,11,21
"1",12,5,2,7,19,2,21,8,9,7,1,38,25,3,12,3,9,0,14,28,3,19,21,16,0,1,5,6,42,5,1,4,1,5,15,3,28,31,3,13,2,1,2,23,14,2,1,9,33,3,13,1,6,16,2,3,0,27,2,12,0,14,7,2,1,0,15,41,24,35,0,19,0,1,8,3,4,15,10,15,5,9,8,1,9,20,3,2,2,6,1,14,19,8,31,3,8,4,19,16,12,1,5,2,1,36,0,1,11,1,1,30,16,3,6,2,2,7,4,1,1,5,7,0,2,15,5,9,8,2,0,3,0,6,2,6,1,19,3,24,1,2,4,4,3,0,34,13,4,10,6,0,2,19,5,16,3,12,1,4,6,0,5,11,1,4,3,7,4,5,0,6,1,4,0,32,32,4,21,0,1,1,4,0,23,58,3,7,18,9,4,6,7,9,10,14,0,1,29,5,1,7,4,2,17,3,2,5,21,10,27,10,5,0,46,3,2,8,7,5,10,3,1,17,16,3,15,2,0,13,32,3,7,0,0,18,17,7,1,5,2,2,2,7,10,8,2,10,11,8,4,12,4,7,10,1,26,10,3,7,2,0,29,6,14,3,5,2,8,2,16,35,21,19,16,1,17,0,10,1,6,14,8,9,23,17,42,4,3,7,3,5,0,10,5,23,2,4,5,5,3,33,10,1,0,3,13,15,1,21,12,1,0,3,8,12,10,11,15
"1",12,3,1,2,12,0,14,25,9,5,1,14,17,3,10,1,5,0,11,29,1,23,11,18,2,1,5,9,50,1,3,5,0,9,23,2,22,23,5,6,3,6,2,29,16,8,1,7,30,2,11,3,1,7,3,3,4,24,5,8,0,16,4,1,0,2,16,23,23,14,2,43,1,3,4,0,6,15,4,24,10,9,10,3,3,13,8,3,1,7,0,12,13,10,37,4,7,4,7,15,15,0,7,0,1,18,2,0,8,2,0,26,17,7,0,5,0,8,0,0,1,0,6,1,1,12,4,10,4,1,5,2,4,5,1,18,1,22,0,21,1,2,3,9,1,0,18,3,10,6,5,5,0,26,4,24,7,14,2,3,0,1,2,9,0,1,0,14,8,13,0,8,1,5,0,26,19,3,28,0,2,0,5,1,16,53,8,5,24,8,9,4,0,0,11,15,0,1,22,6,1,7,6,4,12,4,1,4,24,9,19,9,3,1,57,1,6,6,0,2,4,4,2,26,19,3,24,0,4,5,15,3,3,0,1,20,17,10,0,5,3,1,4,5,22,2,2,21,6,9,12,5,5,4,7,2,26,9,2,6,5,1,22,6,23,3,5,0,5,1,21,34,11,23,8,1,16,0,9,2,4,7,3,14,11,15,52,9,0,4,0,3,0,13,13,19,2,3,3,6,1,40,13,1,5,0,15,17,1,11,14,1,0,3,1,7,6,8,12
"1",17,5,1,3,22,0,27,16,2,7,0,37,16,4,20,1,7,0,12,17,3,27,11,12,1,1,9,14,48,3,1,10,0,10,17,0,18,21,4,9,1,6,1,17,12,7,2,2,20,2,24,2,6,4,0,4,5,28,4,3,3,19,4,0,0,2,21,21,18,27,2,37,2,3,6,1,1,10,6,15,12,2,10,2,15,14,2,1,0,6,3,13,13,10,28,2,6,6,13,10,9,5,5,0,1,37,5,1,14,1,2,34,21,11,4,5,2,1,1,0,1,5,14,0,2,15,7,11,5,10,0,4,3,6,3,14,0,29,1,14,0,2,2,8,2,2,21,5,9,11,16,3,0,31,5,24,2,9,2,2,4,0,9,7,1,5,4,6,3,4,1,5,0,6,2,24,17,4,11,1,0,0,4,2,23,63,5,2,13,7,6,3,2,6,21,17,3,1,12,6,4,4,8,1,10,1,1,6,22,7,31,9,1,0,56,2,3,15,3,3,9,2,0,22,18,1,22,0,2,15,14,6,3,0,2,12,17,7,2,5,0,0,4,7,16,2,2,16,7,6,2,9,8,7,3,0,31,8,0,10,4,2,31,6,14,4,13,6,8,0,34,32,24,19,18,2,18,6,8,4,8,7,11,14,22,17,48,3,3,5,0,5,3,8,14,22,6,8,7,5,6,23,16,2,1,1,11,16,3,15,21,1,1,2,6,8,12,12,9
"1",14,6,4,4,17,3,22,16,8,6,4,18,22,3,18,4,3,1,12,18,3,22,17,17,0,0,13,3,57,1,3,3,2,7,17,1,19,19,2,18,1,6,3,19,10,6,3,2,22,2,15,1,1,8,3,0,2,29,1,9,1,13,0,0,2,5,14,17,25,27,1,35,4,3,10,4,2,9,14,17,8,5,12,0,4,20,2,5,4,15,0,12,11,8,36,2,7,1,13,15,17,2,1,2,1,15,3,0,14,0,0,40,22,10,1,3,0,3,2,3,0,5,15,0,0,16,2,7,9,8,2,0,4,7,4,7,1,16,1,21,1,2,7,4,1,0,21,7,16,9,5,4,4,28,2,15,2,6,1,3,14,1,3,14,1,0,4,4,8,3,0,0,1,5,1,20,20,5,21,3,2,0,2,3,45,73,5,3,15,13,3,6,6,4,19,19,1,2,17,5,1,2,3,2,6,2,1,6,22,9,33,5,2,2,47,0,7,8,2,0,9,7,0,16,24,2,18,0,3,5,19,6,5,2,2,12,20,8,0,4,2,3,4,4,28,13,0,17,9,7,5,3,2,5,9,3,26,11,2,8,3,0,41,6,18,7,6,2,6,0,33,27,21,11,6,0,25,1,6,0,10,5,3,6,23,16,39,0,1,4,3,4,2,10,17,25,1,5,3,3,2,42,17,1,0,4,8,22,0,20,9,5,0,1,17,13,13,12,20
"1",19,3,2,2,16,0,10,16,14,9,2,31,24,1,10,9,7,0,24,23,5,22,15,12,2,0,6,5,46,4,0,6,1,6,25,0,21,28,2,6,5,6,1,25,17,8,0,12,20,1,15,2,2,7,3,2,1,25,5,12,2,9,2,1,1,3,14,9,20,24,5,33,0,2,5,2,3,7,10,17,5,6,2,2,6,19,6,2,0,8,4,13,10,3,30,2,7,4,16,18,13,4,8,0,1,18,2,1,11,1,1,40,15,6,1,1,1,2,3,0,0,7,8,2,4,8,2,12,9,3,2,1,0,9,1,6,1,20,0,22,2,5,5,7,3,1,17,2,11,12,14,2,0,27,4,20,1,7,3,0,11,4,10,12,3,5,4,6,4,7,1,0,0,2,0,20,21,3,16,0,1,0,1,4,18,51,8,5,20,7,7,2,6,7,18,19,1,2,22,2,3,0,4,0,10,4,2,7,18,7,32,13,1,4,34,2,4,4,6,4,5,6,1,31,22,0,12,1,3,10,31,8,2,2,2,10,10,6,0,2,1,0,3,2,26,7,0,10,9,9,4,6,6,3,10,3,23,14,1,5,3,0,27,2,20,1,5,1,6,0,19,31,12,19,17,0,21,1,8,1,3,8,7,8,16,19,34,0,2,6,0,4,2,5,20,19,3,6,3,2,3,43,11,2,0,0,13,16,0,16,14,5,0,2,2,8,14,10,21
"1",19,4,2,9,16,1,16,20,5,1,1,35,18,3,16,5,7,2,11,18,2,24,10,14,2,1,5,7,69,7,0,8,2,10,34,0,22,26,2,11,4,5,2,12,13,7,0,9,29,0,12,3,2,8,3,4,1,24,5,5,0,13,2,2,4,3,23,23,21,30,1,41,0,1,3,2,1,9,7,13,7,0,6,0,11,26,1,3,1,10,2,6,9,2,32,0,4,7,16,24,12,3,7,3,2,16,2,1,16,2,0,40,16,9,0,0,1,11,0,2,2,2,5,2,2,15,3,10,10,2,3,0,3,15,2,8,2,18,0,20,1,4,4,10,4,2,8,4,9,23,15,1,4,25,12,25,0,3,2,2,13,1,8,14,0,2,4,13,3,4,0,9,1,4,1,18,25,3,11,1,0,0,3,4,21,42,2,6,8,8,7,1,1,0,15,21,0,5,21,6,1,0,7,2,13,5,0,4,17,14,21,14,0,4,38,2,7,2,2,1,10,3,0,19,37,2,15,2,1,10,24,4,1,0,3,17,24,10,0,1,0,2,5,6,22,11,1,22,14,5,3,7,4,10,7,1,23,11,0,5,2,2,41,3,16,5,8,2,12,1,30,25,12,21,13,0,30,4,7,3,5,8,5,6,26,22,41,1,1,3,1,6,2,5,16,20,3,4,6,6,2,24,10,1,2,0,11,19,1,18,12,2,0,1,9,9,11,7,27
"1",19,7,2,6,15,0,13,16,8,2,1,27,27,2,9,2,5,0,13,27,1,29,17,18,1,2,13,6,64,4,1,2,5,9,28,3,23,27,0,8,1,8,0,24,16,5,3,7,32,2,23,1,0,7,2,0,0,28,5,9,0,11,4,1,4,5,11,31,30,26,1,23,1,2,4,0,3,14,10,15,9,6,12,0,10,24,2,2,0,7,3,15,9,4,56,0,16,7,8,15,12,6,11,3,1,23,1,0,11,2,0,17,23,6,3,2,0,5,1,1,0,5,9,1,0,19,5,4,3,4,2,2,3,12,1,18,3,17,2,20,0,5,7,4,0,1,16,12,15,8,12,2,2,22,11,22,2,3,2,2,9,2,6,12,3,2,3,8,5,5,0,8,1,3,0,34,18,1,24,3,1,0,2,1,29,53,3,6,13,13,8,1,6,9,18,20,0,2,28,2,2,2,6,0,7,5,1,5,24,6,33,14,2,4,36,0,4,6,2,1,7,2,0,18,21,4,17,2,3,16,25,4,6,2,2,14,13,9,2,3,0,2,11,9,21,4,1,11,14,5,7,13,4,4,6,1,23,10,1,6,2,2,37,5,18,0,3,2,5,0,42,39,28,22,4,2,16,4,11,0,5,12,6,6,20,20,34,0,4,6,5,5,2,13,21,25,0,3,4,3,3,30,9,2,0,1,13,16,0,14,12,4,0,0,8,16,8,14,16
"1",20,3,2,4,18,2,13,22,8,2,3,26,20,2,13,1,6,0,15,19,3,16,11,22,1,1,5,6,71,1,3,3,1,8,18,1,22,33,3,17,0,3,5,16,14,5,1,4,14,3,26,1,2,4,5,0,1,26,7,13,1,15,4,2,2,2,16,21,16,32,1,36,0,1,9,0,2,14,7,10,2,3,9,0,7,26,4,6,0,8,3,14,11,13,43,0,6,7,13,9,15,3,10,2,3,29,2,0,8,2,0,38,18,7,0,2,0,7,4,1,1,5,12,1,4,10,3,5,3,2,3,1,4,7,5,8,4,28,3,37,4,1,3,13,1,0,26,5,12,19,16,4,1,14,6,22,3,4,4,5,7,0,1,10,2,3,1,2,8,15,0,4,0,0,0,26,23,3,15,2,1,0,4,5,26,71,3,8,13,10,11,3,6,2,11,27,0,3,22,8,2,5,2,3,8,6,1,6,18,6,26,10,1,2,29,0,1,6,3,4,6,3,2,21,22,5,10,2,5,12,16,0,6,1,3,20,19,5,0,3,2,1,4,10,13,5,0,6,17,10,1,7,10,2,2,1,16,10,0,7,0,0,25,7,19,5,12,4,7,1,32,34,21,23,19,0,18,2,9,5,5,5,7,6,22,10,38,4,3,5,0,10,2,6,15,20,3,3,7,5,1,24,22,0,1,4,8,17,2,27,19,3,0,3,5,7,10,12,9
"1",14,12,0,1,18,1,24,18,12,9,0,25,17,1,20,2,9,2,9,26,7,23,14,15,2,1,11,3,57,1,3,6,6,6,22,5,27,22,4,9,2,4,5,20,22,6,2,9,18,3,11,0,0,11,2,1,1,28,4,10,0,16,4,3,0,2,20,29,24,20,1,26,0,1,11,2,5,5,10,21,6,10,11,1,10,21,4,3,2,9,1,6,10,4,48,2,10,0,23,16,12,7,14,3,3,20,1,2,16,1,0,26,20,5,1,2,1,8,3,2,0,7,8,0,3,19,9,8,5,5,2,0,5,8,0,11,0,18,2,26,1,6,3,16,1,0,20,7,12,16,9,1,1,21,11,29,3,2,1,1,11,2,8,15,1,0,2,7,6,7,0,5,0,3,0,21,15,3,18,1,1,0,0,2,21,62,7,3,12,13,2,1,5,0,12,16,1,4,10,6,2,4,3,1,8,3,0,3,18,3,28,7,3,3,39,0,3,5,4,3,11,1,4,15,29,1,18,1,10,10,21,3,3,4,0,14,8,11,1,4,2,4,4,6,19,7,0,11,10,8,0,7,8,3,8,0,27,14,1,4,0,0,44,4,24,2,5,7,7,2,16,27,11,16,13,0,12,4,12,0,4,10,8,6,26,24,33,1,3,6,3,7,3,13,10,40,4,6,2,7,3,21,11,3,2,0,10,15,1,10,11,1,0,0,4,12,11,10,13
"1",19,4,2,5,16,0,13,13,5,4,2,22,18,2,15,1,9,0,17,12,3,28,17,14,3,0,11,2,44,3,2,10,2,13,25,1,23,18,4,12,0,8,3,24,17,1,1,9,22,0,27,2,2,7,3,2,2,23,3,9,1,19,1,1,3,1,17,31,12,26,0,35,1,4,0,1,1,10,5,13,7,6,11,5,13,13,3,3,0,14,0,14,29,10,40,1,7,6,20,13,14,5,8,1,0,23,0,1,10,0,1,29,20,6,1,5,1,4,3,2,0,4,8,0,0,23,13,6,11,0,1,1,3,18,3,8,0,21,1,25,1,1,1,9,3,0,16,5,6,14,4,1,2,22,1,17,5,2,0,3,7,0,4,10,3,1,0,9,8,11,0,3,1,1,0,28,14,2,15,1,1,1,2,2,26,76,3,3,18,9,5,7,11,6,15,16,0,0,21,4,1,4,3,1,10,3,0,7,20,10,28,8,4,3,36,0,6,7,6,3,5,3,0,20,16,1,10,3,7,8,19,4,2,2,1,14,13,7,0,2,3,2,1,18,18,2,0,11,15,10,5,11,4,4,3,1,17,16,0,10,4,1,25,3,17,2,10,4,5,1,29,32,14,17,3,2,23,1,9,4,5,6,5,9,27,17,34,0,5,2,1,4,2,14,15,26,2,9,0,1,3,29,13,4,1,1,11,18,3,21,15,1,1,1,5,4,16,11,13
"1",9,6,0,4,18,0,12,19,9,6,1,30,17,3,16,3,1,1,11,25,1,28,11,12,4,1,14,7,41,6,4,5,1,6,29,2,26,35,1,27,3,4,3,11,18,2,0,8,21,0,7,0,1,9,5,3,3,23,4,9,2,11,2,0,0,1,22,32,31,27,0,31,0,0,7,4,1,12,6,36,12,2,9,0,7,23,2,1,6,3,1,9,13,11,48,0,8,6,18,10,10,3,1,1,0,24,0,0,15,1,0,25,18,8,3,3,2,9,0,1,2,3,11,2,0,9,9,12,8,4,2,3,4,5,3,21,2,22,1,25,3,1,2,20,2,1,17,5,4,9,14,3,3,30,6,29,4,4,3,0,8,2,3,11,2,3,3,11,3,5,0,1,2,4,0,32,22,3,18,0,0,0,3,1,22,83,9,9,20,6,11,2,1,3,12,21,1,0,16,8,6,4,6,0,8,5,0,2,18,7,31,12,1,1,48,0,1,9,0,4,4,2,1,16,16,5,16,0,6,9,15,3,2,0,1,13,19,6,1,4,1,1,4,7,22,4,1,22,12,1,4,4,8,4,5,0,16,7,2,3,6,1,25,4,15,1,9,2,15,1,26,53,21,18,14,2,11,3,10,0,8,8,5,10,25,27,22,0,4,3,1,0,1,9,21,19,2,5,2,4,0,18,23,1,1,1,9,18,3,20,11,1,1,2,8,2,7,7,18
"1",14,8,0,3,20,0,18,9,12,10,1,30,12,4,12,2,4,0,8,20,1,25,9,14,2,0,6,4,45,7,1,2,7,3,16,0,21,16,0,13,0,8,3,11,17,9,0,10,21,3,22,2,0,10,2,1,2,24,3,2,2,11,7,0,1,2,10,26,20,22,6,28,0,2,10,0,3,12,8,19,1,10,13,0,8,16,3,2,3,2,0,21,10,7,31,0,7,2,15,16,9,6,8,3,2,24,1,1,6,3,0,37,22,9,3,0,0,9,0,2,0,5,6,4,1,12,6,8,12,3,3,1,3,14,0,9,4,20,0,34,4,3,1,8,3,0,20,9,10,19,10,4,3,32,6,29,6,6,1,4,16,2,8,15,1,4,2,8,5,7,0,4,3,4,1,22,21,2,20,0,1,0,5,2,23,67,17,8,15,9,7,4,2,2,11,17,0,2,21,6,2,2,1,0,5,2,1,7,22,7,25,16,2,0,49,1,4,5,4,6,7,4,2,14,25,1,16,0,3,7,31,2,3,1,1,9,17,13,0,5,1,1,1,5,26,3,0,13,9,7,2,7,8,5,11,1,26,9,0,4,1,1,31,4,14,9,11,4,7,3,25,29,14,25,9,1,19,6,11,2,9,5,5,9,28,14,37,5,1,8,1,8,2,14,12,22,5,11,3,0,2,18,13,0,5,2,7,17,2,19,13,3,1,1,7,9,7,10,7
"1",16,6,2,3,14,0,21,25,3,8,0,29,29,5,12,1,2,0,14,23,2,28,11,8,5,1,5,4,40,1,2,6,2,6,23,1,12,32,2,13,0,6,4,31,14,7,2,11,33,0,13,5,4,9,3,2,0,34,5,9,0,11,4,0,3,1,18,24,15,21,1,18,0,2,7,4,4,13,9,13,2,6,17,3,19,15,7,2,2,9,2,7,7,8,31,0,5,0,24,8,13,7,12,0,1,22,0,0,9,1,2,22,18,8,3,1,0,5,1,0,1,2,10,0,3,8,4,14,5,6,1,1,3,10,0,9,1,22,0,30,2,4,4,9,1,2,21,5,10,22,5,3,1,27,5,26,1,5,1,1,8,1,10,12,0,1,2,9,4,4,1,7,0,3,0,16,20,2,17,0,2,0,1,4,19,58,2,5,29,2,7,3,6,5,10,14,1,0,13,5,3,4,4,0,16,2,1,4,29,11,33,8,3,3,38,2,6,9,4,5,6,6,0,17,36,1,28,1,7,7,20,2,7,3,3,9,14,6,1,2,1,3,2,9,16,8,0,14,9,4,8,5,7,4,3,0,22,13,2,4,3,0,22,4,22,3,10,3,17,1,23,33,27,20,16,2,16,3,7,2,8,8,5,6,24,14,31,0,7,9,2,5,0,5,15,23,0,3,5,8,7,23,8,0,1,1,12,20,2,18,18,0,0,0,18,9,11,13,26
"1",14,4,1,4,24,1,14,14,7,2,1,32,25,3,18,3,2,0,18,23,4,42,10,13,1,1,7,4,50,3,3,7,1,3,23,1,15,16,2,11,2,5,3,18,21,11,4,16,26,2,20,2,1,9,1,1,1,25,1,10,3,19,3,0,1,4,22,29,14,17,6,40,2,5,5,0,2,7,4,20,11,7,5,4,7,28,3,6,3,4,0,14,12,11,43,3,4,3,14,22,9,1,2,1,5,29,1,1,10,2,0,31,18,8,2,1,0,5,2,1,1,3,11,1,2,12,2,6,10,4,4,2,5,12,0,9,4,23,0,29,1,6,4,5,2,2,22,7,8,12,9,5,0,22,3,24,1,6,5,7,13,2,4,8,2,8,7,10,3,7,0,8,3,1,2,32,23,2,27,1,2,0,4,0,21,67,2,2,16,8,6,3,4,3,7,13,0,2,21,10,1,3,5,0,6,4,0,5,14,7,33,5,4,0,43,1,1,3,1,3,8,5,0,21,30,2,16,0,8,14,27,7,0,4,4,12,12,12,2,3,4,3,4,5,14,2,1,14,10,3,4,12,1,3,5,0,39,13,1,10,3,3,30,0,12,4,10,1,9,0,30,37,29,14,13,3,14,7,11,2,6,5,4,9,18,20,33,0,2,8,3,5,3,9,17,24,1,3,2,5,0,38,14,1,1,2,14,7,2,13,12,1,0,4,4,5,14,13,19
"1",15,1,6,3,24,1,10,21,3,3,3,36,12,4,9,6,6,1,17,17,3,37,20,14,1,1,9,1,49,3,1,4,2,10,30,1,23,29,3,14,2,5,2,26,12,4,1,6,25,0,18,2,2,8,0,0,2,29,4,9,2,9,3,1,0,0,14,26,22,30,2,27,3,1,8,1,5,16,11,11,4,2,10,3,12,23,6,6,0,8,1,23,10,5,43,0,21,6,10,19,9,3,7,0,2,16,0,0,9,1,0,26,19,10,4,4,2,15,6,0,1,0,15,3,3,11,10,3,5,4,1,2,5,10,1,16,2,19,1,17,1,6,4,8,0,3,20,7,12,20,4,3,0,31,3,25,3,1,2,6,9,1,6,16,1,0,3,6,8,7,0,6,0,4,1,27,20,1,20,1,0,0,8,1,25,65,0,11,15,8,4,2,3,3,19,14,0,2,20,6,1,5,2,1,15,6,0,4,19,8,40,6,4,0,33,1,1,11,2,9,7,4,1,27,18,2,19,1,4,18,17,5,4,1,0,9,25,12,1,4,1,3,4,10,11,5,0,31,13,6,1,10,0,0,11,0,28,6,0,3,2,0,39,3,18,4,3,3,7,0,32,30,14,25,9,1,14,5,7,1,6,7,5,14,30,17,37,1,0,7,0,1,1,7,14,17,2,3,8,3,5,25,16,1,0,2,17,13,1,8,11,3,0,3,9,6,5,11,20
"1",15,6,4,2,17,1,20,15,9,2,4,22,28,4,14,2,9,0,17,23,4,33,20,12,1,0,6,12,50,4,0,8,1,6,24,0,28,32,1,17,3,5,1,24,6,6,4,3,22,0,24,6,0,6,1,0,3,14,3,12,1,6,3,1,2,0,20,26,17,32,4,49,1,3,8,1,3,8,3,18,1,4,7,2,13,11,0,3,0,4,2,5,10,13,52,3,7,9,19,16,9,5,10,1,1,22,1,0,15,5,0,40,20,9,4,3,0,10,0,1,3,5,10,2,1,16,4,7,2,5,3,3,3,12,5,12,5,18,2,18,2,6,6,15,3,2,16,11,9,6,7,1,1,20,15,13,1,4,1,3,13,1,5,10,1,4,9,3,7,5,0,2,1,4,0,32,35,5,14,2,0,0,2,2,33,67,3,5,18,8,7,2,3,0,18,14,2,1,20,8,4,5,5,2,11,0,1,7,21,9,33,12,1,0,48,0,5,3,1,3,14,3,1,26,37,0,19,1,0,12,19,2,3,0,0,8,23,11,0,5,1,2,8,8,18,5,0,17,13,5,2,12,4,3,11,1,18,7,0,1,4,0,27,5,16,3,10,3,9,0,18,33,17,15,12,4,24,5,5,0,8,12,3,7,16,9,35,4,2,8,1,5,1,3,19,15,4,7,4,6,4,23,7,4,0,0,18,9,0,14,14,1,0,1,26,6,11,8,23
"1",12,5,3,3,23,4,16,22,3,5,0,17,20,2,12,3,5,0,19,24,3,27,18,13,1,2,5,8,66,4,3,2,1,12,22,0,22,25,2,18,1,5,1,23,14,10,4,4,33,2,22,4,4,3,0,3,0,12,5,10,3,12,4,0,1,2,19,36,20,23,2,48,0,3,2,2,0,19,9,26,2,10,7,4,8,23,4,1,0,4,0,20,8,8,42,3,4,5,18,13,12,6,4,2,4,25,2,0,23,1,0,20,23,7,1,2,3,5,1,1,0,3,12,0,4,17,3,4,4,1,2,0,4,11,2,6,3,22,0,28,1,2,1,12,2,1,23,3,6,7,7,2,2,26,2,28,1,4,0,5,8,1,9,16,1,1,1,5,7,8,1,6,0,4,0,28,28,3,19,0,2,0,9,4,26,57,3,1,17,10,11,5,5,3,7,11,1,3,23,5,4,2,3,1,6,2,0,4,19,12,28,22,4,0,21,2,4,3,1,1,6,3,2,15,28,1,13,1,4,7,33,1,2,4,3,16,23,7,0,3,0,2,6,11,17,7,1,13,8,10,7,10,7,4,6,1,13,10,4,7,2,0,35,6,24,5,7,4,4,0,24,25,24,15,11,3,16,3,6,2,8,14,6,10,25,13,33,2,1,7,1,6,3,12,20,25,3,6,4,3,1,21,8,0,2,0,9,20,4,22,8,3,0,1,5,8,3,7,13
"1",11,1,1,6,23,2,22,12,8,3,2,27,26,4,15,3,10,1,6,23,2,24,18,22,1,1,12,5,54,4,0,6,2,11,17,1,28,24,3,17,2,10,4,20,17,13,0,5,25,1,20,0,4,6,1,2,4,18,4,6,0,9,1,0,9,5,25,52,12,23,1,33,1,3,6,0,0,15,8,19,9,11,24,0,11,12,2,3,0,10,3,15,16,5,49,1,6,6,15,22,7,2,16,1,4,34,3,2,7,2,0,26,24,9,3,1,0,2,2,0,1,5,11,2,0,26,6,13,6,5,4,2,3,20,0,16,1,19,0,25,2,1,0,11,1,2,16,6,10,20,17,4,4,24,5,31,9,2,0,4,5,2,7,11,2,0,7,8,7,6,0,4,0,4,0,21,25,2,25,1,0,1,4,2,18,65,4,5,12,11,5,2,0,2,22,11,1,2,18,6,2,5,6,0,8,2,1,4,21,15,24,9,1,1,53,0,3,4,6,4,8,2,1,18,24,1,18,1,2,7,23,1,5,3,3,20,15,9,1,4,0,1,3,4,26,9,1,22,10,3,2,7,8,4,4,2,22,8,2,3,2,2,30,9,17,6,9,4,9,1,25,31,13,15,8,2,22,3,8,2,3,9,5,5,31,18,31,1,2,7,2,9,1,13,14,38,2,3,6,5,3,20,13,2,2,2,9,18,0,14,23,3,1,1,13,9,8,6,12
"1",16,1,0,2,18,1,15,13,2,3,0,28,16,2,8,4,3,1,8,13,5,33,17,15,1,1,8,4,61,4,5,1,4,2,21,0,26,20,6,10,7,3,2,19,13,4,2,8,23,3,20,1,7,6,3,1,4,25,3,7,4,10,4,0,4,4,12,18,22,20,1,25,1,4,4,0,4,8,7,19,3,3,10,0,8,27,2,3,2,9,2,10,11,6,28,0,15,5,9,13,11,7,6,0,3,23,1,2,10,2,2,28,28,4,2,1,2,7,4,2,0,1,20,0,1,13,8,3,7,4,3,2,6,8,2,13,3,29,1,18,1,3,5,10,4,1,16,8,11,7,11,1,1,25,7,20,7,3,3,3,10,3,9,7,2,2,2,5,3,5,1,1,1,5,3,32,21,0,15,1,0,0,2,2,36,47,5,7,13,8,6,6,3,5,15,16,0,3,28,6,0,3,9,1,17,4,0,4,25,4,34,11,6,4,38,1,2,5,3,5,7,0,1,26,24,1,25,0,3,11,24,3,3,1,3,4,14,8,1,4,0,3,7,5,23,12,1,24,5,4,2,13,14,6,4,0,16,13,2,4,2,3,45,5,18,1,9,1,5,2,36,40,20,16,16,1,24,4,9,1,4,3,5,2,24,20,30,4,4,4,3,9,5,7,16,15,0,6,9,3,3,21,16,1,0,1,15,19,2,13,12,2,1,2,14,5,2,5,19
"1",10,3,1,1,17,1,14,17,10,6,0,26,11,4,9,5,4,0,8,20,6,21,19,19,1,1,9,3,52,3,3,2,1,10,20,0,20,35,1,7,1,7,2,26,8,9,1,17,26,2,27,3,4,17,1,1,4,24,2,7,2,4,3,2,2,4,11,31,26,19,2,35,2,2,7,3,0,11,7,16,6,4,8,0,4,20,4,1,0,5,1,17,12,6,50,0,8,4,18,8,13,5,4,0,0,22,2,2,7,5,0,27,19,5,0,3,1,3,2,1,1,3,12,1,2,23,3,10,8,1,0,0,2,6,2,14,6,23,1,31,2,0,3,11,3,0,11,4,10,11,8,2,0,21,6,26,1,11,4,5,11,1,11,17,3,1,2,15,6,6,0,10,1,6,0,31,20,1,23,0,3,1,2,1,26,61,2,4,22,7,4,2,8,3,9,23,1,1,10,3,4,9,4,0,11,5,0,4,20,10,28,8,2,6,52,0,5,5,1,0,16,8,3,25,20,2,14,1,2,18,27,2,1,0,2,28,22,4,0,3,0,2,4,6,22,6,1,12,17,8,3,1,8,2,4,1,29,8,0,4,1,1,40,3,21,1,13,6,8,0,22,25,14,16,15,2,11,6,3,1,5,8,10,4,27,22,35,5,2,7,2,11,2,8,10,22,0,6,4,6,2,14,19,2,1,0,10,14,3,15,12,2,3,3,7,9,7,10,23
"1",18,4,1,3,22,0,10,12,6,1,0,20,16,0,11,3,7,0,22,22,4,23,22,12,3,3,14,5,74,2,0,7,2,8,19,2,24,26,2,15,1,10,1,19,15,7,1,5,27,2,18,1,1,9,0,1,2,25,2,7,2,4,2,1,0,5,21,20,30,20,3,32,3,0,6,0,2,7,8,20,6,8,4,3,18,22,0,2,1,10,0,12,8,4,42,1,4,4,16,7,15,5,5,1,1,21,4,0,13,2,0,33,16,9,1,2,0,2,4,1,1,6,11,1,4,21,6,6,5,5,2,0,4,9,0,13,2,24,1,15,3,4,10,13,1,0,21,12,14,10,10,2,5,32,3,22,1,9,0,0,6,1,15,10,0,4,3,11,2,5,2,6,1,6,1,32,21,3,18,1,0,0,2,3,20,67,8,9,12,11,4,6,5,7,11,12,2,0,18,7,2,4,7,2,10,2,1,4,14,8,34,7,0,1,39,0,3,6,0,5,9,1,0,29,24,2,20,0,5,8,25,3,2,0,3,9,17,7,2,2,0,2,3,11,34,6,1,8,12,5,4,19,9,6,8,3,21,7,2,8,5,3,35,10,15,6,15,4,4,1,32,32,31,15,10,2,9,5,6,1,5,3,4,5,46,10,35,3,2,8,1,4,2,11,12,38,2,4,9,8,4,28,12,0,0,4,17,19,0,30,11,2,0,4,9,5,13,7,23
"1",10,1,3,5,24,0,22,23,5,1,0,28,17,1,17,11,8,1,22,11,0,21,16,15,2,0,10,6,64,4,1,2,5,3,25,3,31,25,5,13,3,8,3,19,6,2,5,9,28,1,16,4,3,5,2,1,1,14,6,8,2,14,1,2,2,5,18,23,31,29,1,37,1,3,8,1,5,10,12,19,5,5,11,1,2,21,5,0,0,6,1,16,14,13,32,1,4,3,12,13,9,6,7,0,2,36,5,0,16,5,2,39,23,5,2,1,2,3,0,0,2,4,6,0,3,13,12,6,6,5,2,0,5,21,2,12,2,13,0,27,3,4,2,16,3,2,12,4,7,12,9,2,2,26,4,17,2,5,9,5,13,0,10,8,1,3,3,11,3,6,1,4,2,4,0,20,25,3,19,1,0,1,5,1,34,60,6,3,27,11,7,0,4,3,11,30,3,2,16,3,4,2,2,0,8,6,0,5,20,8,33,11,1,5,47,2,6,5,1,1,8,2,0,24,30,2,16,7,9,4,25,6,7,2,3,13,13,5,2,2,0,0,5,9,16,9,0,10,11,6,3,4,8,1,8,1,25,9,0,7,1,1,46,3,34,8,10,3,6,2,17,22,30,14,16,1,24,1,7,0,2,7,6,12,28,29,37,10,4,12,2,3,2,3,16,30,7,5,5,2,4,26,21,1,0,3,16,23,1,14,10,0,3,1,6,9,15,6,16
"1",17,1,1,5,24,1,20,11,7,1,1,27,20,3,8,1,8,1,6,27,10,30,23,17,0,1,14,6,53,1,0,0,1,4,22,1,22,27,4,13,2,7,0,18,13,7,1,8,34,5,18,1,1,9,0,3,0,28,5,12,1,9,4,3,2,0,16,26,19,27,0,24,3,4,5,0,0,9,5,22,6,7,17,0,5,13,2,4,1,5,0,12,19,15,48,0,8,7,14,19,5,5,2,1,1,25,0,1,15,2,0,25,30,4,1,1,1,8,0,0,1,0,5,0,1,25,3,9,4,5,3,2,2,6,2,9,0,14,0,19,0,2,9,17,0,2,25,5,10,22,12,4,2,35,1,19,1,4,0,3,10,1,5,8,0,4,3,13,7,3,0,3,1,2,0,27,26,5,17,0,0,0,6,0,43,55,8,6,12,11,10,4,2,2,16,18,2,2,18,1,2,1,2,0,7,3,1,8,31,5,39,11,0,2,36,2,4,7,5,1,11,1,1,16,22,0,16,3,7,12,28,5,1,1,7,12,16,4,0,6,0,2,7,4,19,8,0,19,12,9,5,4,2,2,8,1,30,14,3,11,1,1,35,5,7,0,12,4,3,1,21,40,21,19,7,0,22,3,15,1,9,4,2,9,24,13,26,4,2,0,2,1,3,8,18,25,0,0,5,2,3,29,17,0,1,0,12,19,1,15,19,0,0,0,8,11,10,10,22
"1",21,0,5,6,19,0,22,19,6,2,1,21,18,5,14,2,8,0,10,24,1,24,25,17,4,0,10,5,53,4,2,3,3,5,12,0,24,33,3,17,1,11,4,25,17,10,2,13,32,6,29,2,0,7,0,4,3,22,0,6,1,10,2,0,2,4,16,22,23,24,2,33,2,2,2,0,2,20,7,12,5,11,9,1,3,17,1,1,4,5,2,12,16,16,41,2,9,1,16,6,7,5,7,0,2,24,4,0,9,3,1,30,17,4,0,3,2,6,2,3,0,2,11,1,1,15,5,9,9,11,5,1,2,6,0,11,4,13,1,23,2,12,8,8,1,1,19,6,9,13,14,3,0,27,3,29,2,8,1,4,13,2,6,9,0,1,8,14,4,7,0,3,2,6,2,22,25,2,17,1,3,0,5,1,26,60,1,7,24,6,5,0,6,2,12,16,0,3,22,5,3,1,4,0,6,1,0,3,34,11,33,9,3,7,35,5,6,4,5,7,9,3,0,13,21,3,21,1,4,12,27,1,1,5,1,8,18,16,0,0,0,1,4,4,23,6,1,16,11,7,1,6,2,1,6,0,27,12,1,4,4,2,30,3,15,2,3,1,5,0,23,31,17,25,15,2,9,4,12,1,3,11,3,6,11,13,28,5,5,7,3,4,3,7,9,34,2,3,3,3,1,25,6,2,1,0,12,14,2,19,17,0,3,3,4,7,11,8,14
"1",11,2,1,6,28,0,22,17,9,2,2,22,19,5,9,1,6,0,13,17,7,20,10,16,0,1,9,5,33,4,0,4,6,9,19,0,35,34,3,13,1,4,3,19,19,5,0,10,31,4,22,0,2,7,2,4,6,25,2,12,1,9,6,2,1,4,19,14,12,26,0,32,1,0,5,0,3,8,5,34,9,9,13,1,16,26,3,2,0,4,2,17,11,17,43,1,7,8,16,14,13,5,14,0,2,34,3,0,15,1,2,44,23,4,1,1,1,7,5,1,1,7,8,0,0,11,8,7,2,3,3,0,2,11,1,13,2,38,0,14,3,3,2,10,4,0,11,17,22,15,12,2,3,17,3,29,8,2,1,5,7,0,6,12,1,5,8,8,3,14,0,3,1,6,0,30,24,1,20,1,0,1,3,0,25,54,4,7,11,8,2,2,8,6,20,14,0,1,11,3,5,2,4,0,8,1,1,6,25,3,34,15,3,3,49,0,6,6,2,5,4,4,0,17,27,1,12,2,1,17,28,4,2,1,1,14,15,11,2,2,2,5,6,8,33,4,1,10,7,8,3,7,8,5,5,1,19,17,0,3,2,0,34,3,19,3,7,3,6,1,22,32,19,11,5,4,27,3,11,0,2,6,9,9,17,21,23,2,2,7,0,7,3,5,16,21,2,4,6,5,3,24,14,3,4,1,20,26,1,24,10,1,0,2,6,9,17,3,8
"1",15,5,1,5,19,0,17,14,5,2,0,17,13,2,15,1,1,1,5,25,2,22,17,19,2,1,8,9,53,4,2,4,2,9,21,0,23,20,6,9,2,4,3,22,8,10,3,10,29,3,13,0,0,8,1,6,2,27,4,10,1,16,5,2,2,1,20,18,11,24,0,46,2,2,8,0,3,16,11,21,6,8,17,1,3,29,1,1,2,7,3,17,13,9,41,1,5,2,10,9,14,5,11,0,3,23,0,0,12,0,1,43,12,9,2,0,1,7,5,2,0,4,6,0,6,23,7,7,6,6,3,0,4,10,1,13,0,14,0,28,3,6,4,5,5,0,21,4,8,9,5,4,1,8,4,28,4,2,2,3,8,2,10,13,1,8,4,12,4,3,1,8,0,0,0,24,15,1,27,2,1,2,9,7,18,60,5,4,25,9,4,2,4,4,14,16,0,1,27,5,0,4,3,2,13,1,2,2,23,6,24,12,3,3,36,0,4,12,9,1,7,4,2,16,24,4,19,2,7,6,18,4,1,0,1,8,19,6,0,3,1,3,2,5,20,5,0,18,14,8,4,3,5,3,8,0,20,8,1,6,8,0,35,6,21,5,7,3,11,0,36,34,17,13,10,1,20,3,6,3,4,2,6,5,25,14,39,4,2,6,0,7,0,13,11,21,4,4,8,4,5,26,20,0,2,1,10,11,3,17,11,0,0,2,10,8,7,7,8
"1",25,6,1,3,28,0,18,16,5,2,1,33,18,6,6,1,1,0,5,30,6,26,19,23,1,1,7,6,42,6,3,8,0,14,22,0,25,25,3,24,6,9,1,16,18,3,0,4,22,3,22,2,4,5,1,4,1,38,3,6,1,14,5,2,2,1,17,29,15,29,2,49,0,1,3,0,4,11,8,11,12,7,14,1,6,26,4,3,0,9,4,22,11,9,37,0,10,3,14,18,17,2,8,0,3,29,1,0,16,3,0,19,19,9,2,2,0,5,2,0,2,9,4,1,2,18,3,8,4,5,0,0,1,5,2,9,2,23,1,25,0,7,4,6,4,0,15,10,8,16,15,7,2,23,7,17,1,4,1,1,2,0,6,10,1,0,5,5,5,3,0,8,0,4,0,22,20,1,23,0,1,0,1,2,26,51,3,8,9,13,7,1,3,3,11,20,3,0,24,6,2,9,4,0,10,3,0,8,24,7,22,15,2,2,51,2,4,7,3,4,8,3,1,10,25,2,20,0,5,5,20,6,3,2,0,8,20,9,0,0,0,3,6,5,18,6,0,10,17,4,7,5,4,4,7,1,22,12,0,9,4,0,27,6,23,7,14,2,7,2,44,17,19,18,12,0,23,2,6,1,5,7,4,13,30,19,45,3,4,8,2,3,0,4,23,21,2,2,3,6,4,20,14,3,0,5,10,13,6,22,11,2,0,3,10,8,5,8,12
"1",15,6,2,4,28,4,9,14,4,0,2,21,16,4,8,3,7,0,18,16,2,26,10,10,2,0,8,12,34,7,0,9,4,7,14,1,20,36,3,10,2,9,0,27,11,1,1,4,36,3,17,4,5,8,0,1,1,24,2,12,3,14,4,0,0,6,15,34,33,18,2,30,3,2,9,1,3,7,7,20,3,13,5,5,9,19,5,1,2,7,2,7,12,3,51,1,6,4,21,22,16,4,8,1,1,24,3,0,8,2,1,24,30,7,2,5,0,7,2,2,0,4,15,0,1,11,7,4,8,3,0,1,1,7,3,4,0,21,0,23,0,3,3,13,1,0,20,7,7,8,17,0,2,23,4,27,3,6,3,1,16,0,7,7,2,6,2,8,5,3,0,7,0,1,1,44,16,4,12,1,0,0,5,0,33,57,0,6,11,9,6,1,7,2,13,16,0,3,32,8,3,1,9,0,14,2,0,3,17,11,41,19,3,0,57,3,4,8,2,6,15,5,0,20,14,1,20,1,2,13,19,2,4,2,7,15,17,6,1,2,0,2,6,10,24,1,1,25,11,6,3,8,5,3,8,0,8,13,1,7,2,0,31,3,10,6,11,1,9,0,21,39,18,15,7,5,13,3,5,3,9,7,7,6,17,20,40,2,5,8,9,3,1,6,14,14,3,9,4,3,4,20,9,0,0,4,9,19,1,25,8,2,2,3,12,12,12,5,11
"1",20,8,4,5,23,1,24,16,8,0,3,39,16,8,9,4,7,0,18,17,2,41,20,11,1,0,16,5,44,2,3,6,3,8,32,2,24,34,3,10,4,6,3,25,17,9,2,5,23,2,13,4,2,5,3,0,1,34,5,6,3,13,3,0,0,2,16,15,24,32,2,47,0,1,7,1,2,10,15,18,5,8,11,2,10,25,6,0,0,10,0,9,8,3,33,0,7,2,11,13,16,9,3,0,5,27,2,1,11,2,2,23,19,5,2,2,1,7,7,1,0,2,11,0,0,17,8,2,10,5,0,0,3,8,1,6,0,19,1,29,0,7,3,11,2,3,21,7,14,8,11,0,5,20,5,40,3,7,3,5,7,1,7,26,1,6,2,12,6,11,0,5,1,2,2,21,21,6,21,2,0,0,1,2,26,46,2,2,9,8,7,1,9,4,12,21,2,2,17,3,3,0,7,1,11,3,0,4,25,13,38,9,1,4,45,1,3,9,3,2,17,12,0,26,22,2,13,2,2,5,28,8,3,2,3,15,14,13,0,3,2,1,3,3,15,4,1,12,11,7,3,5,7,1,7,0,25,10,0,5,4,0,33,8,11,3,6,1,6,0,30,17,14,13,7,0,34,6,10,2,4,3,2,9,22,29,34,5,2,12,6,1,1,7,21,25,2,5,6,4,0,20,11,2,1,1,12,21,1,18,17,3,1,5,8,7,7,11,16
"1",17,5,0,3,22,1,22,19,10,2,2,29,20,4,17,3,0,2,12,22,3,20,17,17,2,3,11,6,46,2,0,6,1,7,22,1,13,19,4,20,4,4,2,21,12,11,0,4,25,1,24,3,4,7,2,3,0,30,1,5,3,12,3,3,2,6,15,23,30,23,5,31,1,1,3,1,2,7,9,16,6,4,12,1,12,28,0,4,2,13,2,12,8,8,44,1,11,2,16,19,18,2,8,0,2,28,0,2,14,0,0,36,18,9,1,2,0,5,5,1,4,4,11,1,1,19,12,7,22,1,4,2,4,15,5,8,1,15,2,31,0,2,3,18,4,0,27,5,11,15,4,1,1,18,10,17,2,5,1,2,16,0,7,9,2,4,4,9,2,3,0,13,1,1,1,26,15,3,17,0,0,0,4,1,26,40,1,5,10,15,5,2,5,2,17,16,2,1,19,7,3,1,7,0,11,3,0,2,19,10,31,9,3,2,29,0,4,5,6,5,12,5,1,22,12,2,25,3,8,4,18,0,5,7,0,12,18,9,2,4,1,2,9,6,13,4,1,26,8,4,3,8,9,2,3,0,15,10,0,6,0,3,28,2,16,5,10,0,11,1,12,34,18,16,21,1,20,1,5,1,4,12,2,14,10,19,39,5,5,7,3,5,1,9,11,22,1,3,3,2,1,31,14,4,4,2,8,13,0,24,11,0,1,4,11,7,10,4,13
"1",17,5,2,7,20,1,18,13,7,2,0,31,22,5,16,2,7,0,11,23,4,39,12,22,1,0,5,2,41,3,4,3,3,10,27,0,23,32,3,15,5,5,3,13,16,11,1,6,23,1,22,1,2,10,0,0,2,17,3,10,2,11,2,1,4,3,14,37,34,38,3,23,1,1,13,0,6,16,7,10,6,8,15,0,13,21,3,1,3,11,2,11,5,12,49,1,5,5,19,22,19,7,3,0,1,20,0,0,9,2,0,26,17,4,1,0,2,4,2,1,0,1,11,1,3,8,5,7,8,2,0,0,3,9,1,10,4,22,0,17,1,6,4,17,0,1,18,5,5,7,12,3,2,24,3,20,0,3,2,4,11,0,13,11,2,6,2,2,10,5,0,3,3,0,0,29,17,2,13,0,0,0,1,5,20,43,0,4,22,8,9,3,5,1,17,12,1,2,21,5,1,2,2,0,7,4,2,4,20,7,16,11,1,3,41,0,5,6,2,5,5,2,2,13,31,2,18,2,9,3,25,2,2,0,4,14,17,8,1,3,0,0,5,9,25,5,1,20,17,5,4,11,3,4,10,1,13,14,4,4,5,0,34,5,13,1,13,2,9,1,14,29,19,29,13,5,14,6,10,3,7,6,11,8,24,21,38,2,4,4,2,10,3,12,14,21,2,2,4,3,2,23,15,3,0,2,7,18,0,13,18,0,0,1,3,7,10,4,14
"1",12,5,3,4,17,3,20,18,7,3,0,30,14,8,14,2,4,0,14,28,1,32,21,19,1,1,12,2,57,2,1,0,0,9,19,0,21,19,4,14,3,4,3,22,15,8,3,5,27,1,18,2,1,10,2,2,5,9,5,6,1,15,5,1,5,1,19,21,23,19,3,36,0,3,15,1,2,9,5,13,6,10,6,2,17,18,3,5,2,11,4,25,16,4,30,2,11,6,17,14,9,5,7,2,2,16,3,0,10,0,0,37,15,6,3,3,0,12,2,2,0,3,9,0,1,15,8,4,9,7,1,1,2,15,1,16,0,26,0,16,2,0,1,9,1,0,28,4,18,13,7,0,2,15,7,27,10,8,2,5,11,4,8,10,4,6,2,7,5,7,0,13,0,0,0,33,21,4,24,0,1,0,5,2,22,67,5,1,16,11,7,2,11,4,16,17,3,2,12,5,1,1,2,0,5,2,1,7,16,6,39,16,0,2,51,2,2,2,2,3,4,2,1,20,21,2,22,1,5,10,25,5,1,2,3,20,20,4,0,7,0,3,0,15,25,12,0,22,18,8,6,9,3,7,5,1,24,15,6,6,1,1,31,8,12,3,11,2,8,0,31,32,21,17,13,0,24,3,7,3,5,3,6,4,15,15,50,5,7,8,2,6,0,4,16,24,2,6,5,3,5,24,13,1,2,3,18,20,0,22,14,2,0,0,9,7,8,11,15
"1",14,3,5,6,26,1,12,11,6,4,2,25,16,1,10,3,3,0,19,15,2,13,16,28,1,1,6,3,45,3,0,6,4,9,19,3,24,30,0,21,3,6,3,22,12,10,3,6,37,1,35,2,7,9,5,3,1,30,9,12,4,18,2,0,6,1,26,20,22,27,1,25,0,4,3,3,1,17,16,16,9,7,9,4,15,28,1,2,0,17,2,13,15,9,30,0,7,3,18,10,12,5,11,2,0,20,2,1,19,0,1,29,24,6,2,0,1,4,2,1,1,11,16,0,3,16,10,11,6,7,1,2,2,13,0,11,1,23,1,24,3,4,3,10,2,1,28,5,7,13,8,4,3,23,5,23,1,2,1,6,11,4,6,12,0,4,3,6,3,6,0,4,1,1,0,21,19,6,20,3,2,1,4,2,35,63,3,3,11,9,8,8,6,5,18,18,0,1,26,9,1,2,5,1,7,4,2,6,18,7,24,22,3,2,38,1,1,3,3,6,3,3,1,21,16,3,27,4,1,7,36,2,11,3,1,14,22,9,2,5,2,1,4,14,17,6,1,15,9,3,5,4,3,1,2,1,35,11,2,8,3,1,54,6,16,7,13,0,9,1,19,39,14,18,9,0,22,4,14,2,3,10,8,3,22,21,48,5,6,7,5,9,1,10,8,21,4,5,7,4,0,22,12,0,0,6,14,22,0,25,10,0,1,1,5,3,6,7,19
"1",14,5,3,4,25,1,15,11,10,4,1,30,16,3,11,2,8,0,13,29,3,14,22,17,0,3,15,3,61,6,0,5,1,9,34,2,35,23,3,18,5,7,1,16,16,6,1,10,22,1,30,1,3,3,2,4,4,26,2,13,1,15,7,0,0,4,23,23,23,33,4,23,1,4,4,2,1,9,5,14,3,2,10,3,11,16,1,0,0,10,4,18,16,8,40,2,10,5,15,19,15,2,5,1,4,39,0,0,21,1,0,32,26,8,1,1,1,6,3,1,1,2,10,0,1,18,7,13,8,12,2,1,1,10,2,9,0,23,1,42,0,2,1,11,3,0,20,8,10,4,9,5,2,18,10,21,4,2,3,0,9,2,2,14,0,2,6,12,8,5,0,6,2,0,0,30,21,1,14,0,0,0,5,2,27,60,1,12,12,4,7,5,7,4,22,20,1,1,14,3,1,3,9,1,10,2,1,9,20,13,40,9,0,1,31,1,5,11,2,8,4,3,0,41,23,1,12,0,1,6,13,4,2,1,2,7,14,9,0,3,2,1,6,4,16,4,1,13,15,4,3,8,3,6,6,1,29,17,1,8,0,2,33,5,22,3,9,4,5,0,19,39,25,19,8,0,27,3,4,0,3,3,3,5,36,23,31,4,0,14,3,8,3,11,13,26,3,8,6,3,5,32,12,2,1,3,9,17,0,23,19,1,1,0,8,6,7,3,18
"1",5,3,1,4,32,1,17,19,5,4,2,25,16,1,9,1,9,1,10,18,4,34,25,13,2,1,17,3,45,5,1,10,3,14,20,0,21,32,1,12,4,7,1,14,20,7,1,14,38,5,27,0,0,14,2,3,2,14,2,11,1,11,3,1,1,4,25,32,25,26,3,45,1,2,7,2,3,16,7,17,5,7,14,4,11,20,3,4,2,8,2,25,9,8,36,0,3,6,12,13,9,1,7,3,1,24,2,1,19,1,1,38,16,7,8,5,2,3,2,1,4,3,11,0,0,17,3,5,5,8,3,0,4,10,3,11,1,22,2,29,1,2,8,19,4,1,21,10,6,9,7,4,3,27,3,27,4,2,6,5,3,0,11,10,3,4,2,15,8,4,1,3,1,7,2,16,14,4,17,0,0,1,4,3,29,52,7,9,12,14,5,3,7,3,12,15,1,4,24,4,3,1,6,0,14,1,1,2,18,13,18,7,1,2,28,0,3,6,1,4,12,2,1,17,16,0,19,3,1,12,15,5,7,1,0,6,13,9,0,1,2,4,7,4,23,9,1,16,13,7,0,9,6,5,8,1,31,8,1,4,0,0,26,6,19,2,8,1,10,0,47,38,20,10,12,1,18,3,9,2,6,8,7,8,22,14,34,3,5,6,2,5,0,8,14,20,1,6,9,2,0,21,17,1,0,3,10,16,1,18,16,3,1,2,8,10,9,9,12
"1",19,2,4,4,19,1,12,9,7,1,0,24,16,3,8,3,7,1,7,20,2,35,11,24,3,2,7,7,52,6,0,7,1,10,13,1,19,39,8,21,1,7,1,16,10,5,3,8,24,4,21,3,2,7,0,1,1,29,5,9,3,14,3,1,3,3,20,29,19,19,1,18,2,0,10,4,2,15,10,13,5,4,5,0,3,24,1,5,0,6,2,14,10,9,40,2,13,4,24,15,9,5,3,0,6,23,0,1,8,2,0,29,17,6,3,0,2,8,2,1,1,7,16,0,3,12,4,7,5,5,1,3,1,7,1,16,1,20,0,22,4,6,3,12,5,1,18,9,13,13,7,1,3,32,7,20,2,8,6,4,8,0,5,20,6,4,0,4,1,8,1,3,4,3,0,33,17,7,16,0,0,0,3,3,36,65,4,2,25,13,7,1,7,2,15,21,2,1,26,2,0,3,6,1,13,3,0,3,26,7,25,15,1,4,49,0,4,9,6,3,14,6,2,14,22,1,25,0,2,5,24,4,5,6,2,9,16,12,2,1,2,1,5,5,22,5,0,13,16,2,1,12,5,4,9,1,35,7,0,3,2,2,24,3,20,3,9,2,15,1,30,34,21,17,21,4,28,4,10,1,5,7,12,6,26,27,28,3,1,6,0,8,3,8,15,32,6,2,5,6,2,15,10,2,3,3,14,21,3,17,11,2,0,2,8,11,6,11,5
"1",14,5,2,1,16,2,12,6,7,3,4,29,22,5,10,7,13,0,19,33,0,34,16,7,2,2,9,7,59,5,0,2,2,9,18,1,24,30,6,12,1,11,3,21,13,5,2,6,22,5,18,1,5,2,1,1,0,23,4,6,1,18,2,0,1,9,7,29,18,21,2,38,0,1,7,1,2,7,5,10,4,11,6,1,4,10,3,3,2,5,3,18,13,10,41,1,11,1,18,9,15,1,7,0,2,22,2,0,12,4,2,23,17,5,1,3,0,8,3,2,0,3,14,0,1,8,5,13,3,7,3,0,7,7,2,6,3,24,0,26,0,6,3,11,9,3,14,8,12,7,7,2,4,20,9,30,5,5,4,3,6,3,1,13,1,2,1,7,9,1,0,7,0,3,0,16,33,3,12,0,0,1,4,1,23,43,5,3,23,5,7,3,3,2,22,14,0,1,27,2,2,4,4,0,10,0,0,7,15,9,24,14,3,2,45,2,3,4,1,1,13,2,2,11,27,1,21,3,1,7,25,5,4,1,0,8,12,7,1,8,1,0,3,4,28,7,0,17,14,9,3,6,6,1,8,0,14,9,3,9,2,2,29,1,13,1,11,1,6,1,30,29,22,17,12,1,23,6,11,0,8,7,9,9,36,11,36,0,0,4,1,4,2,5,10,21,3,5,6,6,1,36,18,0,1,5,13,16,1,19,14,0,0,1,9,10,6,7,11
"1",8,5,4,5,29,0,13,12,8,3,0,20,18,1,10,4,9,0,19,28,3,23,11,11,1,0,8,3,44,6,1,3,0,9,18,5,21,19,4,21,0,13,5,17,17,5,6,5,29,0,16,1,1,6,3,0,2,18,0,10,1,13,1,2,2,2,10,25,27,16,0,29,2,0,3,3,2,15,10,18,6,4,2,1,4,25,5,5,6,11,3,8,10,7,27,1,10,4,17,21,10,2,10,3,1,20,3,0,7,1,0,37,22,4,4,1,0,8,3,4,2,2,6,5,1,10,4,3,6,5,1,2,1,5,0,10,1,29,2,21,1,4,2,6,4,2,32,10,6,11,10,4,2,38,14,27,4,5,3,5,10,1,5,10,2,7,3,1,3,7,0,7,1,5,0,29,12,3,12,1,1,2,2,0,23,62,8,3,20,9,5,3,5,0,17,25,2,1,19,4,1,2,1,0,11,1,1,1,13,13,29,12,5,2,48,2,2,3,4,3,10,3,0,11,23,1,22,0,4,7,15,4,8,1,1,9,26,6,1,4,2,0,2,11,24,3,0,18,10,13,2,12,5,3,4,1,16,12,1,5,3,0,33,2,10,2,8,3,13,0,26,20,26,17,12,0,32,4,8,1,11,4,5,6,23,12,40,5,1,2,1,9,1,7,19,20,4,2,7,5,2,33,13,1,4,0,11,16,0,22,16,3,4,3,13,6,9,4,7
"1",22,2,0,2,24,2,16,11,13,1,2,30,21,3,12,1,8,1,9,20,5,27,25,12,0,2,6,3,38,4,0,3,2,9,18,2,20,32,3,16,3,4,0,16,11,7,2,9,36,3,16,1,1,9,2,5,2,25,3,4,0,9,4,0,4,4,10,35,28,21,5,22,3,2,6,2,1,10,8,13,1,6,7,0,9,15,3,3,0,7,0,16,12,13,38,1,3,2,9,29,7,4,4,0,1,32,4,0,20,3,0,30,28,11,3,5,1,10,2,2,1,6,4,4,1,20,6,5,10,9,3,1,4,0,1,18,2,24,1,25,1,5,2,20,1,2,22,5,9,13,14,0,1,32,3,30,2,5,0,4,12,2,7,4,0,2,0,7,5,2,1,4,2,2,0,25,15,3,21,1,0,0,0,1,28,51,3,9,9,7,2,2,8,2,17,26,1,3,27,9,0,0,3,0,16,0,0,3,13,3,30,11,2,1,39,4,1,2,3,2,6,1,0,16,18,3,17,0,3,21,26,2,3,1,1,10,22,10,0,3,1,2,3,9,26,6,0,11,15,5,2,5,15,4,5,1,35,14,1,8,1,0,35,4,17,4,4,3,11,0,24,33,20,15,6,1,22,2,8,2,8,4,5,8,28,14,31,2,2,7,1,7,2,13,12,26,4,6,5,4,1,13,9,3,0,1,20,13,1,7,15,3,0,0,4,6,12,11,15
"1",14,6,2,6,34,0,14,11,5,4,0,23,15,3,15,1,3,0,13,33,8,19,18,14,1,2,11,4,51,2,1,8,4,11,9,2,19,31,5,19,6,7,0,22,8,2,0,4,33,0,21,3,2,9,0,3,1,30,3,11,0,17,1,1,1,4,16,34,31,26,2,32,2,1,1,1,0,18,8,16,9,8,18,0,11,25,2,1,4,14,3,12,19,15,37,0,6,0,16,11,14,3,10,1,2,29,1,0,9,6,1,34,21,14,0,2,2,13,4,4,0,3,11,1,2,6,3,6,9,2,3,3,3,9,1,5,2,22,2,30,0,3,3,7,2,0,18,8,13,14,6,2,2,30,6,27,2,12,1,11,2,2,7,9,0,3,1,4,6,9,0,3,1,2,2,21,15,2,14,1,0,1,1,4,28,58,5,11,17,10,5,4,2,1,11,25,0,2,17,3,0,0,6,1,15,1,0,6,19,8,27,6,2,0,41,1,5,7,4,5,7,4,1,21,17,6,17,4,8,12,16,5,2,1,2,13,19,7,2,1,0,2,6,9,14,3,1,19,5,2,2,5,13,5,6,0,16,11,0,3,0,0,47,7,25,1,2,3,5,0,27,27,11,14,10,6,18,0,10,3,6,5,4,11,26,9,34,4,2,8,0,3,3,5,12,20,6,4,8,0,2,34,9,1,2,0,7,13,1,18,12,2,1,0,10,8,6,10,19
"1",18,1,0,8,15,0,9,16,4,0,2,27,20,4,17,1,1,0,7,22,4,27,12,10,0,1,9,7,55,4,0,6,4,6,27,3,27,41,4,17,6,6,5,30,17,9,1,8,23,0,15,0,1,10,3,3,4,47,5,5,0,15,5,2,1,4,15,34,20,20,1,37,1,3,2,1,3,11,9,18,2,10,13,2,11,31,1,6,2,7,7,20,15,5,48,4,9,7,21,16,9,3,6,2,1,32,3,0,9,0,1,30,19,11,2,1,1,2,2,2,2,7,9,0,5,23,11,4,6,1,3,1,2,7,2,10,1,19,2,30,1,1,6,19,1,2,16,4,19,8,6,4,1,17,2,19,2,7,0,4,6,0,7,10,0,5,4,12,11,4,1,9,2,0,0,31,15,0,19,0,0,1,3,2,21,48,5,7,14,4,6,5,4,4,24,9,0,2,25,4,2,0,12,1,18,4,2,3,23,11,26,8,0,2,35,0,2,10,5,6,20,0,4,20,20,2,23,0,4,2,27,2,6,3,3,7,22,10,1,1,1,2,4,8,21,5,1,14,8,1,5,10,5,4,4,0,21,7,2,7,3,0,37,5,20,3,8,4,10,1,18,32,11,14,6,1,24,1,12,2,4,5,5,12,29,12,41,0,2,9,5,6,2,8,14,24,3,4,11,1,2,23,14,1,2,3,12,15,0,13,13,2,0,1,4,5,14,10,19
"1",20,8,2,5,28,1,15,19,7,0,2,23,17,7,10,0,4,1,8,26,3,34,15,15,0,1,4,7,47,1,3,6,3,11,27,1,20,17,4,13,0,4,3,22,7,5,1,3,26,3,19,0,3,8,6,1,2,37,2,10,4,11,6,2,1,2,11,39,15,17,2,35,1,8,12,2,1,16,5,19,4,2,7,1,8,21,1,4,2,5,3,10,13,3,43,1,8,6,16,16,7,3,9,2,3,21,5,0,9,0,1,17,17,2,4,2,0,7,4,0,3,2,16,1,1,14,9,8,9,1,6,2,8,10,1,12,5,9,1,25,2,4,3,8,1,0,32,7,10,15,10,1,1,25,4,37,1,5,2,2,6,4,2,9,2,9,1,6,4,7,1,5,1,2,0,25,12,9,11,0,0,2,7,3,34,49,6,4,7,5,3,5,6,0,7,13,0,1,23,3,0,2,6,0,8,4,0,3,17,6,34,7,1,0,33,0,6,4,5,7,6,4,1,9,39,2,16,1,4,7,24,7,2,1,0,13,15,9,1,1,2,0,3,8,22,3,0,12,11,12,4,3,7,4,10,2,36,8,0,4,4,2,49,5,9,0,1,1,13,1,25,29,15,18,9,1,22,6,6,0,5,4,11,6,20,12,29,4,4,6,4,8,1,14,16,27,0,2,0,2,2,33,10,3,0,0,12,26,1,10,25,4,1,1,10,10,5,9,25
"1",4,1,0,2,24,0,17,15,13,1,3,25,18,4,9,5,3,0,12,26,0,23,15,8,0,0,11,6,47,3,3,5,6,9,21,0,18,34,5,15,2,2,2,24,16,4,3,8,18,4,18,2,1,2,3,0,1,21,2,9,0,7,4,1,3,5,21,25,31,21,0,34,4,2,7,2,4,10,10,15,6,5,12,0,10,21,2,4,0,4,0,5,8,5,45,2,7,2,11,17,16,3,7,0,0,27,1,0,13,2,0,45,14,10,1,7,0,0,1,1,1,6,8,3,2,11,11,8,8,10,7,0,4,6,2,14,0,20,0,21,2,4,8,10,0,0,17,5,9,13,12,2,1,25,7,20,4,7,2,6,5,0,5,7,0,5,2,7,7,4,0,7,3,3,1,21,10,2,13,0,0,0,3,4,32,63,5,12,13,9,3,4,1,7,9,13,3,1,15,3,0,2,3,0,4,3,1,4,8,10,29,14,0,6,42,1,5,7,2,2,13,6,3,32,24,2,24,0,5,6,21,4,4,5,0,11,21,3,1,1,0,2,3,7,11,0,0,18,7,6,2,7,5,11,13,1,27,13,7,8,1,0,23,7,22,2,6,5,7,0,38,24,15,18,11,3,17,2,8,2,4,7,1,6,24,18,31,7,7,4,3,5,2,5,17,20,4,4,3,1,2,25,17,1,1,6,15,8,1,16,15,2,0,1,11,9,3,9,16
"1",14,2,1,1,8,1,11,12,14,5,1,36,13,8,12,1,2,2,19,26,3,20,12,14,2,0,9,10,66,4,3,3,0,6,16,3,25,37,5,15,2,6,1,16,15,4,3,2,25,0,17,1,3,6,2,4,0,30,1,7,1,10,2,0,3,4,13,25,22,30,1,24,2,2,5,1,1,8,12,18,4,7,9,0,7,12,3,0,0,9,1,13,10,9,35,0,5,3,9,14,17,2,5,0,2,30,1,0,6,11,2,11,22,5,0,3,2,6,5,0,0,2,13,0,1,9,9,6,2,4,2,1,4,13,1,8,2,14,0,29,3,4,0,13,0,0,18,12,7,15,12,2,4,23,2,15,4,6,5,4,7,0,6,11,0,4,1,5,3,5,0,9,1,7,0,27,12,2,15,2,1,0,4,3,28,69,2,7,12,11,9,3,4,0,12,13,0,3,15,6,0,1,8,1,6,0,0,6,25,7,23,15,3,2,42,0,5,8,3,4,9,2,1,24,23,2,9,1,8,13,25,1,5,0,0,10,13,3,0,5,0,3,4,15,21,9,2,20,9,1,4,6,7,6,9,0,23,7,1,8,2,1,42,7,14,4,11,4,3,0,23,35,23,28,13,2,15,2,5,1,4,8,11,5,19,25,29,2,5,8,3,7,2,4,14,21,5,4,4,1,0,25,18,3,1,2,9,23,0,25,7,2,0,1,5,12,8,6,13
"1",14,3,2,3,22,1,21,20,10,4,1,18,20,7,13,6,3,0,14,14,0,23,24,9,2,0,12,12,41,1,1,9,2,7,33,5,29,27,4,17,2,8,2,18,16,2,4,4,14,2,22,4,2,5,5,5,1,25,5,23,2,16,2,1,5,3,12,29,26,29,1,26,0,4,10,0,2,18,8,24,3,3,15,0,8,18,4,2,0,12,4,17,9,14,38,1,10,4,14,13,16,4,17,1,3,16,2,1,2,9,0,32,12,5,1,4,2,6,1,0,0,1,12,2,2,15,9,9,7,7,3,0,5,5,3,15,2,22,0,22,6,1,1,14,2,1,16,2,8,16,16,1,5,34,11,22,4,11,2,5,15,2,6,11,0,3,2,8,9,6,1,9,1,7,0,38,23,7,26,0,3,0,3,2,21,62,10,4,23,8,5,1,1,1,15,34,0,0,19,5,2,2,2,0,14,5,0,6,23,11,27,14,2,3,37,0,6,8,9,3,13,1,2,20,13,0,14,0,7,17,23,3,4,4,4,10,22,10,1,1,3,4,5,6,24,6,0,18,10,3,4,10,4,4,6,0,19,12,6,12,4,0,35,4,22,1,9,4,4,0,27,45,11,23,13,3,7,2,6,0,3,6,5,7,27,20,36,4,4,12,2,9,0,11,21,15,4,9,5,2,6,22,17,2,1,1,15,13,1,27,16,2,0,0,20,10,8,5,26
"1",14,6,2,3,17,2,21,11,11,0,1,45,19,6,14,4,7,1,14,17,2,32,11,23,1,1,11,5,52,2,2,4,4,8,14,1,30,21,1,18,5,8,4,22,15,8,2,8,29,1,19,0,1,11,3,1,2,25,4,4,2,11,5,0,4,4,15,20,20,31,2,36,3,0,2,1,1,18,8,21,2,7,7,0,15,19,2,2,4,9,0,18,18,6,28,0,7,5,12,11,18,4,19,5,2,35,1,0,7,2,0,25,19,8,3,5,2,12,2,0,1,3,11,0,4,18,11,8,5,7,0,3,2,6,1,19,2,32,0,27,0,2,7,14,1,0,29,10,18,22,7,3,1,13,1,19,4,6,1,1,2,1,3,9,1,6,8,4,6,8,0,8,1,1,0,23,18,3,25,1,1,0,5,1,31,60,6,5,18,8,7,2,5,3,11,12,2,2,14,6,0,4,4,0,21,1,0,5,22,4,17,13,2,1,32,1,4,6,3,0,7,0,0,19,32,2,11,0,7,6,21,6,5,2,1,10,16,14,0,3,0,0,5,5,21,3,1,18,12,10,4,10,2,6,9,0,30,10,3,5,2,1,31,2,22,2,13,0,12,0,34,40,21,23,7,2,20,3,10,1,3,2,8,11,17,11,23,0,5,4,2,8,4,8,5,14,3,9,1,0,2,20,17,0,1,0,14,12,1,13,14,0,0,3,7,13,19,5,16
"1",15,3,2,3,24,1,20,17,4,6,2,28,24,6,8,2,7,2,16,29,1,15,19,16,0,1,14,6,51,7,3,8,3,5,21,2,16,37,4,6,1,2,3,9,13,9,2,6,11,0,29,0,0,6,0,1,1,21,4,5,1,16,4,1,2,5,16,33,11,20,3,25,2,3,7,1,0,17,8,15,2,2,9,0,13,12,2,4,0,11,3,14,8,10,42,2,8,1,23,9,10,6,7,3,0,23,2,0,10,2,0,37,30,9,5,5,0,10,8,0,1,2,11,1,1,18,14,4,4,8,2,1,5,11,3,7,2,29,1,35,0,0,4,12,1,2,21,3,4,5,12,2,3,23,7,28,3,4,0,2,8,2,6,6,2,6,2,18,5,3,0,9,0,4,1,34,34,0,27,0,0,0,5,3,33,61,9,6,13,9,7,3,4,3,21,15,1,0,13,6,3,1,6,2,17,1,0,5,20,9,36,15,2,3,44,0,4,7,0,11,13,3,2,19,21,1,15,2,3,8,19,4,2,2,3,12,17,10,0,4,1,3,2,2,13,7,0,13,11,6,4,5,6,0,6,2,26,8,1,7,1,1,43,2,11,6,13,2,8,0,22,34,32,23,9,2,22,2,9,6,1,6,5,4,16,19,46,8,7,1,0,5,2,14,10,29,0,6,7,1,3,27,14,3,1,3,12,13,3,14,13,2,0,3,8,16,6,6,10
"1",22,4,3,5,31,1,19,12,6,1,1,22,20,4,10,1,6,1,9,30,0,26,15,9,0,3,8,8,45,3,2,6,2,18,29,5,24,26,1,9,0,9,3,19,17,6,2,5,26,1,18,0,1,8,1,2,2,21,3,5,0,15,5,1,1,4,12,34,18,13,1,21,1,5,6,2,3,15,6,19,2,4,9,0,5,18,2,3,2,12,1,7,11,12,33,0,8,6,16,14,16,3,6,0,3,23,4,0,15,4,1,27,25,5,5,3,1,3,5,2,0,7,15,0,1,12,6,7,9,2,0,3,5,11,2,8,2,20,0,31,4,4,4,8,4,0,19,5,6,5,12,2,0,21,4,22,3,10,2,2,9,1,7,16,1,0,4,10,6,6,1,6,2,6,1,31,26,1,20,1,0,1,1,4,29,64,9,11,17,9,7,3,6,4,10,9,2,2,23,5,2,5,3,0,8,2,1,8,26,8,26,16,1,3,34,2,1,3,2,2,13,4,2,25,21,0,24,5,1,11,18,4,6,4,6,6,15,5,0,2,1,0,7,9,25,5,0,27,5,4,4,7,6,8,5,2,41,17,1,6,3,1,31,2,15,9,14,3,12,1,22,28,24,16,14,2,21,2,10,1,6,2,6,8,21,15,32,1,2,7,2,3,1,3,18,13,4,4,3,4,7,26,18,3,1,0,20,17,0,16,15,3,0,1,8,7,8,9,16
"1",12,1,2,4,20,2,16,13,10,5,0,21,27,8,14,4,5,0,15,23,3,26,21,11,4,2,9,7,40,2,1,7,3,8,8,0,11,38,1,11,5,3,2,20,16,9,0,5,27,4,10,2,1,4,1,1,5,30,3,13,0,15,5,0,1,1,16,26,8,18,0,32,6,2,3,3,4,9,7,15,6,0,4,1,6,19,7,2,0,10,0,13,13,9,46,0,8,3,11,17,18,3,8,0,2,21,3,3,11,2,1,33,15,4,5,0,0,2,5,0,2,2,14,4,0,17,7,10,9,2,1,1,2,8,1,14,2,28,0,32,1,3,3,9,1,1,20,8,16,12,10,4,0,30,6,10,2,11,2,1,8,0,3,9,0,4,0,9,3,7,0,5,1,7,0,22,12,3,28,1,0,0,5,0,29,53,7,5,4,11,2,3,11,2,10,12,1,1,13,7,0,4,2,0,14,0,0,4,30,6,36,13,4,0,42,0,1,9,2,10,16,2,0,28,21,0,11,0,6,14,26,8,2,1,6,17,16,7,1,3,0,1,6,8,18,2,0,16,12,6,3,7,9,3,2,0,17,3,0,9,6,0,26,4,16,4,5,1,11,1,25,25,24,15,11,1,15,1,5,2,9,7,6,0,24,17,35,3,5,4,0,8,1,7,11,25,4,4,6,1,5,31,9,1,0,0,13,13,2,18,7,3,0,2,4,5,7,7,18
"1",17,2,1,4,29,1,21,12,14,0,1,32,15,6,8,4,9,0,15,17,0,25,20,19,2,1,8,4,44,2,2,7,2,10,21,5,16,29,4,18,3,2,4,24,14,3,1,8,30,3,16,2,1,9,2,3,2,25,3,9,0,14,3,0,2,1,22,25,21,35,2,33,2,4,13,2,1,12,8,19,10,2,13,2,9,24,4,3,0,12,1,12,11,8,38,2,4,1,16,8,12,6,12,3,2,21,1,2,19,2,1,46,15,9,5,0,0,6,1,1,0,5,9,2,3,14,6,9,7,2,6,0,3,12,6,12,1,25,1,23,0,3,3,14,0,0,11,5,14,14,8,1,2,30,4,13,6,6,2,4,4,2,16,8,1,3,3,11,6,6,0,4,2,4,1,19,20,5,20,1,0,0,2,2,29,64,6,2,14,3,5,4,5,2,16,10,1,1,25,4,1,2,5,0,9,1,3,5,13,2,36,14,4,2,48,0,4,3,1,2,10,10,0,19,21,2,17,2,3,9,31,3,4,4,1,20,26,1,0,7,2,1,5,4,31,6,0,12,13,3,0,16,8,6,7,1,22,9,5,5,1,0,34,2,16,3,10,2,3,1,17,26,28,18,16,1,19,4,9,0,4,8,3,10,28,21,43,0,2,5,3,6,4,12,15,22,6,2,4,1,0,27,18,7,0,2,21,18,3,21,13,2,0,1,3,8,6,4,36
"1",16,0,0,3,29,0,19,16,10,2,2,20,20,5,19,0,6,0,17,24,4,34,23,24,0,1,13,7,43,2,2,4,3,6,32,3,28,26,2,13,8,4,1,9,17,8,1,8,32,0,19,1,2,11,4,4,2,28,0,6,0,5,3,1,1,1,15,24,33,25,3,29,0,6,9,0,0,6,11,15,7,0,9,0,10,19,6,5,2,6,1,26,9,4,49,1,8,1,13,19,18,8,19,5,0,19,0,0,9,2,4,33,13,11,3,3,2,7,4,1,0,0,6,2,0,13,2,7,3,8,3,1,4,12,2,15,3,28,1,21,1,2,3,12,1,1,28,4,10,17,14,4,4,22,3,17,6,4,1,0,8,2,5,12,3,2,4,6,5,4,0,2,1,3,1,23,28,2,20,2,0,1,1,2,27,50,3,7,10,11,6,2,5,2,16,16,0,2,20,2,0,2,4,0,14,1,1,8,26,11,16,12,2,1,40,3,0,7,2,2,4,1,1,18,19,0,15,3,5,7,35,7,5,1,2,14,18,7,0,1,0,1,5,8,23,7,1,10,11,6,3,6,6,7,11,1,23,12,1,6,0,1,41,8,13,6,5,4,13,0,21,43,14,29,8,3,17,4,15,2,7,11,12,5,17,18,41,0,1,9,4,4,2,5,23,35,2,2,6,3,3,22,22,2,2,0,13,13,0,14,15,0,1,0,5,12,10,12,25
"1",18,7,2,3,23,1,20,14,7,2,1,25,31,2,17,5,7,0,8,34,3,20,17,14,0,2,10,3,37,3,1,7,0,8,20,1,17,22,4,12,3,0,4,15,17,6,3,7,26,2,14,1,1,6,3,4,1,29,5,11,2,19,6,1,1,3,20,32,27,22,1,29,0,1,4,4,2,15,5,14,6,1,5,1,10,21,3,2,2,10,0,13,9,5,45,0,8,7,12,15,14,5,10,3,4,27,1,3,11,5,1,26,12,6,3,3,0,1,3,1,0,12,4,2,0,16,6,5,9,6,5,2,1,12,1,14,0,28,1,26,3,1,5,5,3,0,17,4,6,10,13,1,4,17,7,30,4,5,2,1,9,0,1,12,2,5,2,14,5,4,0,1,1,2,0,19,23,4,12,2,1,1,4,2,22,53,2,4,11,9,4,1,7,1,14,22,0,1,11,3,7,5,6,1,9,6,0,1,22,7,33,5,1,3,32,1,2,7,0,4,9,3,1,20,31,2,20,4,3,11,19,2,3,1,0,12,18,9,1,0,1,5,4,9,30,12,1,17,14,4,2,12,6,3,8,3,25,9,2,7,2,2,31,6,21,5,12,2,12,0,51,20,15,21,11,2,28,5,9,2,7,18,7,2,27,12,34,5,8,7,0,4,1,7,21,23,3,7,3,5,3,26,12,0,2,0,20,16,1,20,22,1,0,0,4,11,9,15,17
"1",16,4,3,4,14,1,19,20,7,2,0,25,17,3,15,3,5,0,10,33,2,21,13,19,1,0,19,10,45,3,0,6,1,8,21,2,27,36,3,14,1,1,2,18,14,13,1,7,33,2,13,4,1,3,2,4,2,31,3,12,0,9,3,2,0,3,19,42,10,24,1,31,1,2,5,0,4,17,10,21,2,4,13,0,13,21,5,2,1,14,2,13,15,5,43,1,4,4,8,26,11,4,15,7,1,29,7,0,16,4,2,29,34,4,3,3,1,7,2,0,0,5,8,0,2,16,5,7,7,1,2,1,3,7,2,12,1,23,0,31,6,5,3,16,2,2,28,4,9,18,10,3,2,24,10,25,1,2,0,3,10,0,9,16,2,3,4,11,4,7,1,2,1,4,0,28,20,2,21,0,0,0,1,2,26,65,6,6,17,10,4,5,5,1,22,15,1,0,31,8,3,1,5,2,13,3,0,9,26,14,24,14,1,4,38,0,4,4,5,3,9,4,1,16,17,3,14,4,5,18,23,1,5,0,1,17,22,4,0,4,2,1,3,10,29,3,2,23,24,7,4,8,7,2,7,2,23,12,1,5,3,3,34,4,19,1,7,3,7,0,31,23,18,20,9,5,21,1,3,4,6,7,5,2,34,30,41,4,1,5,0,7,1,5,14,23,1,2,8,3,3,21,10,1,2,3,12,15,0,12,17,4,5,0,11,4,12,13,9
"1",19,3,2,4,24,2,16,17,11,2,2,21,17,1,15,1,11,1,12,27,6,36,16,14,3,4,10,6,31,6,1,9,3,7,29,2,12,26,5,5,2,2,3,29,9,3,0,16,15,2,31,6,0,6,3,4,3,36,2,12,4,17,3,0,0,2,12,19,27,26,1,24,2,1,7,0,5,13,12,17,5,2,6,1,9,27,3,2,0,5,3,14,12,9,35,1,7,2,9,5,12,4,12,1,3,39,4,0,11,4,2,24,28,8,0,2,0,5,5,0,0,5,14,2,2,24,9,8,9,5,2,0,3,4,2,8,0,17,1,29,1,3,2,8,2,0,23,8,8,8,10,0,2,31,5,28,5,6,2,3,11,2,8,8,0,5,0,9,6,8,0,6,0,6,0,22,10,4,20,0,0,1,2,5,22,79,6,5,6,9,4,4,5,7,15,17,0,2,17,11,0,2,3,1,14,4,1,3,12,7,30,8,0,3,46,1,5,10,3,3,11,4,1,18,21,0,26,1,4,10,40,7,4,0,8,13,15,7,0,1,1,3,6,10,21,5,0,22,15,7,5,11,6,4,5,0,22,14,3,6,1,4,19,5,14,5,8,2,8,1,20,34,15,19,15,3,21,2,4,3,9,13,6,8,30,16,38,4,7,16,2,5,2,6,20,19,6,3,4,3,1,29,10,0,1,2,19,14,0,15,14,2,0,0,7,16,17,5,14
"1",11,8,1,5,17,1,14,13,5,0,0,20,21,1,14,0,1,0,16,22,1,35,17,10,2,0,5,4,33,1,2,7,3,8,31,1,19,26,3,7,5,3,8,19,18,8,0,5,25,0,22,0,2,12,1,3,1,21,4,9,2,11,3,2,0,0,17,30,17,27,1,31,0,2,8,0,3,16,10,20,7,1,12,2,7,17,3,5,0,13,7,10,12,7,39,0,14,2,20,14,17,4,9,0,1,30,0,1,12,3,0,32,19,11,2,3,1,5,4,1,1,4,7,1,1,13,3,10,11,7,3,0,5,9,2,15,4,27,2,11,0,1,7,18,3,0,21,4,9,20,18,2,2,31,13,24,4,6,1,4,8,0,6,12,0,2,4,7,1,0,1,6,3,1,0,24,21,1,19,1,3,1,3,2,27,57,4,3,10,9,9,3,4,1,19,10,3,3,23,5,1,2,8,0,8,2,0,5,18,11,23,9,4,4,27,1,1,6,1,4,9,1,1,13,16,3,17,2,2,6,12,3,1,0,4,5,22,10,2,1,0,1,6,4,13,3,1,20,7,11,11,4,6,2,5,2,24,15,2,4,4,1,35,4,23,1,1,3,4,0,30,39,22,16,10,0,19,3,5,2,6,5,2,16,32,16,50,1,0,6,2,10,2,16,9,22,1,4,5,11,2,17,17,1,0,0,10,16,0,13,6,0,1,0,11,8,12,9,31
"1",21,3,6,5,25,0,7,10,3,1,1,30,18,1,6,1,3,1,7,21,3,34,18,15,1,2,8,1,54,2,1,2,1,5,32,2,20,18,4,8,4,4,5,17,17,10,4,4,22,2,25,1,1,12,2,5,4,23,1,5,1,28,3,2,0,4,15,29,42,28,3,21,1,3,8,1,1,9,8,11,1,4,10,1,9,22,3,6,1,10,3,18,21,8,38,3,7,5,21,20,14,5,11,0,3,20,1,1,14,1,1,30,14,5,5,5,0,4,5,2,0,1,5,1,2,19,4,4,5,9,1,3,4,12,0,11,4,17,1,24,2,1,5,9,1,1,24,11,9,20,14,4,2,32,9,25,1,4,0,6,9,3,10,12,3,2,6,4,6,2,0,5,0,4,0,29,11,2,15,1,0,0,4,2,23,57,4,8,10,8,7,1,9,4,15,15,0,1,21,7,2,4,5,1,6,2,1,5,21,4,26,12,0,4,36,4,3,2,6,7,9,2,1,24,20,1,22,3,4,17,16,2,3,1,1,11,15,5,0,6,1,0,10,7,27,10,0,16,16,12,3,12,3,1,7,3,31,8,1,6,3,1,28,5,13,3,8,3,7,0,26,43,18,16,8,2,6,1,6,2,11,8,7,11,34,18,34,3,2,4,3,1,4,5,14,21,3,5,5,4,4,24,16,3,0,1,11,14,0,23,13,4,0,2,11,4,8,15,16
"1",18,9,1,5,20,2,22,18,5,4,1,26,15,9,7,4,5,0,20,36,1,31,24,15,2,5,12,3,56,9,5,5,3,12,18,0,17,28,6,14,2,3,0,20,14,5,2,11,33,3,13,0,1,3,4,4,1,26,6,10,0,16,2,0,1,2,21,45,25,30,4,36,2,2,8,0,2,17,9,26,5,4,6,1,8,24,4,3,6,10,1,11,6,4,35,1,10,6,15,13,7,6,6,1,3,32,4,0,11,0,0,33,11,5,4,1,1,7,1,1,3,3,13,2,1,17,7,8,8,3,7,1,3,4,3,16,0,31,0,14,0,3,0,9,2,0,18,7,5,20,16,1,1,28,4,23,5,5,5,4,5,1,8,4,2,3,5,8,4,13,0,15,1,1,0,22,20,2,22,1,3,0,0,1,22,63,8,6,19,7,13,2,3,4,8,11,0,3,29,13,2,4,5,2,7,3,0,1,17,10,23,8,1,3,43,3,3,5,2,5,8,3,0,15,22,1,17,1,7,8,19,2,5,3,1,8,8,4,1,3,3,1,3,5,23,4,0,13,14,7,4,4,3,3,7,0,24,22,2,0,1,1,40,3,20,8,5,5,7,0,26,28,14,21,14,1,32,1,11,2,8,5,7,5,21,14,30,1,0,2,0,6,1,3,12,18,4,2,8,5,2,29,8,1,1,2,17,20,0,19,18,4,0,0,3,14,6,3,16
"1",30,5,0,9,18,0,17,17,3,1,1,34,21,8,13,4,4,0,11,28,3,22,21,17,2,1,9,3,59,2,2,3,0,7,23,0,27,18,0,11,0,3,3,18,17,9,3,4,25,1,23,4,2,8,4,4,1,31,4,8,0,13,1,0,2,2,18,20,19,30,2,43,1,3,9,1,2,12,6,14,8,6,15,1,9,22,3,4,1,6,10,15,17,5,40,0,6,9,6,18,15,3,8,0,0,27,1,0,5,1,0,37,19,7,1,7,1,6,0,1,0,2,10,2,2,12,5,14,10,1,4,0,2,5,0,21,1,15,2,25,0,3,4,11,4,0,21,8,13,23,13,2,2,13,6,20,4,8,3,4,9,0,7,14,2,1,3,8,5,7,0,8,1,6,1,33,26,2,19,1,0,1,1,2,34,55,8,3,16,12,4,3,3,1,19,17,1,0,14,7,2,2,1,1,3,3,0,3,20,3,42,15,1,1,45,1,4,6,4,1,2,6,0,20,15,0,14,2,7,7,22,8,4,1,1,10,15,9,2,6,0,1,5,6,32,6,1,13,11,2,4,9,3,8,6,0,27,14,4,4,1,0,37,7,19,7,8,1,7,3,25,28,21,19,18,0,21,5,11,3,3,4,4,7,17,19,46,1,2,7,0,4,2,11,17,26,5,5,6,1,4,16,14,0,0,2,19,23,1,22,21,0,0,2,2,3,10,10,17
"1",14,3,2,1,11,3,15,20,7,3,1,23,13,4,5,9,3,0,8,23,5,24,19,17,0,1,4,1,49,2,5,6,2,5,22,0,24,29,2,7,2,3,4,18,10,10,3,6,24,1,21,1,5,8,1,2,1,22,3,9,0,11,1,5,3,2,10,27,18,28,2,37,2,6,4,3,3,16,8,12,9,8,20,0,7,16,4,3,1,9,1,9,11,12,45,0,7,3,22,15,9,4,15,4,1,39,2,2,20,1,0,33,22,7,2,4,0,11,3,1,0,3,3,2,1,21,6,5,8,2,5,0,5,7,1,16,3,17,0,25,0,4,3,9,6,0,17,7,5,8,13,1,0,18,5,26,4,8,2,0,8,1,4,17,4,2,3,6,3,2,0,5,0,3,0,37,24,4,20,2,1,0,2,3,19,66,6,9,20,5,7,2,6,0,19,14,2,2,29,9,2,2,3,2,6,1,2,5,25,10,42,11,4,3,32,0,3,4,3,3,11,6,3,17,17,2,24,2,8,6,23,1,5,2,1,17,13,5,0,3,2,1,2,7,24,4,1,16,11,7,0,8,12,2,11,1,28,5,1,5,1,1,33,3,29,4,9,4,7,2,20,29,26,19,6,2,20,1,1,0,8,4,10,4,25,24,38,2,2,3,2,4,1,10,16,38,1,6,6,4,2,36,17,0,2,1,13,12,4,18,18,2,0,1,4,12,13,17,18
"1",10,6,2,4,18,1,12,14,6,6,0,24,10,4,13,3,8,0,10,15,1,26,17,13,1,2,18,9,35,1,5,8,5,8,10,1,25,34,11,10,0,2,6,28,10,9,0,10,26,1,16,2,0,18,2,2,4,34,7,7,1,12,3,1,3,3,13,22,18,17,2,19,4,1,1,2,1,12,10,22,5,9,13,2,8,20,2,3,1,8,7,22,14,9,32,0,8,6,12,6,9,6,10,1,1,23,2,0,14,0,2,21,16,8,7,1,1,5,8,1,0,1,5,1,2,10,5,13,9,6,0,2,2,6,0,15,1,24,0,21,2,6,4,9,2,0,17,5,7,16,4,1,1,18,7,26,2,6,0,7,13,2,3,9,2,2,6,8,9,5,0,10,3,3,0,26,15,5,14,2,1,0,4,5,16,47,4,3,9,5,4,2,3,0,14,23,1,2,31,3,1,4,2,0,7,0,0,5,19,7,30,14,4,5,42,3,4,11,2,3,8,3,1,20,15,1,16,0,10,8,26,2,2,2,2,12,11,10,1,4,2,1,5,5,30,5,4,22,9,4,2,3,6,5,4,0,21,24,2,7,1,1,30,7,14,3,3,5,7,2,40,21,16,19,8,2,6,0,7,1,15,5,4,5,17,18,31,2,2,4,1,5,1,9,20,22,2,4,1,1,3,17,4,0,3,0,7,27,1,24,13,1,0,2,10,11,5,4,14
"1",12,5,3,2,23,2,16,18,7,0,0,33,30,1,19,0,5,3,23,22,2,25,12,13,1,0,10,7,46,2,0,3,3,10,19,2,26,25,2,14,1,4,2,39,14,6,1,4,32,2,19,1,0,5,2,0,0,23,4,8,0,16,1,1,4,0,26,32,21,20,1,38,0,5,14,3,3,12,10,15,3,7,8,1,6,12,2,1,1,11,0,20,19,9,39,3,3,2,16,20,15,3,10,0,1,26,2,0,11,1,0,37,30,7,0,1,1,4,5,0,0,1,11,2,0,12,7,9,11,3,3,2,0,10,4,9,2,17,0,17,1,2,5,9,3,2,11,13,6,9,12,3,2,25,2,19,5,3,2,3,2,0,7,16,0,1,1,3,2,6,0,12,1,2,0,13,12,4,23,0,0,1,7,2,28,72,5,10,21,6,9,2,4,3,10,15,2,0,29,7,3,3,11,0,7,9,0,4,20,5,39,13,2,1,44,1,3,11,4,2,7,1,0,26,13,2,17,3,5,10,29,3,2,2,1,12,12,17,0,2,1,3,3,2,26,12,1,16,12,8,1,8,8,5,11,2,24,9,3,4,1,0,28,1,16,1,9,2,3,2,36,46,19,22,14,3,14,8,7,0,5,2,4,9,24,23,24,3,1,6,0,6,3,7,17,18,4,2,5,4,7,28,11,2,0,0,14,19,0,16,20,0,1,8,7,6,12,7,18
"1",20,4,1,1,20,2,22,10,6,2,1,34,18,6,14,1,11,1,22,22,6,34,11,14,3,0,6,3,65,2,0,5,1,9,30,2,14,20,1,18,4,3,2,18,10,5,3,6,27,3,27,1,0,7,0,1,3,23,4,6,0,11,5,1,4,1,18,33,18,31,2,30,1,0,6,0,2,6,5,18,4,8,6,0,10,15,2,3,2,15,3,18,15,6,43,1,10,3,13,10,13,4,13,3,2,33,1,0,7,3,2,23,19,9,3,5,2,11,2,2,1,4,13,0,4,11,5,6,8,6,2,1,8,16,0,12,3,20,1,24,1,6,5,13,8,0,20,5,15,14,10,1,2,28,2,32,3,6,6,4,9,1,4,18,1,1,4,14,4,5,1,5,0,4,0,19,14,3,12,0,0,1,6,3,29,78,4,7,16,6,4,3,6,3,12,21,1,2,16,6,0,2,5,1,8,3,0,2,19,3,31,12,1,1,39,2,6,3,4,5,14,6,1,11,14,5,12,3,5,16,34,3,2,3,0,21,8,6,2,4,1,4,3,4,16,4,0,20,10,10,4,8,3,3,4,0,11,10,0,7,2,1,24,11,19,3,7,1,7,1,22,25,20,23,18,4,14,4,4,4,3,7,3,14,26,17,27,1,1,3,2,6,0,8,9,28,5,7,4,12,2,22,18,0,0,0,9,20,1,17,12,2,0,2,7,4,9,4,9
"1",19,0,5,4,21,1,12,9,9,2,0,33,20,4,18,1,4,1,14,24,4,34,26,16,0,0,6,5,37,10,2,6,3,13,26,1,24,32,5,23,0,3,1,12,11,8,1,7,27,3,18,1,0,5,2,4,3,13,4,8,0,14,2,1,4,5,21,30,25,25,1,41,0,0,4,0,0,14,17,18,3,3,22,0,6,29,3,7,1,7,0,11,14,7,48,1,11,4,16,9,12,3,9,0,2,18,1,0,11,0,0,27,20,10,0,6,1,10,0,1,1,3,13,0,1,11,5,8,9,7,1,2,4,18,0,12,3,14,0,16,0,8,4,9,3,0,14,3,10,11,15,2,2,26,1,22,2,6,2,6,6,4,11,16,0,1,2,10,9,7,0,3,1,9,0,18,20,0,27,1,0,1,1,4,22,70,2,9,16,13,4,1,5,0,20,19,0,4,29,5,0,5,14,2,9,5,3,5,18,7,27,8,1,2,65,3,5,3,2,6,12,4,1,23,20,2,26,2,2,11,25,7,8,3,3,15,16,6,2,3,0,1,4,4,12,4,0,19,12,10,5,6,8,5,9,3,25,15,2,5,4,3,28,7,8,5,12,4,10,0,28,33,20,14,17,4,22,6,8,2,9,7,4,4,39,20,59,2,1,6,1,6,1,6,19,17,8,11,5,2,1,22,7,2,1,2,12,14,0,22,12,0,0,0,11,5,12,7,8
"1",17,3,0,8,30,0,17,15,9,3,1,27,32,4,19,2,7,1,9,14,3,29,21,9,0,1,6,5,51,4,0,4,4,4,25,0,29,21,3,11,3,7,0,19,18,9,3,12,30,2,25,2,0,7,4,0,2,20,2,9,2,18,1,1,1,4,22,25,24,30,4,38,1,0,5,0,3,8,7,15,9,3,7,1,8,30,5,3,2,1,1,11,9,2,35,1,6,3,9,19,8,6,10,0,3,41,0,0,9,2,1,30,24,9,0,3,1,8,7,0,0,1,9,1,1,16,9,7,6,6,1,2,0,15,0,18,2,24,1,25,1,3,3,7,7,0,16,8,6,14,15,6,3,50,1,10,7,5,1,5,8,3,7,13,3,5,1,9,4,5,0,4,0,5,2,29,22,4,16,1,1,1,0,0,20,75,6,5,10,13,5,0,4,2,16,10,1,5,25,2,0,3,0,0,17,2,0,4,21,14,35,8,1,4,45,1,7,6,3,3,18,8,0,19,11,0,18,0,7,10,21,6,1,3,1,16,20,5,0,4,2,4,6,11,23,5,2,11,10,11,3,8,6,4,2,1,27,11,0,4,4,1,30,5,21,1,7,2,10,2,31,32,15,22,7,1,31,2,7,0,6,5,18,7,16,18,32,1,3,12,4,4,0,5,15,19,1,4,4,2,4,23,17,3,0,3,15,20,0,24,17,2,0,3,13,13,9,7,16
"1",16,7,4,2,29,2,21,19,8,2,0,26,8,6,17,3,7,0,18,18,3,24,19,19,1,2,7,7,50,5,2,4,4,13,12,0,30,28,3,19,0,4,2,22,12,3,1,7,29,1,23,1,4,1,0,3,1,27,2,11,1,11,3,0,3,1,20,27,22,20,1,32,1,3,11,0,2,9,9,16,2,8,6,2,10,30,2,4,3,6,2,15,8,7,44,1,12,0,22,16,5,4,6,2,2,25,2,0,24,2,0,34,18,6,4,0,0,4,3,2,1,5,11,0,0,14,2,13,10,4,2,3,4,7,0,11,0,20,0,33,1,2,7,5,2,0,22,4,8,13,8,3,1,23,2,24,4,2,2,2,17,0,14,13,0,1,2,6,7,7,2,4,2,2,0,17,12,5,22,0,3,0,0,0,23,73,4,9,13,5,4,3,2,6,11,21,0,2,14,2,1,2,11,0,11,2,1,7,25,14,33,17,0,1,39,0,3,6,0,4,12,0,0,20,18,2,22,2,8,11,18,2,4,5,1,9,27,10,1,0,1,3,4,3,28,6,1,11,13,3,3,11,8,6,5,1,18,14,1,2,3,0,21,4,15,4,7,2,15,0,22,35,20,20,17,2,12,5,6,1,7,4,6,3,24,21,42,1,1,7,2,12,0,8,21,18,2,3,3,0,5,24,18,3,2,1,12,14,0,9,19,1,0,1,9,2,5,6,25
"1",12,3,2,7,13,1,14,24,9,3,1,25,14,6,13,7,3,3,20,18,1,32,6,20,2,2,7,6,46,3,0,5,3,2,17,1,33,28,3,23,2,2,3,21,15,4,2,9,35,2,23,1,8,7,2,4,0,28,5,7,1,21,6,1,0,2,16,28,17,17,4,29,1,6,6,1,1,4,10,15,5,3,9,2,15,19,2,5,3,16,0,9,18,10,38,0,5,5,13,4,10,0,5,2,3,34,1,1,15,2,0,29,25,7,2,4,3,9,3,1,3,7,11,0,0,18,7,5,7,4,4,2,3,6,1,11,1,22,0,28,1,2,6,10,1,0,17,8,8,23,11,1,1,29,1,33,2,1,1,2,11,0,8,10,0,2,1,5,1,7,0,11,0,2,0,27,25,3,20,0,0,0,1,5,25,56,7,7,15,5,10,3,8,2,16,18,1,0,14,7,0,1,7,1,12,0,0,0,15,9,23,9,2,5,45,0,4,10,3,0,10,5,1,15,17,2,20,3,3,10,16,3,5,5,0,11,21,7,1,5,3,1,0,6,22,2,1,14,11,8,4,13,6,7,6,0,19,11,1,6,4,0,39,6,17,4,6,4,12,1,34,21,18,16,16,0,13,1,11,0,2,6,7,9,21,20,28,2,1,4,2,8,0,10,14,24,3,7,2,6,4,18,17,1,1,0,14,14,1,21,16,3,1,1,7,10,11,4,19
"1",12,0,1,3,9,1,21,11,3,8,1,32,24,4,7,4,6,0,16,18,1,39,27,23,1,1,9,3,39,4,2,11,1,13,24,3,17,37,3,10,4,2,1,20,10,6,2,10,14,2,20,4,2,10,0,2,2,28,1,19,0,16,3,0,2,3,22,32,37,35,1,42,0,1,2,3,0,10,8,24,6,7,6,0,16,30,1,4,1,8,6,11,8,6,38,0,6,2,15,20,10,5,11,0,0,21,2,0,10,2,1,31,14,6,0,1,0,9,3,0,1,2,10,1,2,15,7,10,11,3,1,2,1,15,0,8,0,31,0,14,4,1,3,13,3,2,29,9,9,15,18,7,2,21,1,21,4,4,1,1,14,1,8,5,0,3,2,9,2,6,1,3,1,4,0,31,17,2,33,1,1,0,2,3,28,63,3,4,20,7,3,2,0,2,14,24,1,4,21,10,3,3,5,1,12,1,0,8,16,9,29,10,3,4,39,0,0,9,3,1,6,3,2,18,14,4,16,2,6,9,13,9,4,5,1,11,10,5,2,6,1,1,1,15,29,4,1,19,11,11,6,12,4,4,3,0,21,22,1,9,2,0,21,5,7,3,6,1,10,0,29,25,16,17,8,1,23,4,5,1,8,9,4,8,27,15,46,2,3,5,2,5,3,15,13,30,2,5,4,5,2,26,22,5,3,2,22,28,1,14,14,2,0,2,7,5,7,9,19
"1",13,0,2,11,23,1,22,18,6,6,0,19,15,3,15,6,3,0,13,30,6,34,20,14,0,1,3,3,54,3,3,6,6,12,24,0,16,24,1,18,1,4,4,12,12,5,2,3,28,1,23,6,3,13,4,3,2,29,4,8,1,19,0,1,1,5,14,33,17,22,1,36,1,1,4,0,0,11,7,11,5,6,5,1,9,11,1,3,0,11,2,14,8,10,25,1,8,3,19,16,12,7,11,0,0,33,1,0,17,0,2,30,17,2,2,2,2,7,3,0,3,2,7,2,0,13,5,4,9,4,2,0,4,10,1,13,2,17,0,20,2,0,7,12,3,3,27,12,12,8,6,1,0,31,4,28,1,8,3,4,9,4,7,21,3,0,1,5,6,8,0,8,1,1,0,28,22,2,24,0,1,0,1,2,21,56,5,8,9,13,7,2,5,2,13,26,0,3,21,5,1,4,3,2,11,3,1,4,20,6,27,13,4,2,42,2,8,5,7,1,5,4,2,18,24,1,16,2,9,3,15,8,0,1,1,17,21,3,0,3,0,1,4,4,17,8,0,15,9,5,4,8,0,6,7,0,28,10,2,6,4,1,31,3,18,1,10,3,6,1,20,37,18,17,20,1,22,3,6,5,4,5,2,8,20,32,42,1,5,2,2,11,1,6,9,19,4,5,8,1,4,26,15,4,3,5,19,13,0,25,21,3,0,1,5,12,5,15,21
"1",11,4,4,6,25,0,23,16,2,5,2,17,16,7,10,2,0,0,7,39,5,20,16,17,1,1,9,5,44,1,4,3,3,11,12,6,19,25,4,24,4,2,4,18,23,12,0,24,23,2,18,3,1,10,2,2,2,28,3,10,1,13,3,0,0,2,18,26,29,33,1,36,1,3,7,3,3,9,8,17,8,3,8,4,7,14,1,5,2,5,2,17,11,8,39,2,6,9,10,9,10,2,10,0,2,35,3,0,10,1,0,21,12,5,4,4,3,3,2,0,1,1,12,2,0,14,9,5,14,6,4,2,2,11,1,13,0,29,3,23,1,3,2,7,1,3,18,8,12,7,16,2,3,29,8,25,3,3,1,6,8,0,5,15,1,4,3,7,4,7,0,5,0,3,0,29,15,2,14,0,0,0,4,2,20,57,3,8,14,5,3,3,3,1,14,20,1,1,18,2,0,2,1,0,12,5,0,1,12,5,27,8,6,1,32,0,3,6,1,8,7,4,1,24,17,1,12,3,6,9,20,1,1,4,6,9,15,3,1,2,0,1,3,12,21,9,1,12,9,7,1,9,5,0,7,2,31,16,0,9,4,0,40,7,12,2,5,0,11,0,40,34,14,19,14,1,15,1,11,2,9,9,2,7,17,14,28,2,2,3,3,4,0,6,8,21,1,6,3,2,2,19,7,0,3,2,19,10,2,18,12,6,2,1,5,6,9,14,23
"1",20,4,0,4,21,0,19,15,9,6,1,26,21,3,21,0,3,0,9,26,2,19,20,15,0,2,7,6,62,0,0,2,4,13,22,5,38,25,3,17,2,1,0,29,3,6,4,4,22,4,21,0,0,6,0,3,1,27,1,12,5,14,5,1,3,0,17,29,21,23,1,34,1,2,2,0,2,14,10,18,9,5,11,1,10,23,3,2,4,6,1,17,4,11,45,1,10,3,23,20,13,7,5,0,1,29,3,0,4,1,0,50,18,6,3,4,0,10,5,0,2,6,6,0,1,6,7,11,12,4,3,1,12,10,1,17,2,25,1,21,1,6,3,13,0,2,17,5,11,13,14,2,0,22,5,19,5,4,1,4,12,2,16,10,4,1,4,12,5,0,0,2,1,3,0,24,23,4,18,4,2,0,3,4,31,52,6,10,21,5,3,7,8,5,11,18,1,1,33,7,0,3,5,0,14,0,0,5,22,3,25,10,3,0,48,1,1,9,2,5,7,5,0,23,23,0,26,2,5,10,14,1,5,2,8,14,12,2,2,4,1,0,7,3,24,5,0,14,10,5,1,5,1,0,6,1,29,10,1,6,2,0,32,6,27,3,8,2,7,0,20,19,11,19,15,2,17,0,8,1,6,4,6,6,30,18,39,2,2,8,2,8,2,7,18,20,3,0,5,6,7,21,8,2,1,0,14,16,1,15,18,0,0,0,11,5,12,8,13
"1",19,2,3,3,24,1,15,9,6,2,1,40,24,1,16,1,4,0,9,21,3,27,14,20,2,2,7,3,59,6,1,3,4,7,26,4,30,20,3,10,2,2,6,21,11,3,2,6,26,1,18,2,1,9,4,2,1,18,3,7,2,17,1,2,2,1,15,28,15,25,4,30,0,5,7,0,1,23,10,17,7,2,13,0,8,20,0,4,3,9,2,10,11,7,34,2,4,1,17,18,23,5,8,1,1,23,6,1,9,0,0,27,26,9,1,6,2,6,7,0,0,1,2,1,2,12,5,7,10,4,4,3,7,8,6,11,1,20,0,29,3,6,9,12,1,1,18,2,14,14,8,0,9,21,5,29,2,7,1,4,8,2,5,7,1,3,2,11,2,5,0,9,2,4,0,32,23,2,16,1,0,0,0,3,29,53,9,13,25,8,6,6,6,3,14,8,1,1,18,4,0,6,7,0,9,5,0,2,22,6,44,13,2,0,47,0,4,8,3,5,6,5,0,27,24,1,9,0,7,17,22,3,4,1,0,13,17,11,1,5,0,1,4,8,22,5,0,13,1,7,3,2,6,1,5,0,23,16,3,5,1,1,27,5,7,2,2,4,7,3,26,43,23,12,13,3,10,1,4,1,6,4,2,5,22,16,44,7,4,1,1,7,0,7,12,14,2,6,7,6,3,17,14,1,1,0,10,13,1,19,13,2,0,0,8,4,12,7,13
"1",13,6,1,2,19,0,15,8,16,4,1,19,29,5,8,1,10,0,6,22,1,21,9,15,2,2,13,5,39,3,0,6,3,10,26,1,30,26,4,19,3,2,4,18,14,4,5,14,24,1,25,3,1,6,1,1,2,18,4,6,1,12,2,0,1,2,13,25,25,29,2,41,0,2,12,1,3,10,11,16,3,6,8,1,9,22,0,3,0,13,0,21,6,12,36,0,7,3,15,17,10,4,10,2,1,22,2,1,14,5,0,40,15,10,5,6,0,2,4,3,1,2,6,0,0,19,7,11,14,4,1,3,3,15,2,9,1,22,1,23,0,4,3,18,1,0,18,3,12,11,11,6,3,25,2,23,1,3,3,3,12,2,7,10,1,1,5,6,3,7,1,6,3,3,1,24,22,2,17,2,0,0,4,2,35,61,7,3,9,6,8,6,8,5,10,15,0,0,24,2,0,1,6,0,12,2,0,5,20,6,30,9,3,0,43,2,5,3,6,4,12,4,0,17,19,2,19,3,7,6,19,6,7,0,4,11,27,10,0,3,0,1,4,7,26,3,1,17,14,9,3,3,7,6,6,3,27,18,2,9,3,1,44,3,17,4,8,0,4,0,20,49,16,20,5,1,22,4,7,1,5,10,12,10,27,15,63,0,2,2,1,7,0,8,22,19,3,4,5,2,0,31,13,0,2,4,11,18,1,16,21,3,1,1,2,6,13,10,18
"1",14,8,2,1,13,2,24,19,5,2,1,24,20,4,9,7,4,0,8,16,1,26,15,8,2,1,13,3,46,6,1,2,6,6,24,3,45,34,2,16,3,0,3,32,18,7,2,14,40,1,24,0,3,11,1,1,4,28,4,6,0,8,3,1,2,1,16,38,30,32,2,21,4,0,5,1,2,12,6,18,6,7,18,1,11,19,6,3,0,11,0,11,9,12,25,0,7,3,13,17,5,7,2,2,2,33,1,1,13,2,0,27,21,10,4,4,3,1,4,2,0,2,16,0,0,20,12,6,7,3,3,2,6,10,1,10,2,20,0,27,1,6,7,12,1,0,15,4,10,16,13,2,2,29,11,19,0,3,3,3,6,2,9,20,1,7,5,10,2,6,1,2,2,6,0,26,17,1,16,2,0,0,1,0,41,44,6,5,12,9,6,3,6,5,7,10,0,2,24,2,2,1,6,0,5,3,0,3,16,11,33,12,1,0,43,3,5,4,4,6,5,3,0,15,10,3,24,0,8,9,16,6,4,1,0,12,12,9,4,8,1,1,2,11,20,7,1,21,15,1,7,3,1,1,10,1,16,11,3,7,5,0,26,4,8,5,10,2,8,0,29,38,20,21,14,1,28,4,8,5,8,8,5,4,27,20,45,2,5,8,0,6,0,9,14,27,1,3,3,8,2,28,16,3,0,0,11,13,1,23,21,2,0,2,4,7,8,11,22
"1",22,1,3,2,11,0,12,13,9,0,0,25,23,2,12,0,7,0,11,25,3,23,15,10,0,0,7,4,40,4,0,4,0,3,21,0,15,16,1,18,1,0,5,21,13,5,1,9,26,1,22,2,5,11,1,1,0,36,1,13,2,12,5,0,0,8,16,21,14,27,2,28,0,3,17,0,6,8,8,17,3,3,17,1,7,18,2,4,1,7,0,11,7,8,39,1,3,1,9,13,15,8,9,1,0,18,3,1,15,4,2,29,26,7,0,2,2,2,3,2,1,1,10,0,1,13,12,5,1,6,3,4,9,8,1,13,3,31,2,32,0,4,6,16,1,1,20,3,14,11,9,2,0,19,9,19,3,5,3,3,7,1,2,8,0,1,1,4,6,4,0,5,0,2,0,21,14,3,21,0,0,2,3,3,21,70,3,4,9,10,4,0,3,2,12,12,0,0,22,6,0,7,5,2,8,1,0,7,10,8,22,13,4,0,36,2,2,4,2,3,7,3,1,13,18,3,20,0,4,4,29,2,5,2,1,11,18,10,0,3,1,1,4,3,24,4,0,14,21,3,1,10,7,0,13,2,27,5,0,6,3,2,27,1,8,11,7,1,4,0,21,30,14,15,9,3,15,3,2,4,11,8,11,5,10,9,49,3,0,10,1,2,4,6,17,20,4,3,3,1,2,32,8,3,0,1,17,19,0,14,20,0,0,0,9,7,8,5,14
"1",18,2,3,4,25,0,15,15,4,1,1,35,32,4,12,3,6,0,22,17,5,20,25,16,2,1,13,1,67,9,0,9,5,6,27,0,32,19,5,10,0,2,2,11,9,6,1,4,21,0,20,0,2,8,1,5,1,23,3,11,1,13,4,1,4,2,13,25,17,23,1,45,1,0,7,0,5,12,15,7,4,11,16,1,4,26,1,4,0,3,8,10,23,9,46,0,7,7,16,17,8,3,5,2,1,24,2,1,12,2,0,32,17,11,1,3,1,1,3,2,1,3,7,0,5,14,7,6,9,6,3,1,3,9,0,11,2,22,0,26,4,5,6,15,2,2,20,8,3,6,9,2,1,27,12,31,2,1,0,4,10,2,5,10,1,2,3,7,5,0,1,3,2,3,0,21,20,0,24,3,0,0,1,2,25,51,7,3,17,4,9,1,1,5,11,13,1,1,20,4,2,1,3,1,18,2,0,6,18,10,27,10,4,1,49,3,2,3,5,0,10,4,0,18,21,3,23,5,7,9,25,4,4,0,1,7,11,5,1,6,1,0,7,7,26,11,2,16,10,4,2,9,6,4,4,2,22,9,2,3,4,0,32,1,16,1,4,5,5,0,20,25,15,9,7,1,10,2,10,4,8,3,7,8,35,15,22,1,2,13,2,14,0,12,23,25,4,7,3,12,4,23,13,0,1,0,13,17,3,21,14,1,1,0,6,12,11,14,12
"1",20,1,1,1,19,0,12,13,6,2,3,18,19,2,16,1,4,0,5,31,2,25,24,20,1,2,11,5,46,2,1,8,2,12,17,1,27,25,2,17,3,3,3,23,11,12,2,4,27,0,21,0,3,2,2,3,1,30,3,4,1,10,3,1,0,4,19,20,20,27,0,35,1,1,9,0,2,15,8,8,4,7,9,3,18,18,4,4,1,5,1,10,16,11,34,1,10,2,15,13,9,3,10,1,1,32,4,0,14,0,0,27,19,7,3,3,0,4,7,2,0,4,7,0,0,18,9,4,8,3,0,1,2,5,2,18,2,20,0,27,0,3,4,13,2,1,22,12,14,13,8,2,2,26,14,21,2,3,1,4,12,0,13,9,1,6,0,10,6,10,1,2,0,7,1,26,13,1,19,2,0,1,0,3,18,45,3,5,19,10,6,2,5,3,9,13,1,1,22,6,2,6,1,0,13,0,0,4,19,2,18,12,0,1,54,0,4,7,5,6,14,4,1,21,19,1,16,0,6,11,32,1,3,0,4,11,21,6,0,4,0,1,4,6,22,9,1,15,10,7,2,8,6,5,8,2,19,12,0,5,1,1,24,5,20,1,14,4,4,1,25,33,17,18,10,2,24,5,13,1,5,5,3,2,38,20,41,1,4,5,1,9,1,5,20,37,2,2,7,5,0,20,18,1,3,1,13,6,1,15,17,0,1,4,11,9,16,6,15
"1",19,5,2,4,24,1,7,12,10,2,2,36,15,5,10,1,1,0,4,16,6,36,20,11,3,0,13,6,41,0,0,4,1,2,24,1,29,25,6,15,2,3,3,27,17,8,3,5,25,2,16,1,4,4,6,5,0,17,3,6,1,8,3,0,0,7,14,34,24,24,2,39,3,0,7,2,5,11,11,22,9,9,15,2,11,22,0,2,1,4,2,14,16,6,30,0,5,6,11,10,8,3,4,1,3,22,1,0,13,1,1,38,15,7,7,0,1,0,4,1,0,5,9,2,0,20,7,5,7,7,1,1,7,12,1,14,1,17,0,21,2,2,7,14,3,1,25,8,9,13,15,3,1,23,7,27,5,3,0,1,13,1,9,12,0,6,0,8,5,12,0,10,0,7,0,26,16,1,23,0,0,0,3,4,28,62,9,8,12,7,4,2,11,5,17,15,0,2,15,5,0,3,6,0,10,3,0,4,9,10,31,9,2,0,44,1,3,3,4,3,11,7,2,13,25,1,22,2,5,7,30,3,6,3,6,8,18,13,0,2,1,1,1,11,21,9,0,16,9,2,2,4,10,2,5,0,44,19,3,4,3,3,26,4,22,2,5,4,12,1,40,32,19,20,7,3,19,4,11,1,4,5,10,6,27,14,33,1,3,9,2,6,0,1,16,29,3,2,6,3,4,30,14,1,1,1,8,17,1,19,20,1,0,3,6,6,7,6,15
"1",19,5,2,1,21,0,11,13,13,4,1,25,25,2,11,7,6,0,10,21,2,26,23,11,0,0,16,9,44,1,0,3,4,10,22,5,19,33,1,30,2,2,5,25,19,6,2,7,25,1,26,3,2,4,5,4,0,13,0,6,1,11,6,1,2,8,14,20,20,32,4,26,0,1,15,1,1,14,13,22,4,12,17,4,9,25,2,6,2,9,3,16,12,11,34,0,6,6,10,13,17,1,5,4,1,29,3,0,12,10,0,43,21,4,0,2,1,6,5,1,1,2,9,0,2,13,3,8,6,5,0,4,2,22,3,13,3,29,0,20,3,3,8,11,3,0,23,9,9,10,9,0,4,32,0,17,1,0,1,0,7,2,7,12,0,0,0,7,2,10,0,10,0,4,3,32,12,1,24,0,0,1,3,1,19,61,2,3,10,5,2,1,4,5,21,13,0,2,16,3,0,2,3,0,12,5,0,2,25,7,21,9,2,1,42,2,3,7,3,1,9,5,1,21,16,1,26,5,6,7,19,5,5,3,3,6,21,5,2,3,1,0,4,11,20,7,1,15,14,9,7,6,8,2,7,2,23,17,2,2,1,1,27,4,16,6,11,2,5,1,21,28,17,25,6,4,16,4,8,1,1,11,6,2,23,20,38,4,4,7,3,8,1,6,19,27,1,3,6,10,4,24,9,4,1,2,14,16,1,14,12,1,0,0,10,6,13,5,18
"1",12,6,2,2,23,1,13,16,5,0,0,22,17,3,13,0,5,0,10,26,2,32,13,16,1,1,8,7,53,1,1,6,3,4,17,1,26,25,2,23,4,2,3,22,11,7,3,4,26,7,11,1,2,10,2,3,0,24,2,8,0,16,10,0,1,13,20,24,24,31,2,24,1,5,8,1,3,7,11,21,8,9,9,0,6,25,6,2,4,12,7,13,14,15,57,0,4,3,11,7,11,5,10,2,5,32,1,0,15,4,0,28,16,8,1,0,0,3,4,0,0,5,15,2,5,23,7,10,15,8,2,1,2,11,2,18,2,18,0,22,1,0,3,11,2,1,28,2,4,9,20,2,5,19,11,16,3,3,3,4,8,0,5,13,0,8,4,10,5,4,0,10,2,4,0,20,24,4,16,0,0,1,4,0,22,48,1,2,23,5,6,3,7,4,11,24,0,3,27,8,2,2,3,0,11,1,0,3,19,6,26,17,2,1,39,2,2,7,3,2,6,4,0,24,17,0,21,0,7,10,17,2,3,1,2,12,17,6,1,5,1,2,4,13,24,2,0,15,16,3,3,7,5,4,3,1,35,12,0,3,5,0,41,9,15,5,4,3,11,0,28,30,22,24,8,3,16,7,14,3,10,2,12,4,30,14,33,2,1,6,2,2,5,5,16,19,2,3,6,11,1,20,24,3,1,1,16,20,0,20,21,1,1,6,6,7,11,8,20
"1",12,3,3,6,18,1,12,15,9,9,0,20,20,4,12,2,6,1,13,20,2,22,15,13,2,1,7,3,55,1,3,12,3,6,18,1,18,28,3,16,2,8,2,16,18,6,1,3,29,5,15,5,2,4,0,1,1,24,3,8,2,19,1,2,1,6,27,26,29,27,2,34,2,3,10,0,1,25,14,19,6,4,9,1,15,21,4,5,2,9,0,17,18,9,45,2,12,9,22,14,9,4,4,2,1,28,3,1,8,1,0,31,16,19,4,0,0,4,7,0,1,6,9,0,2,9,5,10,6,11,0,0,3,9,1,14,0,20,1,28,0,2,2,14,3,0,23,6,10,11,9,3,1,27,7,29,3,4,2,4,9,0,11,16,2,6,1,6,8,7,0,7,0,3,0,20,22,2,15,0,3,1,1,1,36,63,2,5,15,17,6,5,3,1,15,14,6,0,14,4,0,1,6,1,10,0,0,1,24,3,24,12,0,0,39,1,4,7,3,4,7,0,0,19,17,3,19,1,4,7,19,2,3,0,2,13,27,7,4,5,0,0,2,8,20,3,0,30,16,4,6,9,8,9,8,0,19,4,2,7,3,0,33,4,15,5,7,2,5,1,17,32,15,24,12,1,15,4,1,1,11,8,9,4,33,18,41,1,7,8,1,5,1,4,20,21,3,4,3,6,2,33,11,1,2,0,9,18,4,20,16,2,2,2,11,6,6,3,20
"1",16,4,1,6,18,1,24,14,4,3,4,33,8,7,16,1,3,1,11,20,2,24,9,18,0,0,8,3,62,2,3,2,0,7,24,2,20,27,4,18,1,6,0,12,16,12,1,4,18,0,18,0,1,2,1,3,0,18,3,5,3,18,1,1,5,4,20,24,17,22,3,39,3,5,12,2,2,17,8,20,3,10,18,1,8,22,1,4,5,9,5,11,14,5,38,1,3,7,12,27,14,2,2,2,2,28,1,3,12,2,0,18,22,7,3,1,0,1,7,1,1,8,11,1,2,15,16,11,7,3,3,2,1,9,1,8,1,31,0,26,1,1,4,11,4,0,31,7,14,6,16,2,2,17,6,31,1,8,2,2,2,1,9,10,0,1,2,6,5,4,0,0,0,8,0,19,26,4,20,0,1,1,4,5,28,55,4,7,6,11,12,9,3,3,26,8,1,3,27,2,1,1,5,2,6,3,0,1,22,10,30,10,1,2,35,1,4,5,2,5,9,3,0,11,20,0,25,0,10,9,29,5,4,1,5,12,13,5,4,3,3,2,2,4,28,3,1,18,9,7,2,14,8,9,3,1,27,9,2,5,3,0,38,8,20,4,9,1,11,0,36,45,17,20,10,1,20,2,10,2,9,4,1,7,21,16,36,1,2,5,2,4,3,7,20,22,0,9,4,3,4,18,5,0,2,1,13,11,1,19,23,0,0,2,6,5,12,7,26
"1",14,5,2,6,20,1,14,10,11,4,2,32,20,4,13,2,5,1,3,29,2,33,22,19,0,1,15,2,58,3,0,11,6,3,24,1,23,31,4,5,2,7,4,20,11,5,1,4,25,7,22,0,6,3,1,1,0,38,1,6,1,14,0,1,4,3,14,21,16,30,3,48,4,4,4,4,3,13,13,21,4,10,9,1,12,24,0,6,2,12,1,20,16,4,43,1,7,7,14,16,12,6,5,1,2,25,2,0,14,2,0,26,20,4,1,5,0,2,2,1,0,1,5,1,6,16,4,11,17,6,1,2,3,11,1,15,0,21,0,21,0,1,9,6,5,0,31,3,16,18,14,4,1,34,5,27,3,4,3,5,9,2,4,10,0,2,2,5,4,8,0,15,1,0,0,16,19,3,11,1,0,0,6,1,28,51,3,5,16,13,5,3,1,4,22,14,0,3,16,7,0,1,6,0,6,4,1,5,11,13,38,21,6,2,48,1,3,10,7,5,10,4,0,17,22,2,15,1,7,7,22,6,1,0,2,19,21,8,1,5,2,3,5,9,17,6,0,17,10,5,7,5,3,5,9,0,36,14,1,9,3,0,28,3,19,2,4,0,7,0,36,28,15,13,15,1,10,2,9,1,4,9,12,3,32,24,27,1,2,6,2,3,1,10,14,34,3,7,8,2,2,14,5,1,2,1,15,23,0,18,14,2,1,3,12,8,18,7,5
"1",21,7,0,1,25,1,9,16,10,2,1,21,20,5,10,1,1,0,11,16,3,43,18,22,1,3,7,10,42,6,6,4,1,8,24,0,18,27,3,18,5,5,0,32,7,5,2,5,26,2,15,3,6,5,2,2,1,21,1,0,0,6,7,3,3,8,16,35,22,27,2,29,0,2,10,0,7,6,5,21,3,7,11,3,3,23,1,2,3,6,0,11,10,8,31,0,12,8,10,25,12,3,7,0,1,20,5,1,14,2,1,19,19,13,1,2,0,5,5,1,0,7,10,1,3,10,11,12,5,1,1,0,2,9,3,10,0,22,0,20,1,5,5,10,5,1,22,3,19,19,13,2,3,25,5,26,3,3,4,5,9,0,3,12,0,1,4,10,4,7,0,0,1,1,0,19,17,4,17,0,0,0,3,0,30,66,4,3,15,8,6,2,1,5,13,21,1,1,15,6,1,3,5,0,11,1,0,3,19,10,33,19,2,1,30,2,5,7,3,2,11,3,4,23,21,3,31,0,10,8,23,2,2,0,3,18,11,6,1,4,0,2,6,9,19,5,0,13,15,8,4,11,4,0,3,0,34,12,0,3,4,0,29,2,19,10,7,2,13,1,33,32,14,21,17,0,35,1,7,3,7,7,2,12,25,12,38,1,4,17,2,7,1,9,9,24,0,11,6,3,3,22,14,0,1,1,11,18,0,15,12,1,3,2,7,8,8,10,12
"1",16,3,1,6,22,0,17,15,9,8,3,33,16,4,13,6,4,0,11,18,2,25,18,20,1,0,11,6,67,7,2,5,4,10,18,2,17,39,2,16,5,2,2,14,14,8,1,10,23,1,11,2,1,7,5,4,5,15,3,10,1,15,2,0,9,9,17,21,19,23,1,43,0,2,0,3,0,15,6,20,0,3,6,1,16,25,7,2,3,6,3,7,10,4,28,2,7,3,20,13,10,9,5,1,3,26,1,0,11,2,0,31,16,4,2,1,0,2,3,0,1,7,10,0,1,23,5,2,13,5,1,0,3,7,0,10,3,22,0,20,2,2,3,9,3,0,20,9,15,9,7,3,2,23,8,24,6,4,2,1,3,2,7,6,1,3,2,8,5,7,3,13,3,6,2,18,18,3,19,0,1,0,0,0,30,48,1,4,19,10,6,5,4,3,12,19,2,1,29,6,4,1,5,1,17,3,0,3,17,10,28,10,2,2,44,1,4,6,3,5,8,1,0,23,21,1,20,0,9,5,17,6,8,2,2,17,13,8,1,1,0,1,1,2,19,3,0,16,8,7,2,9,7,2,3,0,25,9,0,4,2,2,31,3,17,6,9,4,9,0,21,38,25,24,10,4,20,3,12,2,6,4,1,4,29,18,43,3,5,6,4,7,0,15,13,22,5,11,0,3,2,30,18,2,1,2,8,17,0,19,18,1,0,3,0,12,14,10,13
"1",18,3,2,2,9,0,11,20,14,7,0,28,12,4,4,0,10,0,16,14,2,28,20,20,3,2,10,2,65,1,1,3,0,9,21,4,38,33,0,16,2,3,3,17,15,2,1,6,16,2,18,0,1,6,3,0,3,29,3,15,1,14,3,0,2,2,24,24,22,33,1,47,1,0,8,0,3,10,4,23,5,3,14,1,2,17,2,2,1,7,3,9,23,4,38,3,6,7,13,20,9,5,5,4,7,20,0,1,16,2,1,38,17,3,1,2,0,4,5,0,1,2,7,0,2,13,6,4,4,8,8,2,5,13,2,18,5,20,1,17,1,7,7,13,1,1,13,5,7,26,20,1,1,23,3,22,9,3,1,4,7,2,12,7,4,1,7,10,6,9,1,13,2,2,0,31,18,5,16,0,1,0,1,2,21,69,3,5,19,10,2,2,9,2,17,17,0,3,18,5,1,1,4,0,10,1,0,4,34,12,45,14,4,2,42,0,3,6,1,4,3,2,0,10,24,3,15,1,5,5,28,2,4,2,3,12,24,9,1,4,0,0,1,6,12,5,0,14,11,6,4,6,2,3,1,1,23,8,5,8,2,0,36,6,21,2,4,2,11,0,27,25,16,13,9,2,18,2,9,0,4,7,13,4,30,10,41,2,5,4,3,6,4,12,13,18,5,6,4,5,4,35,8,0,2,1,14,18,2,15,15,4,0,3,5,10,14,8,24
"1",20,3,0,6,22,0,16,20,11,8,0,20,19,4,13,6,13,0,15,22,1,20,23,19,1,0,5,2,53,2,4,5,0,7,26,2,27,33,4,26,1,9,4,25,12,4,0,5,34,0,16,2,1,10,0,4,3,34,1,6,0,11,5,2,0,3,18,24,23,43,1,33,1,1,9,0,6,10,13,21,5,9,4,0,2,19,2,3,2,12,3,7,13,5,43,0,7,4,9,8,13,4,6,2,3,20,2,1,12,3,0,25,18,9,4,2,1,6,4,0,0,3,6,0,1,18,3,7,7,6,4,0,1,8,1,8,1,25,0,25,0,2,1,7,6,1,26,5,12,19,5,1,0,24,7,20,3,5,1,6,8,5,5,14,3,5,1,13,8,11,0,7,2,4,0,33,18,3,26,0,0,0,0,2,37,56,8,7,5,10,5,6,5,2,18,12,0,0,16,6,1,5,8,1,12,3,1,3,18,11,49,13,1,3,48,1,9,8,2,1,11,2,0,14,18,1,25,3,9,11,19,5,12,2,2,12,19,10,1,1,1,0,2,4,29,8,0,15,10,9,7,3,16,0,10,3,11,20,2,9,0,4,27,1,12,3,9,1,7,1,32,28,18,23,14,2,14,2,7,2,5,3,11,7,28,10,50,2,4,5,4,4,1,3,8,32,0,3,4,7,3,29,12,3,1,2,8,13,0,8,20,2,2,2,12,3,10,9,13
"1",11,1,4,3,21,0,18,15,10,4,1,29,16,1,15,10,4,0,14,17,0,32,20,20,2,1,12,7,34,5,3,6,3,4,21,1,24,22,2,22,4,7,2,27,13,7,0,6,23,1,15,3,2,4,3,2,6,24,2,9,0,17,2,0,2,5,24,35,28,39,1,45,2,2,11,2,0,14,5,15,2,6,6,0,6,25,2,5,2,8,1,5,17,7,41,0,9,13,11,18,16,10,7,3,1,16,6,1,15,0,0,25,21,10,2,1,0,12,7,0,2,2,9,2,1,14,5,14,4,5,1,0,3,15,1,17,4,24,2,19,0,2,7,9,4,2,19,6,5,8,10,2,1,32,6,16,2,4,1,0,7,1,8,10,0,2,1,8,4,6,1,2,0,3,0,33,19,0,24,1,0,2,1,2,33,54,3,6,16,7,12,1,3,3,22,6,2,1,14,6,0,0,4,1,7,3,0,7,18,9,38,10,0,2,40,1,2,10,7,1,17,4,0,8,23,5,13,1,6,13,26,2,1,4,4,9,20,6,2,4,1,3,6,8,23,7,2,24,7,6,4,7,10,7,4,0,18,4,1,9,2,3,32,12,12,2,7,0,12,0,34,39,13,19,10,3,13,4,7,0,3,13,11,9,28,22,30,1,5,4,1,9,1,7,22,22,6,3,10,6,5,17,8,1,1,2,17,12,1,16,15,1,1,3,2,10,8,9,22
"1",16,0,3,5,17,0,17,20,4,4,0,23,18,8,13,6,9,0,9,17,1,30,15,15,2,2,5,5,48,5,4,7,1,6,29,1,18,34,3,12,1,3,0,24,9,6,3,2,19,3,35,3,1,12,2,3,2,26,4,13,3,14,2,0,4,5,12,26,30,30,0,28,1,1,6,0,2,12,9,19,1,4,7,0,11,18,3,1,2,11,1,8,11,8,41,0,8,2,22,10,10,7,11,0,0,30,4,1,12,1,5,22,31,8,3,4,1,7,3,1,3,8,10,0,3,24,13,12,3,2,2,6,3,8,0,15,0,27,0,29,3,5,7,9,4,0,22,12,10,12,12,2,1,24,5,29,4,5,2,5,11,1,8,7,2,4,0,8,6,4,0,5,0,8,0,19,19,3,15,0,2,0,4,1,38,53,5,11,15,11,5,5,2,4,19,16,0,0,22,6,2,6,4,0,8,2,1,5,22,8,30,13,4,0,46,2,4,4,5,3,13,2,2,30,19,1,17,3,1,2,8,4,3,6,1,8,16,9,0,3,1,0,4,7,11,1,2,12,7,12,0,10,10,4,8,1,28,9,0,3,2,0,29,5,16,6,2,3,9,0,28,37,16,14,13,2,17,8,16,1,4,8,3,8,38,14,35,1,3,12,1,1,0,6,11,25,1,2,4,3,2,24,15,1,0,1,8,28,4,20,20,5,1,7,8,3,12,7,29
"1",13,1,2,5,27,0,18,15,18,1,2,28,13,5,8,2,1,1,14,23,3,40,19,16,3,0,12,5,50,4,1,8,1,2,19,0,23,30,4,20,7,5,0,11,11,6,0,7,37,1,20,3,1,7,4,0,0,18,3,12,2,15,0,1,4,2,18,32,34,28,2,27,2,1,10,2,2,15,7,25,10,5,6,1,5,14,3,3,3,4,2,8,8,15,34,2,6,3,12,9,11,2,7,0,2,21,1,0,14,0,0,23,18,9,2,2,0,8,4,0,5,4,7,1,0,18,9,5,9,2,4,2,3,13,1,12,4,25,1,24,3,4,3,10,0,1,23,8,7,25,1,1,3,20,6,20,0,6,3,4,13,2,9,11,0,3,3,15,6,10,3,3,1,2,0,27,21,2,20,1,0,0,5,1,23,58,2,3,17,7,11,3,0,3,17,22,1,3,19,2,2,0,9,0,12,1,0,2,10,4,26,8,2,1,51,1,4,7,4,2,8,2,1,26,19,0,14,0,3,9,24,4,3,4,2,14,16,12,0,5,0,0,2,6,17,6,1,23,17,5,7,11,10,2,6,2,15,11,1,8,4,0,35,3,13,0,14,2,10,1,25,37,15,14,8,4,22,8,14,4,8,10,6,4,29,16,39,2,10,2,0,7,2,7,18,26,0,7,8,8,2,33,18,1,4,0,17,12,1,13,11,3,0,8,8,4,8,5,12
"1",19,1,1,9,26,0,22,25,7,9,0,21,20,6,12,5,8,2,8,23,1,47,16,14,2,1,8,2,52,4,3,3,0,5,27,2,23,30,3,19,5,5,3,29,11,9,1,3,37,5,20,5,3,13,2,3,6,26,4,5,1,20,5,1,2,5,13,27,26,22,2,34,1,2,5,2,1,10,7,23,14,5,7,2,2,15,2,2,3,3,3,13,12,9,28,1,6,4,20,18,6,6,6,0,4,15,1,5,11,2,0,19,29,9,2,1,1,5,3,5,0,5,9,0,4,13,5,10,7,6,9,0,5,1,2,12,0,13,1,26,1,3,8,7,1,0,11,4,9,6,11,6,0,34,5,28,2,6,3,5,10,0,6,7,0,3,3,9,3,12,0,11,0,6,1,36,21,2,17,1,2,2,0,1,23,53,2,4,17,10,2,0,6,4,17,17,2,5,21,4,1,2,7,1,10,0,1,2,21,4,18,14,2,3,51,3,4,2,7,1,6,5,0,30,15,1,27,1,7,5,14,2,6,5,4,6,21,5,1,3,2,1,5,10,27,2,0,16,11,13,6,9,3,7,6,0,14,7,1,7,1,0,37,7,7,2,6,0,17,0,23,23,12,17,12,0,8,4,5,1,10,6,2,3,35,13,31,1,3,5,3,4,3,7,13,17,6,5,7,5,3,23,9,3,1,2,12,14,3,13,14,1,0,0,7,7,6,8,14
"1",27,1,3,2,24,3,16,14,10,2,0,15,15,5,7,3,8,1,10,27,1,52,18,12,3,0,7,6,31,6,1,10,3,7,21,4,20,31,1,18,2,7,2,22,17,8,1,8,29,3,32,0,2,9,0,0,1,20,4,5,3,12,6,0,2,4,21,28,17,27,3,31,1,3,6,0,3,14,8,28,8,4,7,2,4,10,1,3,1,9,1,25,15,9,47,0,6,3,16,21,13,5,8,0,0,21,2,0,12,0,0,36,15,11,2,4,0,4,1,1,1,5,13,1,2,16,5,6,14,6,3,2,7,9,4,16,0,22,0,26,4,11,4,11,0,1,22,8,9,14,4,2,4,28,2,30,0,4,1,6,7,0,6,13,1,1,4,6,2,3,0,4,0,2,0,21,15,1,12,0,3,1,1,5,34,57,5,10,16,6,4,1,6,1,14,15,1,2,26,5,2,2,8,1,7,0,0,9,24,11,17,13,0,2,39,1,5,12,0,9,8,4,0,26,17,0,26,1,6,10,20,3,2,5,0,13,16,5,0,2,1,1,8,15,20,6,0,16,7,3,7,6,6,0,6,3,36,8,1,11,1,0,30,6,10,2,5,5,5,1,29,20,14,22,12,5,14,2,11,2,2,6,12,5,18,16,41,0,3,7,0,6,4,12,20,17,3,1,5,5,3,27,11,0,0,0,13,7,1,23,17,1,0,4,6,9,11,7,18
"1",20,2,2,7,16,2,25,22,8,4,0,26,18,6,10,5,3,0,16,29,1,30,12,10,0,2,5,8,32,3,1,3,5,7,19,2,43,36,6,24,1,7,3,12,12,7,1,7,29,2,20,2,1,8,3,4,1,21,1,9,0,8,2,0,0,2,16,40,19,26,0,29,0,2,8,2,3,13,4,13,5,7,7,1,11,23,2,0,3,7,4,12,11,8,33,4,8,3,12,12,22,3,9,2,0,36,2,1,14,2,1,24,23,5,0,1,0,6,0,0,1,3,13,2,2,18,5,11,10,8,2,0,11,15,0,9,1,19,0,32,0,8,5,10,2,1,19,11,14,12,15,2,0,30,4,23,0,6,2,5,5,4,2,16,0,4,2,7,1,7,0,3,1,2,0,27,22,2,15,0,2,1,4,4,22,63,2,7,15,6,5,0,8,2,18,22,0,0,25,13,4,3,0,1,13,1,0,6,27,12,27,12,3,4,41,0,3,4,9,4,7,2,0,16,16,2,19,1,5,12,25,2,4,5,4,27,22,5,0,5,0,2,7,8,27,7,0,14,7,2,4,6,7,5,15,2,28,16,0,4,2,0,31,4,17,4,10,3,4,0,31,27,22,21,11,4,25,5,7,1,4,10,10,8,19,17,34,0,3,2,0,6,2,8,15,30,3,0,5,4,6,26,9,1,1,0,10,19,2,20,16,1,0,0,6,4,13,9,13
"1",9,3,1,3,19,0,14,23,10,1,0,31,24,3,14,2,9,1,7,23,1,32,23,15,0,1,19,4,47,5,0,7,2,7,14,2,17,18,5,12,2,6,2,27,12,7,5,7,40,2,17,0,3,6,1,4,3,35,4,3,1,13,4,1,1,6,15,24,14,36,2,35,3,1,10,0,4,17,14,22,8,6,9,1,6,17,4,2,0,2,1,25,11,9,49,0,4,3,10,7,15,4,12,0,0,28,1,0,5,1,1,46,28,3,3,0,1,7,3,0,0,4,10,1,0,16,6,5,12,2,2,3,9,11,2,14,0,20,1,14,1,4,0,19,1,2,18,5,7,9,12,0,1,21,3,21,0,3,4,6,14,1,7,10,2,3,5,13,2,7,0,5,0,9,1,33,16,3,21,0,1,1,1,3,22,62,4,12,13,8,5,2,5,3,23,14,5,4,22,3,0,3,5,1,10,1,2,4,21,8,24,14,3,6,34,1,6,7,0,4,8,5,1,12,31,3,28,2,4,17,17,4,5,2,0,17,15,9,1,2,1,0,5,5,17,7,0,15,13,6,0,13,6,4,4,0,16,15,2,6,4,0,21,6,16,6,4,2,6,1,20,23,18,15,7,0,15,4,8,3,10,6,2,7,31,20,37,2,1,2,2,12,2,8,20,15,3,2,3,0,3,25,10,0,4,0,11,16,2,16,20,1,0,0,8,6,4,20,13
"1",21,5,1,3,15,2,13,11,10,2,1,37,12,2,13,3,4,2,17,31,0,24,13,4,2,1,12,5,41,2,3,4,0,11,19,2,26,24,1,15,3,4,3,18,13,14,4,9,19,2,13,0,4,9,3,2,0,23,2,5,2,21,6,0,2,7,13,42,37,27,2,49,2,3,11,0,3,3,13,18,4,4,10,0,12,15,3,6,4,10,1,21,14,4,35,0,9,4,19,17,7,3,2,0,4,31,2,4,5,1,0,26,22,8,4,1,1,14,2,0,1,0,19,0,1,15,7,9,8,9,3,1,4,13,1,6,3,20,1,27,3,0,1,11,2,2,24,12,17,22,4,4,2,23,0,26,9,6,0,3,12,1,6,7,0,4,4,3,2,3,0,3,0,1,0,23,11,4,30,0,0,1,2,4,22,52,5,3,18,5,8,1,6,3,8,23,1,1,28,2,3,4,5,0,12,0,1,3,17,5,24,6,4,1,37,5,3,5,3,3,11,1,0,18,24,2,13,1,5,7,13,3,3,3,2,7,22,11,1,2,0,2,4,5,35,3,1,12,18,11,5,1,5,5,5,1,19,11,4,3,3,3,32,3,17,2,2,3,8,1,18,25,12,13,6,2,13,8,8,3,6,7,4,5,24,15,30,0,1,8,2,4,1,4,17,11,3,6,6,3,6,34,11,0,1,0,10,22,0,23,21,0,0,3,8,5,12,7,13
"1",15,2,1,4,21,1,14,14,12,4,0,30,10,3,13,1,2,0,6,20,6,27,11,15,0,1,15,9,52,1,3,8,2,8,21,1,25,32,5,11,0,6,2,22,11,8,1,5,22,1,25,1,0,5,2,2,2,23,0,7,1,17,5,2,4,5,14,22,25,22,2,38,1,2,2,1,4,10,3,12,7,9,11,0,14,11,1,4,1,5,1,16,20,4,30,0,6,1,15,9,14,8,7,0,0,26,1,0,14,1,1,37,26,4,0,1,2,10,2,2,0,2,9,1,2,12,7,4,6,1,2,2,2,10,1,13,0,23,1,24,0,3,2,14,9,3,28,7,9,16,16,6,1,25,6,31,5,7,0,6,11,0,9,16,3,4,3,12,1,8,0,3,1,8,0,20,20,5,30,0,0,3,0,4,36,69,5,6,13,4,10,5,3,5,17,9,1,3,29,6,3,4,4,1,15,1,0,4,23,8,22,14,0,6,53,1,1,4,1,1,12,1,2,27,21,3,11,1,1,9,16,3,2,3,2,12,21,4,1,4,1,1,3,4,20,5,2,13,16,11,4,9,5,5,7,1,35,8,1,1,3,1,32,3,14,5,3,3,9,1,37,33,13,19,11,3,16,3,9,4,3,2,2,5,25,16,38,2,4,7,2,3,5,8,26,22,3,5,3,2,1,16,9,4,1,4,11,14,0,18,18,0,1,2,8,10,8,7,15
"1",14,1,0,3,22,0,10,17,2,5,0,29,12,4,10,0,8,1,14,36,7,34,17,20,2,0,3,4,42,1,1,3,3,3,20,1,31,22,4,16,5,5,2,17,20,5,1,8,25,2,21,0,1,8,1,4,3,14,2,10,1,19,1,0,5,5,18,22,23,23,1,25,1,4,4,2,1,13,7,19,6,6,9,0,11,22,5,6,1,5,1,13,11,13,60,1,4,1,12,7,8,0,8,2,1,25,1,1,9,3,0,24,20,6,2,3,0,8,3,2,0,2,9,0,1,18,5,9,3,4,4,1,7,10,0,9,2,19,1,27,0,2,4,7,1,2,26,11,14,12,13,2,0,21,9,28,1,2,1,5,15,1,2,13,0,8,2,13,1,5,2,3,0,1,0,16,25,3,19,0,1,3,3,6,22,55,8,7,9,10,9,8,5,8,14,11,1,3,13,8,2,1,4,0,12,3,0,5,18,10,29,5,2,2,27,2,2,9,1,5,10,1,0,17,21,1,22,1,1,11,12,4,6,2,1,8,10,7,1,4,0,0,1,7,26,3,0,12,7,7,3,7,7,3,8,0,26,5,4,8,1,4,30,12,11,4,7,3,10,0,24,27,20,13,5,1,16,5,4,3,6,5,5,7,33,12,46,0,5,5,1,15,1,11,16,20,2,9,3,4,1,35,15,5,0,1,13,18,0,25,21,0,1,0,10,15,13,7,11
"1",18,2,1,3,19,1,23,13,5,3,0,28,14,0,10,1,4,1,14,24,0,41,24,24,1,0,13,7,34,1,1,8,0,4,13,3,21,26,1,9,3,11,2,16,8,10,3,11,27,0,27,0,2,6,3,4,0,18,2,8,1,12,3,1,1,6,17,22,20,30,1,40,0,1,2,1,2,7,2,23,7,7,3,2,6,23,0,3,0,7,1,12,12,9,49,1,9,2,14,12,9,7,8,2,1,28,0,2,15,1,0,43,17,2,4,3,0,17,5,0,1,3,7,1,1,22,6,9,5,6,1,0,6,14,0,9,1,22,1,31,1,2,5,16,2,2,18,8,6,20,11,1,4,22,6,26,2,2,1,2,12,0,8,5,0,6,5,6,1,7,0,4,1,0,1,31,22,4,21,0,4,2,6,4,15,57,4,5,9,6,4,1,5,7,10,16,2,1,22,3,1,2,1,0,7,2,0,4,30,7,36,15,0,5,44,2,2,9,2,5,8,4,0,12,21,3,17,1,2,5,10,3,0,1,0,5,19,7,0,2,2,4,4,6,22,1,0,16,19,8,4,4,4,5,7,1,20,10,1,3,2,1,35,10,20,3,9,3,6,0,15,29,19,18,14,2,23,3,10,1,16,5,8,14,16,16,39,0,3,9,1,3,1,1,12,14,4,7,2,2,1,9,19,0,0,2,12,21,1,17,7,3,0,1,8,14,16,5,16
"1",11,3,2,1,22,0,14,6,9,2,0,32,15,4,5,5,3,0,13,32,2,29,20,15,1,0,9,2,53,6,0,6,4,6,17,2,21,22,0,32,0,9,4,14,18,2,1,12,25,3,21,4,1,15,5,2,3,20,2,6,3,13,3,0,5,4,15,22,15,22,1,28,0,5,3,0,1,13,21,10,5,8,9,2,13,20,1,6,1,8,3,15,14,13,39,0,8,7,9,10,10,2,13,0,2,26,2,1,14,1,1,34,32,4,5,2,0,7,2,3,2,1,5,0,3,18,2,5,8,3,2,0,7,5,2,11,2,24,0,25,1,6,3,9,2,1,19,4,10,14,5,2,3,31,0,25,1,4,3,5,17,2,5,8,1,2,7,7,3,7,0,9,1,4,1,34,12,3,16,0,2,0,3,1,25,64,7,5,12,12,11,2,1,4,11,14,2,1,11,9,1,2,4,1,4,1,0,4,21,6,37,7,2,4,40,3,5,11,2,4,4,6,0,21,22,2,20,4,2,9,21,4,2,1,2,12,19,10,0,4,1,2,7,6,18,4,3,13,6,5,5,6,3,3,2,0,35,11,1,2,4,5,30,9,18,2,13,3,8,0,32,38,18,12,10,2,13,3,10,0,3,4,13,5,30,23,39,2,1,5,5,9,2,4,11,31,3,7,7,3,2,17,20,2,1,0,12,19,1,19,7,4,0,4,6,5,12,11,19
"1",10,6,3,3,25,0,17,8,5,2,0,24,18,5,6,0,3,0,19,20,2,29,19,21,1,2,7,6,38,2,2,2,1,9,21,3,24,26,4,15,7,8,5,27,10,5,1,5,28,1,18,0,3,10,1,1,3,23,2,11,1,10,0,0,4,5,6,23,13,20,1,31,1,1,1,0,2,3,9,13,9,6,13,2,9,17,0,2,1,10,2,11,13,9,35,1,4,1,13,12,10,5,12,2,5,17,1,0,9,1,0,31,17,4,4,1,0,9,4,0,1,4,8,0,1,10,7,7,7,5,1,1,3,13,1,13,0,20,3,28,0,4,5,5,0,5,24,7,9,16,3,0,5,27,3,20,4,7,8,2,9,1,5,8,1,4,4,2,2,5,0,8,4,3,2,19,23,6,19,0,1,0,5,4,24,52,4,1,12,8,10,2,2,4,19,25,2,2,21,6,2,1,6,0,8,2,0,2,24,4,30,16,1,0,43,0,5,5,1,5,9,0,1,18,27,1,26,2,2,9,24,2,1,3,0,8,10,11,0,3,0,2,5,3,24,0,0,19,13,4,8,6,8,3,7,2,27,11,2,2,1,1,29,9,25,4,5,1,6,0,32,28,19,20,9,1,21,3,4,1,4,4,5,8,16,22,37,1,4,4,2,4,2,10,21,19,1,1,3,1,5,23,19,3,3,2,11,22,2,20,14,4,0,1,6,4,8,9,21
"1",10,0,2,3,27,1,16,13,8,2,1,24,16,2,11,3,2,2,16,17,7,28,9,21,0,0,9,0,55,1,3,1,2,13,30,2,25,34,3,10,3,8,4,19,11,8,0,6,16,4,23,1,3,9,0,3,1,27,2,7,1,14,7,2,0,2,15,24,28,22,0,44,1,4,4,1,1,6,10,25,2,7,17,0,16,26,6,5,4,12,2,3,9,8,29,2,5,5,11,14,7,3,9,4,1,29,1,2,6,3,1,28,18,3,2,1,0,5,7,1,3,2,15,0,2,10,6,12,6,6,7,3,1,9,1,11,0,24,2,30,2,0,3,10,0,1,19,8,9,16,9,4,1,23,4,18,2,6,2,2,11,0,6,17,0,4,2,11,4,4,0,10,1,2,2,25,11,4,11,0,1,0,7,3,24,49,8,11,16,11,4,3,7,2,13,17,0,1,27,2,0,0,2,1,10,3,0,0,18,8,21,17,0,2,45,1,3,4,1,3,11,8,2,19,31,1,24,0,0,7,22,3,5,1,4,17,13,11,0,5,1,1,3,10,25,3,2,27,7,6,6,8,2,2,4,2,19,8,2,3,4,2,31,8,19,2,9,2,10,0,31,48,25,27,6,3,15,4,9,1,5,7,7,8,14,17,34,2,0,12,2,3,2,9,11,25,1,5,5,1,1,24,15,0,0,0,15,22,1,26,21,2,1,3,15,9,10,5,13
"1",13,0,2,2,20,0,17,15,15,6,4,21,15,4,19,3,2,1,13,21,6,36,25,18,2,1,20,5,46,3,6,4,0,5,25,0,34,18,1,17,2,8,6,21,10,8,2,11,10,3,22,1,4,10,0,0,1,18,4,4,0,8,5,0,5,3,14,23,37,22,1,47,4,2,5,1,4,11,8,14,9,8,7,1,9,20,0,8,0,5,1,12,9,14,37,2,1,2,13,13,16,9,10,3,3,25,1,1,10,1,0,30,25,6,4,2,1,7,8,2,2,2,13,0,3,10,3,9,6,5,5,1,4,9,0,13,1,28,2,18,0,1,2,9,2,1,25,6,6,10,9,3,5,24,7,25,1,6,4,2,12,2,9,14,1,6,5,7,5,3,0,4,6,2,0,31,18,3,22,0,3,0,3,0,26,43,3,4,13,16,6,4,1,4,17,23,0,3,22,9,3,4,4,0,6,4,0,3,29,11,20,16,0,1,35,1,1,7,1,3,5,2,0,16,20,1,23,3,6,10,18,2,4,2,2,10,18,5,0,2,1,1,7,12,20,7,0,23,10,6,5,8,9,1,8,0,22,12,2,8,2,2,38,5,6,5,10,4,7,0,32,41,17,17,10,3,21,3,4,4,13,10,3,8,11,19,39,4,2,3,0,7,0,14,15,23,1,3,5,2,3,22,5,1,1,2,17,29,1,15,11,2,1,0,7,6,11,8,9
"1",29,4,1,6,23,3,17,11,12,0,0,15,7,5,8,4,3,1,7,25,3,33,17,9,1,1,8,6,72,2,2,6,1,9,26,1,27,17,3,10,3,5,5,22,17,5,2,3,30,1,16,2,3,7,0,0,4,25,2,11,2,11,2,2,1,7,16,37,35,22,3,34,1,1,10,0,0,10,8,10,7,4,8,4,14,19,4,1,1,8,1,11,13,8,36,3,2,5,20,20,13,4,4,2,5,24,3,1,14,1,1,27,15,8,3,2,2,10,2,1,0,5,8,1,1,12,4,6,7,14,2,1,3,6,4,14,1,16,2,20,2,3,5,5,1,1,26,9,6,10,9,3,4,20,4,15,2,5,2,2,9,3,7,6,2,3,1,2,1,8,0,9,3,5,1,33,16,3,11,3,3,0,2,3,23,74,2,7,16,9,5,1,6,4,11,16,0,1,10,3,0,2,3,0,13,1,0,1,20,10,35,23,3,2,40,3,1,4,3,3,2,2,0,17,26,2,9,4,4,12,31,10,3,3,3,16,14,4,0,3,1,2,3,11,19,8,1,18,10,9,3,18,6,8,4,1,23,16,0,7,1,1,36,8,25,7,7,4,13,0,30,27,21,11,8,3,19,5,5,1,1,12,6,3,31,19,23,0,3,3,2,4,0,6,21,29,1,8,5,2,2,35,11,0,3,1,8,12,3,17,17,1,0,3,7,5,11,14,20
"1",10,1,0,3,17,1,19,18,6,0,2,40,18,3,17,4,7,0,12,15,4,26,17,14,1,0,11,0,48,4,2,6,3,6,24,3,28,36,10,5,2,8,0,21,9,14,2,6,37,0,19,1,0,9,2,2,3,18,5,10,0,17,5,0,0,4,12,19,20,35,0,43,2,1,5,4,3,9,4,21,2,2,12,0,13,30,2,4,1,5,0,11,11,6,40,1,10,1,13,15,12,7,5,1,3,27,6,0,10,0,1,36,11,6,7,2,4,6,4,2,0,1,8,0,0,14,5,6,15,10,0,1,3,7,0,13,0,22,0,23,1,4,2,11,2,2,17,3,8,6,11,4,3,40,11,20,1,1,2,4,10,2,1,8,3,3,3,5,3,7,0,0,4,5,0,20,10,3,17,0,0,1,3,1,18,56,1,12,19,11,3,1,2,1,15,15,1,0,19,5,3,1,2,1,15,2,0,5,18,11,26,12,1,2,32,0,1,10,5,2,10,3,0,30,26,2,16,4,3,19,23,0,4,7,1,9,13,9,1,3,4,2,5,13,19,6,0,31,9,5,5,4,5,7,7,2,20,5,3,8,1,1,42,6,14,0,11,4,7,0,41,26,18,22,17,1,16,5,8,3,8,8,5,8,33,23,39,1,4,7,2,3,1,10,19,27,3,3,2,2,4,30,11,0,1,1,13,16,0,14,22,2,0,2,4,9,8,5,25
"1",15,4,0,4,23,0,7,18,11,2,0,37,13,3,12,1,6,0,8,20,3,20,15,10,2,1,14,11,37,2,2,4,2,9,22,2,27,27,5,17,0,7,1,20,15,7,4,11,25,1,22,1,3,2,3,3,2,20,5,10,0,7,4,0,0,5,30,23,12,13,4,37,1,6,5,2,2,9,5,23,6,9,13,0,8,12,2,2,0,10,3,10,22,6,46,0,8,7,9,22,8,8,6,3,0,17,0,0,16,0,0,23,20,8,1,3,0,5,3,1,1,7,9,0,1,16,5,9,12,5,2,3,1,13,2,11,3,23,0,28,0,3,1,17,9,2,24,3,9,11,12,0,3,28,8,19,3,4,6,4,7,2,6,6,1,0,2,12,0,6,0,7,0,0,0,25,22,1,11,0,1,1,2,1,15,57,0,12,18,11,5,4,9,0,16,10,0,0,13,4,0,5,10,1,12,1,1,7,29,7,31,6,1,2,39,0,0,5,5,6,3,3,2,22,32,1,22,1,4,9,24,1,5,1,3,11,13,14,3,3,3,2,3,3,22,7,0,14,12,3,3,18,14,6,6,0,40,5,0,7,1,0,31,7,19,7,5,1,4,0,25,30,21,19,13,4,18,1,6,3,4,8,7,3,25,19,36,0,3,3,1,6,2,15,22,13,2,4,4,2,1,24,20,5,1,2,25,27,0,19,8,0,1,0,10,7,11,11,28
"1",11,3,3,3,19,0,14,20,12,0,3,29,21,5,12,3,4,0,22,17,2,32,15,20,1,0,6,6,62,4,1,3,6,8,19,7,19,28,2,9,2,6,1,10,23,11,1,5,24,1,15,2,0,10,0,9,0,23,5,10,3,11,2,0,2,1,19,25,24,29,0,28,1,3,8,0,0,7,9,21,2,8,21,1,14,16,4,1,4,16,2,13,11,12,40,1,13,3,22,8,12,6,8,2,0,28,2,3,19,2,0,31,30,2,3,1,0,7,0,3,0,1,8,3,2,22,8,7,7,4,3,2,1,11,0,6,1,23,2,32,2,1,2,9,1,2,21,6,14,13,22,1,3,25,4,19,4,4,3,4,10,0,3,4,1,2,4,8,4,4,0,2,4,4,0,31,16,1,17,0,1,0,4,3,27,73,8,9,16,3,5,5,4,1,9,21,1,1,23,8,3,3,2,1,6,0,1,2,15,12,30,10,2,3,39,2,4,4,10,2,3,8,0,12,21,2,27,0,9,11,30,6,2,2,0,4,17,8,2,4,3,2,3,5,20,6,3,13,15,1,3,9,7,1,7,4,15,10,0,7,2,0,22,2,17,4,5,1,9,0,27,38,21,21,19,2,15,1,6,0,7,3,7,14,27,14,34,0,5,9,2,8,2,5,16,17,3,11,0,4,1,21,11,1,0,5,22,15,3,18,22,2,1,1,6,8,8,2,25
"1",15,3,5,3,19,0,8,28,8,2,5,21,16,2,24,1,4,2,21,17,2,30,18,10,1,2,4,1,35,2,2,1,1,9,25,0,16,26,3,5,2,7,2,19,9,10,4,6,17,0,17,1,0,7,2,4,0,12,3,3,0,15,4,0,1,2,9,33,14,25,4,30,2,0,2,1,2,14,3,13,7,7,17,0,7,17,3,7,3,6,0,26,10,8,37,1,6,4,23,11,15,4,4,0,3,23,2,2,17,0,0,47,14,6,3,4,1,13,4,1,1,3,16,0,2,18,3,11,4,2,4,0,4,8,1,6,2,22,1,22,2,6,6,8,0,1,16,3,10,7,9,1,0,23,8,40,2,2,2,4,3,1,13,15,4,1,0,18,4,5,1,8,2,6,0,18,12,2,12,0,1,1,1,2,32,62,4,5,12,5,5,5,9,3,17,16,0,2,16,1,1,1,6,0,8,5,1,4,32,6,31,14,0,3,41,0,0,4,2,5,12,0,0,28,21,1,31,0,5,11,24,4,5,7,4,7,15,5,1,1,0,3,1,4,21,6,0,13,10,5,14,8,8,3,8,0,22,13,2,0,4,2,24,3,18,7,9,3,5,1,33,30,16,13,13,0,22,2,7,3,3,5,7,4,19,13,40,2,6,10,4,4,3,8,7,20,2,8,7,2,3,27,15,1,0,3,6,8,1,17,7,1,1,0,6,4,12,6,13
"1",13,3,1,8,22,5,19,14,10,1,0,23,25,4,11,1,7,0,12,19,2,35,17,16,0,1,10,7,49,4,0,5,1,10,12,2,19,26,5,20,1,8,0,19,20,13,1,12,35,4,22,0,2,12,4,2,2,17,3,10,0,9,3,0,0,3,14,15,24,34,2,28,1,3,1,3,1,11,5,21,2,5,4,4,12,32,4,6,4,14,4,12,16,6,29,1,4,4,18,17,9,4,10,0,4,35,2,0,7,2,1,37,17,9,1,7,2,4,2,1,1,3,8,2,3,13,8,6,7,9,4,0,2,12,2,21,0,26,1,25,3,1,3,4,2,2,12,11,7,14,15,0,2,36,12,16,3,2,3,4,5,1,3,7,0,5,0,15,5,6,0,3,1,2,1,30,22,2,17,2,3,1,2,1,21,63,3,6,21,9,8,7,8,0,16,12,1,1,14,4,0,6,2,1,7,3,0,7,37,5,33,15,2,2,50,4,3,4,6,6,11,5,0,23,19,1,19,2,4,9,15,4,2,3,3,13,17,8,0,3,0,0,1,13,25,5,5,18,7,6,4,7,9,5,5,1,26,18,4,4,1,0,39,5,25,3,15,2,6,2,28,35,18,13,16,2,14,2,7,1,4,5,9,8,30,20,26,1,2,10,3,6,0,9,19,17,1,7,3,1,6,37,10,2,1,3,16,12,0,19,13,3,1,2,15,5,3,9,10
"1",9,2,4,4,13,1,18,11,2,3,4,26,27,4,20,2,3,0,15,29,1,25,21,12,0,0,5,4,45,4,2,4,3,7,23,2,15,37,3,17,3,5,3,25,13,2,2,7,25,4,21,2,4,11,1,1,2,29,3,4,3,14,7,0,1,0,12,25,17,17,2,41,2,2,6,0,3,8,11,22,2,5,13,4,7,23,1,2,6,4,3,15,15,10,35,0,4,3,21,23,15,3,6,2,2,38,4,3,12,1,1,27,16,5,1,6,0,6,7,1,2,1,7,1,5,14,13,3,9,7,4,2,0,15,0,15,1,22,0,29,0,1,2,8,7,2,24,11,9,10,10,5,0,16,11,19,4,10,2,1,7,1,1,10,0,4,1,12,2,6,0,7,0,7,0,21,19,5,8,1,0,1,2,0,19,76,5,5,27,5,4,4,4,2,12,11,1,3,30,9,5,3,4,0,14,1,0,5,21,5,38,23,1,0,49,3,5,5,0,3,10,1,3,19,7,3,21,1,3,4,26,2,3,4,2,12,15,5,0,5,1,2,3,3,24,0,1,7,12,3,4,8,3,6,1,2,18,8,1,9,3,0,31,6,17,8,7,2,3,0,29,33,18,7,7,1,16,2,7,4,7,3,9,9,19,16,25,0,4,4,3,7,1,7,16,19,2,4,2,2,3,24,8,0,0,0,15,17,0,14,15,2,0,0,6,8,16,8,16
"1",16,2,4,1,15,0,13,19,15,1,1,12,19,3,12,2,3,0,7,17,3,31,19,14,2,0,10,7,73,2,3,4,3,5,17,0,19,44,2,12,4,10,2,23,12,9,2,8,21,2,21,0,1,7,1,0,2,37,2,6,0,11,4,0,1,0,15,24,17,23,1,30,2,2,2,1,4,10,9,20,4,7,7,0,10,17,0,4,1,12,3,16,13,12,32,2,9,7,23,13,18,2,8,0,7,32,0,0,16,3,0,33,22,6,1,3,1,5,3,0,0,3,6,1,2,18,6,4,13,6,4,1,2,10,0,14,3,22,1,24,1,3,4,5,4,0,18,1,11,8,6,2,4,22,10,14,0,4,1,3,6,6,11,8,2,3,3,9,3,5,0,7,0,3,0,22,28,4,23,0,1,1,1,0,30,73,0,7,15,9,5,4,2,1,13,15,1,2,27,3,0,4,1,1,13,1,0,2,18,8,31,11,0,3,36,1,3,13,1,4,7,2,3,31,16,3,18,4,5,13,15,4,7,1,3,13,8,10,3,4,1,0,4,9,29,2,2,17,5,3,2,9,4,1,7,2,20,4,0,5,4,0,46,2,16,3,10,3,4,1,22,20,18,13,17,3,25,2,3,2,6,11,14,4,26,22,37,2,7,8,2,7,0,3,14,32,2,10,4,2,2,20,12,1,2,2,19,13,0,24,12,2,1,1,7,8,11,13,16
"1",12,3,1,7,28,1,15,10,7,1,2,24,21,3,21,7,1,0,10,27,2,26,19,16,2,1,4,6,43,5,1,6,4,11,23,0,15,24,0,16,5,11,0,21,7,4,4,8,34,2,27,1,0,10,2,3,2,29,0,3,1,14,0,2,0,2,12,25,16,34,1,32,2,2,6,1,2,13,18,18,6,6,8,2,14,17,3,3,2,11,1,15,13,2,38,0,5,2,14,12,13,5,7,2,3,24,3,0,20,1,1,14,20,11,1,2,0,8,1,0,0,2,6,1,4,17,0,12,6,2,3,2,4,10,0,11,2,24,1,20,1,1,6,9,5,2,18,8,9,8,9,4,3,25,8,24,6,4,3,2,6,2,3,16,1,0,4,11,3,8,0,5,2,2,0,24,20,2,14,1,0,0,1,0,23,60,2,4,20,10,1,3,2,3,17,23,0,0,23,5,3,1,3,1,8,2,0,2,28,4,28,5,2,0,41,1,2,4,1,1,7,4,4,19,30,4,19,3,2,10,17,5,2,2,2,14,31,10,1,4,0,0,7,8,20,3,1,16,12,4,4,8,10,5,8,0,14,9,0,4,1,0,31,9,19,4,1,2,7,1,31,21,17,17,4,1,15,6,2,0,6,6,6,1,28,16,36,3,4,8,3,8,2,7,11,16,2,6,2,0,1,25,9,1,0,2,9,11,1,29,18,1,0,2,8,20,8,6,7
"1",16,3,0,2,22,0,11,16,7,3,0,27,20,4,14,2,0,1,12,19,3,21,10,14,2,1,6,5,45,1,3,4,0,7,17,3,30,33,3,23,0,8,1,16,19,11,1,4,25,1,18,1,2,10,4,3,0,18,3,7,2,21,4,0,2,1,20,36,20,19,6,14,2,3,8,3,1,12,6,26,4,3,10,0,6,16,0,4,3,7,2,13,11,6,50,0,5,2,16,17,8,4,4,2,1,28,2,2,13,3,2,21,13,6,0,0,0,5,4,0,0,2,7,1,2,18,2,5,11,2,2,2,5,11,2,16,1,14,0,29,0,2,6,7,3,1,16,8,10,12,12,2,2,16,2,24,5,6,1,4,6,1,6,10,0,1,2,8,0,4,0,4,2,1,0,21,20,1,8,0,0,1,3,1,26,56,1,5,12,14,4,4,4,4,23,17,0,2,16,3,2,3,3,0,11,2,1,8,15,2,26,8,0,1,40,1,3,2,5,4,10,2,1,15,17,2,7,2,2,7,24,2,1,4,2,7,11,4,0,5,1,1,3,7,18,8,0,19,9,5,2,5,4,2,5,1,17,2,0,5,0,0,40,8,17,5,5,2,9,0,33,32,30,17,10,0,14,0,10,2,5,4,4,5,24,16,42,2,1,4,0,4,3,11,14,21,4,7,7,0,5,32,7,2,2,1,14,13,2,22,15,0,0,1,4,18,10,7,10
"1",19,1,1,4,23,0,20,14,8,4,0,32,23,7,11,5,2,0,12,22,2,20,17,17,1,1,6,7,27,0,3,9,2,5,23,2,32,25,1,16,1,10,4,26,11,4,1,15,23,4,11,4,2,5,1,1,1,26,7,12,0,13,5,1,3,1,20,28,28,15,1,18,3,4,5,0,0,10,6,15,2,10,16,0,12,12,7,2,1,7,2,19,7,3,50,1,5,2,21,16,15,9,9,0,0,29,2,0,6,2,2,28,16,6,4,1,0,9,4,1,0,3,8,1,5,11,5,8,5,7,2,0,2,11,2,13,3,13,1,24,0,3,5,18,3,0,21,6,10,10,13,1,2,20,8,17,1,3,1,2,10,1,5,8,0,1,5,5,5,11,0,7,0,9,0,18,20,2,22,0,2,0,3,6,20,71,5,5,9,3,7,0,1,8,21,12,4,4,24,7,3,7,3,0,11,1,0,4,22,17,30,14,3,0,41,1,4,2,7,0,9,5,1,22,25,3,21,5,3,8,21,2,2,0,3,13,17,7,1,2,0,1,2,11,16,3,1,12,9,5,2,7,9,5,8,1,22,11,1,6,4,1,40,8,11,1,4,2,8,0,28,23,19,21,7,0,22,5,17,0,7,7,8,5,31,17,43,5,4,12,2,11,3,14,19,31,3,6,1,2,5,29,12,6,4,2,13,28,0,24,15,1,0,0,6,8,9,4,15
"1",13,3,0,6,28,0,17,20,9,2,1,27,16,1,16,2,3,0,18,31,6,18,17,10,2,1,4,2,42,6,2,6,1,8,18,0,31,21,4,3,2,7,2,24,14,6,1,11,24,3,20,4,0,8,1,2,1,21,5,8,0,12,5,1,5,7,15,21,10,24,1,17,0,2,0,0,0,19,18,17,3,10,15,3,17,11,2,2,1,8,0,8,17,4,45,2,9,1,29,14,13,5,7,0,1,21,5,0,11,2,3,29,31,7,4,7,0,7,5,0,0,1,13,0,2,6,11,10,13,3,4,1,5,9,0,6,1,20,2,24,1,0,6,12,1,6,22,8,6,5,8,1,0,19,5,30,6,4,3,5,3,1,6,13,1,2,3,9,3,3,0,3,1,4,1,27,12,1,22,1,0,0,5,1,28,58,1,5,23,4,9,7,3,0,14,14,1,1,20,9,1,2,4,0,6,0,0,4,16,13,39,15,1,2,43,0,7,3,8,2,7,1,0,19,23,5,23,2,5,9,19,8,0,2,3,13,13,8,0,4,0,1,2,5,22,6,1,8,10,5,2,6,12,5,8,1,33,9,1,8,0,2,36,4,20,4,7,4,4,4,24,37,20,21,17,1,24,2,10,4,3,7,6,4,21,25,33,1,2,5,3,5,0,11,8,26,2,8,3,3,0,24,7,1,1,1,18,16,0,23,13,0,1,3,10,7,12,7,10
"1",16,8,2,4,9,0,15,16,8,3,2,27,23,4,7,0,3,0,11,15,3,21,18,13,1,2,9,5,45,5,3,6,0,7,11,2,23,26,3,10,3,9,5,13,20,4,1,5,34,1,24,2,2,5,4,1,2,27,4,10,0,17,2,1,2,8,11,29,18,22,1,49,1,3,4,1,4,9,13,28,2,6,6,0,5,38,3,2,2,13,3,14,14,4,31,0,10,5,21,15,12,1,4,6,3,21,1,0,10,1,0,40,29,10,9,2,1,10,1,0,0,3,18,0,3,18,3,8,6,7,0,1,3,13,3,18,2,10,0,34,1,2,5,14,0,0,22,5,12,13,9,6,2,21,8,24,2,3,2,3,10,1,6,8,2,3,5,5,1,4,0,6,2,6,0,30,22,2,12,0,0,0,0,2,16,57,0,3,21,9,6,3,7,1,17,18,0,1,21,5,3,0,5,0,6,3,0,8,20,8,33,3,0,2,33,0,1,3,5,4,8,0,1,9,15,2,26,2,4,4,20,4,1,3,2,4,12,11,1,4,1,1,6,5,21,2,0,18,7,7,5,8,5,1,7,1,28,7,2,4,1,2,34,5,25,7,10,2,4,1,47,37,15,18,6,5,7,3,11,4,15,9,11,1,30,12,41,2,1,3,7,7,0,11,14,22,4,1,3,3,0,29,12,3,0,3,9,15,0,26,21,3,1,0,4,7,11,11,7
"1",14,9,4,8,19,0,18,20,12,0,0,26,16,2,19,6,8,1,20,17,3,32,15,15,0,0,12,6,40,2,2,3,3,10,16,2,21,30,3,16,2,5,1,19,18,7,2,4,30,4,26,3,0,3,2,3,3,28,1,12,4,18,2,2,0,6,21,25,29,16,3,24,1,2,10,2,1,11,8,12,3,6,16,1,4,25,0,1,1,5,2,16,12,5,36,2,12,3,15,14,14,6,4,1,1,28,5,0,10,1,0,33,31,10,3,2,2,8,2,0,1,0,12,1,4,16,13,8,5,5,2,0,3,12,4,21,3,23,2,27,3,2,7,13,0,3,16,3,23,11,7,2,4,17,12,17,1,2,0,6,12,2,6,11,3,5,6,10,1,5,0,8,4,3,1,19,15,4,20,0,0,0,5,0,16,57,5,6,18,11,9,3,6,5,19,7,2,0,12,6,2,2,4,0,7,2,2,6,19,8,35,17,0,2,35,1,3,4,5,3,12,6,1,22,17,3,16,0,5,2,22,3,6,2,1,18,27,14,2,1,0,0,2,1,28,6,0,17,15,4,1,7,10,3,8,0,32,4,2,5,2,4,39,4,21,2,6,3,17,0,37,26,24,19,10,1,20,3,7,2,12,9,8,6,20,24,29,2,3,8,1,7,1,9,12,18,1,3,4,2,1,30,14,0,1,1,16,20,0,20,15,1,1,4,5,20,9,6,20
"1",17,9,4,2,16,0,22,11,7,0,0,40,17,7,19,5,5,0,13,25,4,22,15,21,0,0,8,3,51,7,2,8,0,15,10,4,21,33,3,7,3,5,5,28,11,9,2,7,26,1,30,1,2,5,2,3,2,30,4,5,1,9,5,0,1,4,8,34,21,16,1,39,1,1,10,0,3,9,8,13,8,2,4,0,6,29,5,3,3,5,4,14,7,7,39,4,8,3,23,23,12,5,8,1,0,37,0,2,9,0,3,42,19,6,0,2,0,2,2,3,1,7,4,1,6,13,8,7,4,3,1,0,8,11,0,13,2,33,0,25,1,2,7,3,2,1,20,5,16,6,15,1,3,34,7,36,6,7,3,5,9,2,16,19,0,2,2,11,3,4,1,2,0,4,0,25,24,1,19,0,1,0,4,1,21,64,3,7,14,13,6,4,1,2,26,14,1,2,31,8,1,1,6,0,7,0,0,6,19,11,27,14,4,3,28,2,2,5,5,2,10,6,0,23,23,1,22,0,3,11,21,6,4,0,2,8,21,15,1,7,0,1,1,7,23,2,3,14,4,7,5,11,3,5,4,2,27,10,0,6,2,3,34,8,18,6,5,4,6,0,31,23,15,15,11,2,15,6,6,2,4,7,5,8,19,19,32,1,6,9,2,3,0,7,19,26,7,7,2,3,3,29,17,2,0,0,11,14,0,22,16,0,1,2,9,7,12,2,16
"1",13,5,2,2,22,3,14,11,9,2,2,36,19,4,5,4,6,3,5,13,0,30,15,12,1,1,8,7,35,4,0,3,2,11,19,1,27,26,5,9,3,4,0,18,12,4,1,4,27,0,19,1,1,6,4,2,0,30,2,13,0,7,3,2,2,7,28,29,30,19,1,36,2,1,2,0,2,11,7,22,7,7,9,1,11,23,3,5,0,11,1,15,14,10,37,0,9,2,15,20,11,5,4,0,0,24,2,0,10,4,0,32,16,9,2,6,0,5,6,2,0,5,7,2,5,19,4,9,6,1,1,5,5,9,1,11,3,13,0,29,0,6,3,10,1,0,11,4,9,11,7,3,0,29,6,22,6,3,1,2,4,0,4,15,0,0,2,8,1,4,0,7,1,5,1,34,22,1,20,1,2,0,2,3,24,60,1,2,13,15,6,6,2,2,13,18,1,1,35,4,1,4,7,0,11,0,0,2,20,7,29,6,2,5,52,0,6,6,1,4,10,5,1,20,19,2,21,1,1,4,24,6,5,1,4,11,17,7,0,1,2,2,5,11,28,4,0,28,20,5,4,8,7,1,5,1,28,4,0,5,1,1,31,4,21,0,12,3,8,2,24,22,17,19,11,4,18,2,8,2,3,5,6,5,18,19,29,3,2,6,0,3,1,8,15,19,2,4,5,3,1,21,14,1,1,3,14,14,0,18,21,2,1,0,8,5,10,12,26
"1",16,6,3,5,25,1,26,18,9,4,0,28,23,8,10,3,8,1,13,14,1,28,25,20,1,0,9,7,43,1,3,3,8,14,17,3,29,21,4,18,4,6,2,24,12,10,2,3,19,2,15,2,2,10,1,5,1,22,4,5,1,18,1,0,1,3,19,27,30,24,1,30,5,6,3,4,1,19,9,25,7,4,7,0,13,18,2,5,0,15,1,9,8,10,40,0,6,7,20,17,21,4,10,1,1,24,3,2,8,1,0,26,20,7,0,2,2,6,3,4,0,3,11,3,6,16,5,4,7,6,3,0,9,10,1,18,1,25,0,29,0,4,5,8,5,0,34,3,10,10,10,5,2,26,3,29,3,1,2,4,10,4,9,12,1,1,3,12,2,6,1,6,3,3,0,30,15,1,21,0,2,0,1,0,38,41,1,4,21,7,7,2,1,4,27,14,3,2,18,5,3,5,2,1,11,1,1,2,30,10,29,8,3,3,35,1,1,3,2,4,7,2,0,13,21,1,19,4,3,6,20,3,3,1,1,11,20,12,2,2,0,1,4,4,31,6,0,6,12,8,3,15,7,4,7,0,35,6,0,2,2,1,32,11,27,5,7,1,7,0,23,28,18,20,8,1,17,1,6,1,11,5,6,7,20,16,31,0,1,5,0,0,1,6,16,19,4,8,5,7,0,21,21,4,2,2,19,9,1,20,19,0,2,1,12,8,16,15,18
"1",13,5,3,2,17,0,10,10,4,7,0,31,9,8,11,3,5,1,9,32,1,24,23,12,0,0,11,2,39,3,2,3,0,7,37,0,14,24,3,26,7,7,2,21,15,6,3,9,32,1,17,1,0,9,5,2,3,22,2,11,1,10,8,1,2,4,15,27,25,26,1,33,3,0,14,4,3,11,5,19,6,9,4,3,13,22,3,2,0,3,1,13,8,6,38,1,6,6,13,18,12,3,12,0,2,41,3,2,10,0,0,44,15,9,1,2,0,5,2,3,0,4,10,1,5,10,9,6,4,4,2,3,7,6,0,14,4,25,0,39,0,3,6,6,2,0,22,6,14,16,17,3,2,20,8,27,5,1,2,3,6,0,3,20,4,3,4,8,1,3,0,4,1,4,1,29,8,3,18,0,1,1,3,1,23,57,3,13,14,12,8,3,3,4,14,13,1,2,26,9,3,4,6,0,19,2,0,9,29,7,26,17,0,8,39,2,1,4,2,3,7,3,0,27,22,0,20,0,1,2,21,3,6,0,3,15,14,13,0,4,0,0,7,8,25,4,0,19,9,7,3,8,5,8,6,0,25,14,0,8,1,0,33,7,19,6,2,1,12,1,36,37,19,15,8,0,19,3,13,2,6,6,15,6,11,12,48,0,3,10,1,6,2,6,13,11,2,3,6,5,2,17,10,2,0,1,9,18,3,10,15,2,1,2,4,7,10,8,18
"1",14,3,3,1,18,0,16,14,17,3,3,27,14,4,10,4,3,0,11,23,1,39,11,12,3,1,16,10,48,2,2,7,1,13,19,0,22,37,6,8,3,6,3,19,18,5,1,13,33,1,11,1,0,10,2,5,5,22,1,9,1,13,5,1,1,4,19,23,26,22,3,35,1,1,10,2,1,11,5,18,7,6,10,1,6,16,1,5,1,6,5,7,6,7,34,0,7,1,17,17,9,5,5,2,2,27,1,0,10,4,1,38,22,2,1,3,2,14,2,1,1,6,14,1,2,18,7,11,10,10,2,2,1,11,0,10,3,29,0,26,1,0,4,8,3,1,20,5,10,10,11,5,2,26,9,27,7,4,3,4,6,1,4,13,4,4,0,13,4,3,0,3,0,5,0,19,17,1,21,0,0,0,2,2,25,76,4,10,13,3,8,2,6,3,30,27,0,1,22,8,1,4,3,3,16,5,1,2,22,11,33,12,3,0,39,2,2,7,2,3,12,7,2,19,32,1,15,4,4,3,19,5,2,1,4,12,20,10,1,1,1,1,6,8,15,6,0,20,13,10,2,8,2,4,10,1,35,7,1,10,1,3,37,6,8,2,7,2,11,2,25,22,20,18,10,3,22,3,14,0,4,6,9,5,21,27,33,0,2,14,1,5,2,3,17,17,5,5,4,8,4,22,11,3,1,1,14,28,0,24,19,0,0,0,13,6,15,8,14
"1",14,4,2,7,16,0,33,15,8,3,3,26,26,2,22,0,4,0,12,24,6,20,12,12,2,0,10,5,51,6,4,3,4,9,19,0,23,31,3,14,2,5,1,23,14,10,0,13,21,4,23,0,2,11,0,0,5,25,3,6,0,10,5,1,2,1,15,32,28,19,5,31,3,3,6,0,2,8,8,24,8,8,6,0,9,13,7,3,0,9,3,14,8,10,40,0,9,5,14,12,12,4,9,0,1,26,1,0,13,0,1,39,19,10,3,1,2,10,3,1,0,1,10,0,3,18,6,7,8,3,1,2,1,8,0,11,3,23,0,32,0,3,3,9,0,1,24,8,13,16,10,3,2,30,9,22,1,6,3,3,4,2,3,14,2,5,2,6,0,4,0,2,1,1,1,23,18,3,28,2,1,0,1,3,20,64,3,16,12,11,8,8,5,2,25,16,1,4,16,8,0,3,1,1,9,0,2,5,19,12,26,24,1,3,43,1,5,8,3,2,14,2,0,11,22,1,18,0,7,8,25,1,2,1,4,7,15,8,1,1,0,0,0,5,25,3,0,20,20,6,8,5,6,0,10,0,33,11,4,2,1,0,27,5,8,6,4,1,6,0,30,30,29,21,7,0,18,2,5,0,4,4,6,9,24,22,24,3,4,8,3,7,5,12,19,30,2,3,8,3,5,23,4,3,0,2,15,17,4,19,17,2,0,3,10,13,19,4,7
"1",19,5,4,4,21,1,21,14,2,8,0,31,18,5,20,0,3,0,9,18,3,31,24,9,1,1,7,6,43,3,2,6,3,8,23,5,28,38,2,13,4,6,0,30,14,9,3,5,31,2,18,5,2,9,4,3,3,22,7,8,1,14,1,0,1,6,18,17,21,20,0,37,0,0,10,0,3,11,13,24,6,3,13,1,6,16,2,6,2,13,1,18,17,9,57,1,8,3,10,17,13,7,9,3,3,21,2,2,13,1,1,32,21,7,1,2,2,8,0,2,2,2,16,3,2,9,4,13,7,9,6,2,3,14,0,19,2,22,0,23,0,1,3,18,0,3,30,6,7,14,9,2,0,30,3,21,1,1,2,4,7,2,1,11,1,8,3,4,3,3,1,5,1,2,1,22,32,7,20,1,1,0,4,2,28,47,8,11,16,14,11,3,3,7,11,15,1,1,18,7,1,1,9,0,14,5,0,9,24,9,24,16,2,4,47,1,3,15,6,7,9,3,2,19,27,1,13,5,8,11,15,6,7,1,4,8,24,5,0,2,0,0,3,6,23,0,0,21,7,12,5,10,5,5,4,0,27,9,4,4,1,1,47,2,14,5,8,4,4,0,33,35,20,14,8,4,21,8,9,1,7,12,8,9,35,20,34,4,3,4,1,7,3,10,13,29,5,7,4,1,3,23,10,0,0,1,15,27,4,23,12,2,1,5,14,10,9,8,17
"1",19,3,1,3,16,1,11,9,8,2,1,20,12,2,13,5,13,1,7,20,1,39,27,9,0,1,13,3,47,2,0,4,2,8,30,2,30,28,0,8,2,4,2,15,22,8,1,16,21,1,26,6,1,10,2,1,5,28,2,1,0,15,4,0,5,5,12,39,15,15,4,37,1,4,5,1,2,11,9,26,5,10,8,0,19,14,3,7,1,7,5,15,19,7,25,0,9,2,9,11,14,9,7,0,4,25,3,1,7,1,0,27,17,5,1,1,2,17,2,2,1,1,5,0,6,19,7,8,6,3,0,3,5,8,1,7,1,24,0,29,1,8,4,11,3,1,22,2,13,15,11,2,1,25,6,19,3,7,3,4,5,0,3,10,1,6,4,8,3,8,1,4,0,3,0,25,27,0,18,0,1,0,9,2,25,71,6,6,13,6,2,1,7,7,14,16,1,2,23,4,2,4,6,0,10,6,1,5,22,2,17,8,3,2,36,0,4,4,6,7,15,8,0,13,19,1,17,2,4,6,14,3,5,1,1,7,24,10,1,4,1,0,4,8,26,3,0,11,8,7,0,6,9,3,3,1,24,3,2,1,2,1,45,9,11,6,12,0,9,1,34,32,15,19,7,2,23,0,15,1,10,2,8,4,27,20,29,4,1,1,2,6,0,5,14,27,5,4,2,1,4,27,4,0,1,0,22,18,1,19,16,2,2,1,12,10,10,7,19
"1",16,4,2,3,14,0,15,22,3,2,4,28,15,6,9,3,6,1,17,27,6,26,25,21,1,2,14,8,51,6,0,6,1,8,16,0,29,26,2,17,4,5,12,19,13,6,2,6,29,3,23,5,2,9,1,2,3,13,3,13,0,13,2,0,2,5,22,36,21,24,1,51,1,4,5,0,1,15,12,14,3,10,13,0,10,12,3,2,0,6,4,11,21,10,58,2,9,6,18,12,13,6,6,3,2,28,1,0,5,2,0,28,29,3,2,1,1,13,2,1,0,2,13,0,4,19,6,10,7,1,3,1,1,14,2,17,0,27,1,22,2,1,1,10,1,1,19,6,15,11,11,2,0,30,10,22,5,5,1,2,16,1,6,15,2,3,5,5,4,4,0,5,0,1,1,31,26,2,6,1,0,0,4,0,25,80,5,12,14,7,5,3,7,4,23,22,0,2,10,2,2,1,6,1,9,3,0,2,13,11,28,20,9,2,40,0,3,8,4,2,8,8,1,22,21,3,22,1,6,14,17,4,6,1,1,10,18,8,1,3,0,0,1,10,20,7,1,18,18,11,6,8,9,7,3,1,33,11,1,2,5,0,35,2,19,3,8,1,4,0,17,24,29,18,18,7,25,1,12,2,6,7,7,4,31,16,30,2,2,12,3,7,0,6,9,13,7,3,9,3,4,23,12,1,2,0,11,25,3,17,21,0,2,2,11,15,18,14,13
"1",16,6,3,3,24,1,18,20,7,1,0,17,17,2,17,5,9,1,13,21,7,30,10,19,1,0,10,2,73,1,2,2,6,11,17,1,24,25,4,12,2,4,1,28,10,6,1,9,31,2,28,2,1,5,1,3,1,28,3,5,2,12,3,0,4,5,12,18,25,21,1,35,0,2,7,2,3,13,5,21,5,8,19,0,6,19,2,2,0,5,0,15,20,10,45,1,8,2,17,12,15,5,3,0,2,33,1,0,12,0,0,37,10,7,1,1,1,4,6,0,0,3,5,1,3,19,11,7,9,5,3,2,2,16,4,15,1,18,0,29,3,7,3,18,2,5,36,12,13,24,8,2,1,35,13,28,6,0,0,1,7,0,3,24,0,6,1,7,0,7,0,4,2,3,0,33,15,3,15,1,4,0,4,1,27,84,13,3,12,10,5,1,4,2,14,24,2,1,10,7,5,2,4,0,12,0,0,4,27,9,33,16,1,0,44,0,3,7,5,3,9,1,0,27,27,2,20,1,6,10,21,1,2,3,5,6,17,10,1,3,0,1,4,4,24,8,1,10,17,5,5,6,8,5,7,2,25,11,1,6,2,1,35,3,9,2,8,5,6,1,15,33,25,23,9,1,14,2,8,0,4,5,5,8,23,10,34,2,2,4,2,8,1,3,13,32,4,6,3,1,4,29,20,2,3,0,24,13,1,26,22,0,2,4,10,20,7,12,21
"1",16,3,3,1,28,2,20,20,12,0,0,27,19,1,12,5,4,0,12,27,3,31,16,12,1,1,7,7,41,2,1,4,3,8,21,0,21,26,3,17,2,6,4,28,11,4,3,5,22,1,21,0,2,5,6,2,0,12,0,3,1,16,6,1,1,5,19,28,22,16,1,29,3,1,8,1,1,8,3,21,7,5,8,2,12,22,1,3,1,5,2,13,12,11,32,1,9,2,13,9,3,1,10,1,1,33,1,1,18,3,0,24,24,8,2,1,1,12,2,0,0,4,11,0,5,8,7,3,9,6,2,1,4,4,1,4,3,23,2,27,1,3,5,20,2,1,14,6,12,14,11,2,3,34,5,36,4,2,2,3,9,1,3,9,5,2,5,5,3,9,0,4,0,1,0,30,17,4,9,2,1,0,0,7,24,61,7,8,15,8,6,4,6,1,15,7,1,3,10,4,1,1,10,1,9,3,1,4,22,11,27,8,3,1,46,0,5,7,5,2,5,3,0,21,31,1,22,0,7,5,18,6,2,2,3,5,24,9,4,5,2,1,1,10,21,4,0,10,10,5,1,6,7,8,7,1,25,13,0,6,1,1,37,3,10,3,7,2,9,1,33,29,12,18,18,4,15,0,9,2,7,7,6,12,19,17,37,1,1,6,1,4,1,3,30,21,7,2,2,1,6,30,9,3,2,0,9,15,0,19,26,0,2,3,12,6,10,4,15
"1",22,6,1,3,20,1,21,14,6,1,1,33,10,0,16,2,3,0,12,31,2,26,13,20,4,0,9,3,53,2,0,4,1,3,25,0,24,20,6,14,0,13,1,20,14,8,1,6,19,0,23,0,1,9,2,1,4,31,0,7,4,12,7,1,1,2,20,32,20,21,1,30,0,3,6,0,0,19,11,24,11,13,16,4,16,23,4,1,2,6,1,18,5,17,46,1,11,5,25,11,12,2,6,0,2,21,1,2,14,1,0,20,25,3,2,5,1,6,6,1,0,4,6,1,2,14,8,6,8,3,3,2,6,8,1,13,3,17,0,26,2,3,3,8,1,0,28,4,15,19,11,4,0,21,3,27,5,1,3,2,10,2,9,9,0,2,2,1,3,8,0,6,1,1,0,22,13,2,15,0,0,0,0,2,27,58,5,5,20,5,8,2,4,8,18,31,2,4,16,6,5,6,6,0,6,3,0,5,13,7,33,9,1,0,38,3,4,6,4,2,12,6,0,25,16,1,20,1,6,9,23,4,6,4,1,8,14,6,3,1,1,1,8,10,9,2,1,17,6,5,8,10,7,6,7,2,16,18,1,7,0,1,34,2,15,1,9,3,2,0,34,21,19,22,10,3,22,5,5,0,6,4,5,6,23,21,54,1,0,5,2,9,0,12,16,27,5,3,6,4,4,23,19,8,1,0,5,18,2,20,18,2,0,1,6,8,5,3,17
"1",19,4,1,2,20,1,13,21,5,0,0,26,23,8,13,2,4,1,9,35,3,26,17,14,1,1,6,3,28,3,1,5,5,4,24,1,30,38,2,5,2,6,1,26,18,4,2,5,31,4,27,0,1,9,2,0,1,19,3,13,3,16,2,2,2,7,19,16,41,23,1,37,2,2,4,1,1,13,7,16,5,7,13,1,7,21,3,4,1,7,3,21,10,5,36,2,7,5,20,16,10,4,4,2,2,22,3,1,15,6,0,30,24,8,3,1,1,8,4,0,3,5,7,2,3,20,6,9,11,2,3,0,3,9,1,18,0,30,0,22,0,5,2,20,4,2,21,3,6,19,8,1,4,21,5,44,1,7,2,5,10,0,15,15,0,5,2,9,3,5,0,3,0,2,0,30,24,4,16,0,1,0,8,0,26,60,5,5,12,14,0,1,4,1,15,31,0,1,12,4,0,7,4,0,4,1,0,2,14,13,29,17,1,1,37,3,6,3,6,3,13,2,0,23,26,3,20,2,9,8,23,9,4,3,1,7,15,7,0,1,0,2,5,4,20,5,0,16,8,9,4,13,5,2,2,1,24,7,1,11,3,0,27,3,17,0,14,2,11,2,31,33,18,18,10,0,21,4,10,1,9,4,11,6,25,17,47,3,4,6,1,6,3,3,13,24,3,3,2,2,5,35,11,0,0,2,15,13,1,16,17,3,0,4,5,11,14,10,20
"1",13,3,2,5,6,0,21,11,10,10,1,18,12,4,11,4,6,1,17,23,1,37,15,14,0,0,12,6,48,5,0,5,3,8,17,0,33,26,4,10,4,8,0,15,19,6,1,5,29,0,23,0,3,4,3,2,8,29,1,8,0,16,3,4,0,5,8,27,20,25,2,34,2,3,6,0,1,9,7,16,4,12,13,0,6,14,4,4,3,3,2,11,13,10,45,1,7,4,16,22,11,4,7,0,1,41,0,1,8,1,1,34,16,6,2,1,2,5,4,4,1,4,8,1,0,18,7,9,7,1,2,0,1,12,1,8,1,33,1,19,5,4,5,10,0,2,20,7,7,12,8,3,4,20,13,14,0,7,3,2,6,0,4,13,3,6,9,9,3,7,0,10,0,1,0,25,23,3,15,0,1,0,3,0,23,50,5,6,9,8,4,5,6,1,21,12,0,0,18,7,0,1,3,0,14,4,1,4,19,8,41,15,5,1,37,0,2,5,1,1,15,3,2,21,20,5,25,3,9,7,15,3,3,3,2,11,14,9,1,6,2,2,4,10,21,15,0,21,16,7,3,10,6,1,6,2,25,6,1,9,2,0,27,4,13,6,9,3,13,0,29,43,22,17,8,0,19,0,9,2,3,8,8,7,12,25,33,0,2,7,0,6,5,3,31,26,3,2,4,3,1,29,9,1,1,2,17,18,2,19,24,2,2,1,11,10,9,11,16
"1",13,9,1,5,23,1,26,14,11,7,1,29,14,4,11,5,5,0,9,26,1,27,14,23,5,1,1,5,57,3,2,2,2,9,19,0,21,25,5,20,2,6,2,26,25,7,2,12,36,3,17,4,2,5,3,3,5,20,2,6,0,13,4,3,1,3,19,22,33,19,2,30,0,2,10,3,2,11,15,18,2,8,8,1,8,13,1,1,2,7,1,19,17,8,44,0,2,3,15,14,21,4,12,1,4,31,2,0,16,3,1,25,20,8,2,3,0,6,5,0,1,3,9,0,7,11,3,4,8,5,3,0,3,14,0,10,2,16,0,42,2,1,8,7,3,0,24,12,15,11,8,0,4,34,8,15,1,7,2,3,11,0,3,23,1,2,1,9,1,3,0,5,0,9,0,29,27,2,17,1,0,0,2,3,27,69,6,5,20,8,5,3,8,3,11,14,1,0,26,5,1,3,5,0,7,1,0,7,14,11,28,6,2,1,33,1,3,3,2,0,12,7,1,21,27,0,24,1,7,8,25,4,2,1,2,15,16,5,0,3,1,1,4,9,20,4,0,28,9,3,4,12,15,2,7,1,24,11,1,1,3,0,47,5,11,4,10,2,8,1,24,35,22,29,11,5,11,1,8,3,7,10,7,5,30,31,36,2,0,9,0,3,2,5,14,20,3,1,3,0,3,25,14,2,2,1,10,18,1,20,22,0,0,1,7,2,8,3,12
"1",8,6,0,5,28,2,20,13,12,5,2,34,29,9,8,5,6,0,14,29,10,31,11,23,2,0,9,4,35,1,2,6,3,8,16,1,31,21,1,4,5,8,7,15,4,3,1,4,26,7,27,2,1,7,6,2,1,36,4,10,2,14,1,0,2,8,29,23,16,38,1,37,0,2,8,2,0,16,9,15,2,6,9,0,8,13,4,1,1,16,2,13,8,14,37,2,8,5,19,19,19,7,5,1,2,24,1,0,17,2,0,34,15,2,3,4,0,5,4,0,0,3,9,3,0,8,10,9,5,6,2,0,3,16,2,4,2,20,1,24,1,2,4,4,1,1,14,11,12,10,10,1,1,23,3,25,3,4,2,2,8,0,11,10,3,5,1,8,1,5,0,2,0,3,1,24,19,5,15,2,0,0,1,1,20,55,6,10,8,10,10,2,4,4,14,19,2,2,28,3,3,2,4,1,13,3,0,5,13,5,33,10,3,1,41,0,7,1,4,2,17,5,0,17,31,2,9,0,9,10,27,5,3,1,4,14,18,9,1,0,3,0,3,12,23,4,1,14,3,8,4,10,2,4,3,1,24,8,0,5,3,3,24,6,11,4,11,2,3,1,26,40,28,20,12,0,23,2,14,4,5,8,2,8,15,11,40,3,0,5,1,5,1,7,15,24,4,4,5,1,0,31,20,1,0,3,20,18,2,23,24,0,0,0,15,11,7,5,16
"1",22,0,0,3,17,0,25,12,10,5,1,17,12,1,8,1,1,1,11,26,6,23,14,10,2,0,6,5,47,2,1,6,1,8,15,1,21,16,2,32,0,13,2,17,14,5,1,9,24,3,18,2,3,3,1,3,1,24,3,10,2,8,6,0,2,3,14,31,36,38,1,35,2,3,8,1,4,11,5,17,5,6,13,1,7,18,2,5,3,9,1,10,13,6,32,4,9,10,11,14,9,1,8,6,4,16,2,0,14,2,0,23,18,5,2,1,0,5,2,0,0,0,3,1,3,13,2,6,7,5,1,2,4,8,0,10,1,25,1,19,3,3,10,9,2,0,16,5,11,6,8,2,4,28,5,11,3,7,2,6,7,0,10,17,1,5,1,13,2,13,0,6,2,0,2,28,17,4,9,0,0,0,3,5,28,59,4,8,15,12,1,10,6,5,14,18,0,1,17,7,1,3,3,1,13,1,0,4,12,7,24,9,1,2,45,1,3,5,5,0,9,4,0,14,14,1,26,4,4,8,19,10,2,2,1,15,13,3,0,3,3,1,5,5,17,12,0,16,16,8,5,13,3,5,4,0,29,14,0,3,0,2,34,7,21,5,4,3,6,0,34,48,19,16,13,1,22,5,9,0,5,2,8,5,24,10,37,2,2,2,0,1,0,5,16,29,6,2,4,4,0,31,11,4,2,4,21,18,1,29,10,1,0,3,12,5,16,4,22
"1",15,3,1,4,19,0,17,10,11,4,2,29,13,5,14,1,5,1,12,26,1,26,15,11,0,1,5,2,57,2,0,3,4,8,23,2,23,25,5,17,4,7,3,28,7,7,1,6,32,1,26,4,2,7,3,2,0,25,2,13,2,11,2,2,1,2,16,32,29,28,2,29,4,0,3,0,1,13,4,25,3,2,10,1,6,7,2,2,0,5,1,14,19,7,43,3,5,5,20,11,11,6,11,1,3,15,0,0,7,3,1,31,25,7,0,2,1,7,4,1,1,3,13,1,1,11,6,5,6,10,3,0,3,9,4,10,2,18,1,24,2,1,3,5,3,0,21,3,5,17,12,2,1,22,2,30,5,6,5,2,5,1,7,15,3,1,4,11,2,10,0,6,1,2,0,40,16,2,15,1,1,1,3,2,25,49,9,3,10,6,7,3,3,4,7,19,1,2,19,5,0,1,9,0,10,0,1,7,26,8,30,8,5,5,29,0,5,8,4,0,13,6,0,16,22,1,10,1,7,8,15,3,2,1,3,17,20,9,1,3,1,2,3,10,31,5,2,26,16,7,4,9,8,8,15,1,30,8,2,6,1,2,29,7,13,6,14,1,8,0,45,27,16,15,16,0,13,5,7,3,5,4,7,6,36,20,25,2,3,7,1,10,4,6,19,20,4,4,4,2,0,21,11,1,4,3,8,21,1,17,21,4,0,0,12,9,16,22,13
"1",23,5,2,7,14,2,17,16,9,5,1,41,9,5,12,3,4,0,17,26,5,33,11,14,2,1,7,5,50,3,1,9,1,8,16,4,26,19,0,13,2,6,3,18,16,7,6,1,36,1,24,4,4,10,3,4,2,44,1,3,0,17,4,0,0,3,15,25,26,23,0,35,2,0,8,2,2,13,11,15,8,5,5,0,14,19,1,5,2,10,0,15,10,5,38,1,13,6,10,21,11,3,7,0,1,22,1,2,14,0,0,32,24,5,3,1,2,4,3,0,0,3,10,1,1,19,9,6,7,3,4,2,3,13,4,10,2,33,4,17,2,2,2,14,1,4,18,11,10,19,7,5,3,21,9,18,2,2,3,3,7,1,6,14,1,5,0,5,2,10,0,8,0,3,0,29,27,2,23,0,0,0,4,1,22,51,6,5,14,8,0,4,8,3,17,27,1,0,16,9,0,2,6,1,6,0,0,2,21,5,33,11,4,4,44,1,4,8,4,5,6,3,0,10,18,1,19,1,4,13,25,5,3,2,1,9,9,7,1,2,1,1,6,8,25,2,1,11,15,5,5,10,7,5,10,2,25,13,1,10,0,0,39,6,16,5,8,2,8,0,23,21,7,16,14,0,24,2,9,2,6,12,4,4,12,12,51,4,2,6,1,6,4,4,15,18,1,1,10,1,1,23,16,1,2,2,8,15,1,17,14,0,1,2,7,9,9,15,14
"1",10,9,2,2,28,2,25,18,19,3,0,36,13,0,11,4,5,2,12,6,4,28,21,24,0,1,15,6,36,1,1,3,1,6,19,1,27,23,1,15,2,11,5,21,17,6,1,5,34,0,18,0,3,6,2,3,3,18,2,16,1,13,2,0,0,8,14,28,22,22,4,44,0,4,4,0,0,11,13,24,12,7,12,1,5,27,2,4,1,4,4,13,21,8,50,0,4,5,24,19,10,12,11,1,2,20,1,2,10,2,0,33,15,8,0,3,3,5,6,0,2,3,7,0,3,7,3,9,9,5,0,0,8,8,1,9,0,22,0,22,1,4,5,18,2,2,18,7,6,6,8,2,0,18,9,16,5,12,4,2,8,1,2,16,4,7,4,6,5,2,0,10,2,4,0,22,29,8,14,0,0,0,3,3,21,69,8,5,12,5,7,3,3,2,12,16,0,1,18,7,0,1,7,0,3,1,1,3,23,6,18,15,2,5,53,0,2,6,3,4,14,1,1,23,22,1,12,2,4,5,34,8,2,1,2,12,18,5,1,7,1,1,2,5,30,7,0,15,17,7,4,4,7,2,5,1,27,7,1,8,1,2,38,2,9,5,10,3,4,2,46,41,17,21,21,1,11,2,10,1,5,5,2,11,29,19,27,2,6,4,2,6,1,4,20,30,5,0,6,2,3,21,14,1,0,2,15,14,1,19,10,0,0,1,9,14,11,6,18
"1",30,3,2,1,24,1,11,15,7,0,0,22,19,4,11,2,5,0,10,16,3,23,12,14,1,1,3,1,50,3,1,6,1,6,19,1,26,27,1,12,2,1,4,28,14,5,2,8,19,0,18,1,1,8,6,1,1,24,3,8,3,11,4,1,2,6,14,23,23,22,1,30,4,4,5,1,2,15,8,13,12,7,14,4,9,23,4,5,0,12,3,11,5,11,25,0,9,6,24,13,9,5,4,0,0,34,6,0,10,6,0,28,23,4,1,3,0,5,1,1,1,6,11,1,1,15,8,13,4,7,2,1,2,5,6,8,2,22,1,19,1,3,3,10,0,1,16,4,14,14,10,1,1,24,3,21,3,4,4,3,12,1,12,9,4,3,2,12,8,5,0,7,0,0,1,32,17,6,15,2,0,1,2,2,28,70,9,5,14,13,7,4,4,3,17,20,1,0,16,11,2,6,4,0,6,1,2,5,13,5,44,15,6,2,48,0,4,4,9,2,7,3,0,20,17,0,10,6,7,1,23,1,5,2,2,9,18,7,0,0,1,1,7,3,13,4,0,19,4,6,0,4,6,5,7,0,24,9,3,3,0,1,37,7,10,3,8,2,5,0,26,40,14,21,5,4,17,8,10,1,9,7,7,2,26,17,49,3,1,5,3,8,3,12,16,26,1,6,7,0,4,29,7,1,1,0,11,13,1,15,14,1,0,2,5,5,16,8,11
"1",13,7,1,2,24,1,14,18,7,1,0,28,19,5,10,2,9,0,13,22,1,35,13,21,1,1,8,9,40,4,1,6,3,14,17,0,18,32,5,10,3,3,2,29,10,7,3,8,25,2,10,3,0,7,1,2,1,19,0,13,1,11,4,1,1,7,16,16,32,30,1,38,4,6,3,1,2,14,4,14,1,7,6,0,5,18,1,1,1,11,1,15,10,5,48,1,8,5,19,18,9,5,3,2,1,24,0,2,13,1,0,25,20,4,1,1,2,3,1,4,0,1,11,0,2,15,7,5,6,8,0,2,3,12,0,7,0,22,1,15,1,5,4,13,2,0,22,7,12,19,6,4,4,22,8,29,4,5,5,5,6,0,2,7,3,1,2,2,5,5,0,3,1,2,1,26,12,5,12,1,2,1,3,1,41,66,3,13,14,10,5,1,1,7,18,26,0,1,19,10,1,1,4,1,15,1,0,6,23,6,33,14,3,4,43,6,0,8,7,5,6,10,0,12,28,1,13,4,6,6,24,3,5,1,1,13,24,9,0,1,3,2,4,10,17,11,0,13,13,3,2,7,4,5,7,0,20,7,2,6,3,0,23,7,12,7,7,2,11,1,34,38,25,20,17,2,8,5,7,1,7,7,4,11,22,20,35,4,1,7,1,4,3,8,17,23,4,6,1,2,1,21,13,0,0,0,9,23,0,14,19,2,0,2,9,6,14,17,22
"1",14,7,1,4,28,3,16,20,3,1,1,23,18,5,11,5,4,1,10,18,4,22,23,18,2,2,9,2,44,3,1,6,3,6,22,0,26,35,3,23,3,2,2,11,15,4,1,3,43,1,18,1,1,7,4,0,2,29,2,8,5,11,2,0,0,4,18,22,22,25,2,34,4,1,1,0,2,15,8,13,6,11,14,3,15,13,1,4,1,5,2,14,11,8,53,0,10,0,10,22,8,3,7,1,9,21,1,0,23,0,0,27,9,2,0,1,0,13,2,0,0,3,13,0,2,22,10,3,12,2,0,1,1,16,0,10,0,18,1,25,0,5,8,5,2,0,28,5,8,9,12,2,0,22,10,23,5,6,3,5,13,0,8,8,2,3,2,8,5,7,1,7,0,5,0,24,24,2,20,2,0,0,2,2,25,65,6,10,15,7,2,6,2,4,20,21,2,3,26,7,3,8,5,0,5,1,0,3,10,10,29,15,1,3,27,0,4,3,6,6,6,6,2,18,21,0,15,4,5,12,32,2,5,5,1,16,15,5,1,5,1,0,3,3,42,5,0,17,12,5,6,5,8,7,8,0,32,14,2,2,6,0,31,7,20,3,12,4,8,0,32,36,16,21,6,1,15,4,7,3,5,2,10,6,18,11,44,2,1,7,4,10,1,9,15,20,3,4,5,3,1,21,7,1,0,0,7,16,1,16,21,2,1,1,7,6,8,6,11
"1",9,6,2,5,16,0,10,15,8,2,1,28,19,3,18,1,12,1,17,35,5,23,13,20,0,1,13,6,38,8,2,7,2,6,20,0,26,26,2,23,0,2,2,21,8,8,2,14,24,2,30,1,3,14,2,3,2,23,5,10,1,13,3,1,1,6,7,27,18,25,4,29,1,1,6,0,1,12,8,14,6,5,6,1,8,22,0,2,1,7,4,7,6,2,48,3,8,6,11,8,10,4,10,0,2,27,0,0,11,3,0,26,15,9,2,2,3,2,4,0,1,9,15,0,2,18,3,2,11,6,4,2,1,6,0,16,6,20,0,28,1,4,5,11,3,1,28,8,7,6,4,2,2,29,3,31,6,10,4,2,10,0,8,5,1,2,4,10,7,4,1,2,1,3,0,25,24,1,17,0,1,0,3,0,32,46,7,8,13,14,1,2,4,4,12,20,1,1,18,7,0,1,5,1,8,7,0,4,21,7,24,11,1,3,34,2,2,12,2,3,5,4,1,21,29,0,17,4,3,4,18,3,1,2,2,8,12,11,1,5,3,0,5,6,24,3,1,20,10,5,1,7,8,4,9,0,18,4,1,5,2,2,37,4,15,4,11,6,10,1,32,28,19,16,7,1,17,2,11,1,3,7,6,1,23,18,48,0,5,7,0,10,2,5,12,21,2,3,6,3,0,22,15,1,3,1,4,18,0,29,24,2,0,1,14,2,14,10,11
"1",24,3,3,5,20,1,19,13,7,1,1,35,33,2,10,0,6,1,6,22,1,25,23,13,0,0,12,5,40,4,0,5,1,11,20,2,23,14,1,13,5,1,0,14,15,5,1,3,33,1,31,0,0,7,6,4,0,20,6,5,1,13,2,2,2,5,19,33,24,29,5,36,1,3,7,0,0,18,7,20,8,7,9,1,12,21,2,2,2,7,3,14,17,10,39,0,6,4,17,12,4,1,18,0,4,29,0,1,10,2,1,30,17,6,1,1,0,2,2,0,0,2,12,0,1,24,10,6,5,5,7,3,2,11,0,11,1,29,0,33,4,0,7,15,5,0,14,7,8,16,11,1,1,20,5,27,1,5,3,1,10,4,19,18,1,1,2,9,1,2,0,8,0,6,1,24,24,0,27,1,0,1,5,1,22,51,10,3,19,6,3,4,6,5,6,7,2,1,20,10,5,4,10,1,11,3,1,3,16,3,35,13,0,2,34,0,2,6,1,0,8,2,1,21,27,2,23,3,2,7,22,4,2,0,1,10,12,8,2,2,4,2,6,11,18,1,0,14,11,5,3,13,1,5,12,1,36,7,2,5,2,2,32,5,21,0,6,5,11,0,25,24,17,16,14,2,18,3,8,3,1,7,9,10,30,20,34,0,1,5,1,4,2,10,11,25,0,6,6,1,2,24,10,0,4,1,12,16,1,27,14,0,0,1,6,5,7,6,14
"1",11,2,2,4,26,2,21,12,7,1,0,20,14,5,15,3,1,1,10,22,2,26,24,15,1,0,8,9,37,7,1,6,4,6,17,2,10,16,3,17,3,1,2,25,9,5,0,11,34,2,31,1,0,10,0,4,3,39,2,6,7,10,2,2,1,2,18,32,33,20,0,29,2,4,9,2,1,9,6,14,2,2,10,0,9,15,3,4,2,11,4,24,17,8,42,0,7,3,25,12,11,6,6,2,0,29,2,1,9,1,0,42,31,8,0,3,1,13,5,1,0,2,8,0,4,14,8,3,6,2,3,0,7,6,0,5,1,22,0,21,0,4,4,13,2,1,21,8,22,14,19,1,1,23,2,29,4,2,1,6,7,0,8,7,0,2,1,11,6,3,0,4,2,0,0,27,15,3,20,2,1,1,3,0,36,69,3,14,22,9,4,4,12,2,22,22,0,0,18,7,0,3,3,1,6,6,0,4,26,6,21,12,0,1,54,0,4,6,5,6,13,3,0,16,17,1,19,2,6,7,31,0,5,5,6,13,18,8,0,2,3,1,7,9,21,0,1,17,13,7,4,11,3,7,5,2,20,10,2,5,1,0,28,4,11,0,5,5,9,0,22,37,21,19,12,0,9,4,16,1,10,7,10,5,24,25,43,1,4,6,2,5,2,9,12,14,0,4,1,4,3,17,12,0,1,3,11,10,1,17,9,2,0,0,7,15,15,8,16
"1",15,12,3,5,23,1,17,7,5,4,2,33,20,6,14,2,7,0,12,36,2,24,13,13,4,1,9,1,55,3,1,4,6,5,29,1,21,31,1,8,2,2,4,18,24,5,4,5,24,1,22,0,2,10,2,4,3,26,1,7,1,9,4,0,1,5,17,31,14,21,1,25,0,4,8,2,2,21,14,14,4,7,7,0,12,10,2,4,3,10,4,9,10,11,47,0,10,3,10,21,15,6,10,1,0,26,2,0,16,3,0,34,26,4,2,1,4,9,4,1,0,8,14,0,1,16,3,16,8,7,1,2,4,15,2,10,3,21,1,19,7,3,1,11,1,1,26,9,14,13,9,1,3,26,13,19,7,7,3,5,12,1,7,8,2,4,4,8,2,5,0,9,2,10,1,32,24,1,23,2,0,0,4,1,30,67,3,2,14,3,3,5,3,2,17,17,1,0,19,3,1,5,2,0,14,0,1,6,23,12,27,15,0,4,39,1,3,7,1,2,5,4,0,20,29,1,25,3,6,14,33,2,1,4,0,11,17,10,2,5,0,3,3,7,15,2,0,22,6,6,4,10,1,5,7,0,37,5,2,2,1,2,29,3,16,2,7,4,12,2,34,22,21,9,20,2,17,0,11,0,1,2,7,12,21,16,38,0,2,4,3,8,3,5,18,21,3,5,4,4,2,26,14,5,1,1,13,13,1,19,17,2,0,1,7,9,10,9,13
"1",17,4,2,8,11,1,16,16,3,1,0,15,15,6,13,1,4,0,12,38,3,31,18,16,2,0,9,6,51,4,1,4,1,3,24,4,21,29,5,12,3,2,0,15,16,8,2,4,32,2,17,2,2,12,4,0,0,28,2,6,1,21,2,1,1,2,20,25,25,26,2,24,2,7,4,0,2,14,5,13,9,3,9,0,7,22,1,1,2,8,4,22,5,10,43,0,7,0,14,5,12,7,7,2,2,29,1,1,19,0,1,26,21,7,6,2,0,7,4,1,0,5,12,1,0,22,5,8,8,4,2,0,3,8,3,12,4,39,0,28,3,2,4,14,3,0,13,5,6,24,19,1,1,22,1,27,4,4,2,7,6,1,7,11,4,2,1,2,10,5,0,8,2,1,1,23,22,1,18,0,1,1,1,3,30,56,1,6,19,13,6,2,9,3,15,21,4,4,24,0,1,2,4,0,10,1,0,1,17,8,24,13,1,3,40,0,4,9,4,2,10,6,0,18,25,2,10,1,4,9,31,8,2,2,3,5,17,11,0,5,3,0,6,8,22,2,2,13,12,5,4,4,3,5,5,0,30,9,2,7,1,0,36,3,18,2,10,7,10,1,31,19,25,16,14,5,22,5,3,1,5,4,7,3,29,10,41,0,0,4,4,4,3,6,17,32,6,2,3,5,3,25,18,0,0,3,15,24,0,22,11,0,0,0,7,2,15,13,16
"1",27,4,3,5,21,1,6,15,12,9,1,12,24,8,18,3,2,1,13,38,5,25,16,10,4,4,11,2,66,7,1,8,0,7,17,1,25,25,1,8,2,2,6,15,11,4,1,8,26,0,24,0,0,8,2,2,1,20,4,9,2,7,5,1,0,5,11,27,21,22,1,31,3,2,5,1,1,8,9,19,7,4,12,0,9,14,3,0,0,13,1,18,5,15,37,0,10,3,11,12,9,2,8,0,1,27,1,0,12,1,0,31,26,9,1,3,0,7,3,3,0,3,7,0,1,12,6,8,9,11,5,1,2,4,4,15,1,12,1,13,1,0,3,15,2,1,27,10,9,15,6,1,3,23,5,26,3,4,2,7,9,2,7,6,0,3,4,5,6,9,0,1,3,3,0,21,16,3,19,1,1,1,1,4,33,67,4,6,14,10,7,3,7,2,11,16,0,5,16,5,1,4,3,0,15,2,1,6,24,10,22,14,1,4,32,0,2,12,4,7,5,5,2,12,10,1,6,6,5,8,18,4,4,1,1,12,21,5,2,5,1,0,4,5,16,2,0,13,16,8,4,8,8,4,1,2,16,6,1,5,3,0,27,2,18,2,9,1,6,0,30,23,29,19,13,1,17,3,7,2,7,4,7,4,15,20,42,5,8,5,1,8,0,3,12,14,3,2,6,2,1,32,11,2,2,3,9,25,0,18,11,0,1,1,3,7,11,7,20
"1",16,5,3,3,25,0,15,21,3,1,3,28,8,7,10,2,4,1,12,18,3,26,19,10,2,0,6,8,50,8,2,6,2,8,21,1,26,29,1,18,1,1,2,27,14,1,1,9,39,2,17,2,4,4,0,1,3,17,1,5,1,14,5,0,2,6,8,25,22,21,1,31,3,7,10,1,2,10,9,22,10,4,6,1,11,15,4,4,1,3,1,16,6,7,45,1,7,3,25,19,14,3,10,2,1,21,2,1,11,2,0,31,22,3,1,4,3,6,5,1,0,2,12,1,1,12,4,9,10,7,3,0,1,12,4,10,2,15,0,19,1,2,2,14,1,0,25,8,17,11,6,1,9,32,1,15,6,10,1,3,8,0,4,8,1,6,3,6,7,3,1,6,2,0,2,25,17,3,14,3,0,1,0,0,22,54,3,3,19,6,8,3,4,4,19,14,1,1,24,6,1,2,8,1,11,0,0,4,14,7,20,12,4,3,25,1,6,7,1,4,7,3,1,18,30,2,7,0,8,4,20,4,3,0,1,12,21,9,0,2,1,2,6,3,17,5,0,20,15,3,3,12,10,7,7,2,26,17,1,6,1,1,44,8,14,7,2,7,7,0,23,41,12,16,9,0,17,2,11,2,13,9,5,1,24,8,46,3,10,1,1,3,2,9,12,26,0,12,2,4,6,23,12,1,2,1,14,13,2,24,19,2,0,3,6,7,15,3,18
"1",14,6,0,8,13,0,24,22,4,3,0,31,16,2,18,0,6,1,14,26,3,31,14,15,1,0,7,2,41,3,1,7,7,10,13,0,22,25,3,18,3,1,5,15,12,11,2,9,32,2,24,2,0,5,1,3,0,23,1,8,0,14,1,1,3,4,23,27,23,27,1,31,0,1,9,2,3,11,12,15,11,12,15,0,11,17,0,2,1,15,0,21,14,11,37,0,3,8,19,15,10,4,11,2,5,41,0,0,12,1,0,25,19,9,2,3,0,3,1,1,1,5,8,4,1,5,9,12,4,6,1,0,4,12,1,11,0,17,0,19,0,3,2,13,2,0,18,9,8,8,13,3,1,33,1,20,8,4,2,3,7,3,9,21,1,7,4,6,5,3,1,6,0,0,0,33,15,1,18,0,0,2,1,0,18,69,0,4,11,13,5,8,7,1,21,16,0,0,20,4,1,1,6,0,19,6,0,4,26,7,28,9,3,4,37,1,1,1,2,0,8,5,1,20,25,0,16,2,4,4,19,5,2,3,0,11,19,5,0,0,3,1,5,4,20,2,1,29,4,7,5,15,3,1,5,2,19,10,1,2,1,0,35,5,20,3,7,2,1,0,37,17,21,18,12,0,13,1,10,6,5,6,8,9,26,14,23,0,10,9,3,5,2,11,18,11,1,6,3,5,1,28,10,5,1,0,16,14,3,15,20,2,0,2,2,4,14,7,13
"1",18,2,3,10,16,0,24,16,13,2,2,34,19,1,10,1,6,0,19,19,1,32,16,23,1,0,11,4,63,2,5,5,2,10,20,6,23,32,4,14,3,2,3,25,16,6,1,11,26,5,27,4,4,8,0,3,1,22,4,10,2,11,8,0,3,7,34,20,30,30,2,28,0,1,3,0,5,9,7,25,8,3,7,2,4,17,1,2,2,4,0,36,10,9,46,0,12,4,14,17,8,3,8,0,4,29,0,2,12,1,1,21,23,7,4,1,1,14,4,2,2,1,14,0,3,10,4,7,5,4,2,1,2,9,0,7,3,27,0,21,0,1,9,12,1,2,22,4,9,14,3,1,1,37,0,16,2,3,5,1,5,2,8,9,0,11,1,2,7,7,0,9,1,1,2,31,21,1,16,0,2,2,5,1,21,57,1,6,16,9,3,1,9,1,11,22,0,0,22,2,0,1,2,0,10,8,0,9,16,7,39,4,5,2,35,2,4,10,3,6,9,1,1,21,29,0,20,0,10,10,18,2,5,5,0,11,10,7,2,2,3,1,3,8,25,8,0,22,13,8,2,5,5,1,7,1,21,12,4,2,1,3,37,1,13,0,4,5,6,1,31,34,25,21,6,0,16,1,6,3,1,4,6,6,21,13,38,0,5,2,1,4,0,5,14,21,2,6,3,1,6,15,7,5,0,1,8,29,1,14,26,2,0,1,7,12,11,5,15
"1",12,6,1,5,25,0,18,21,9,2,3,14,21,0,6,0,3,0,19,26,2,25,14,13,0,0,7,5,45,2,2,3,1,5,22,4,20,27,4,8,7,6,1,28,17,6,5,2,25,3,24,2,1,7,1,1,1,24,2,6,0,9,4,0,1,4,18,24,22,43,2,29,3,4,2,0,1,10,6,23,8,10,15,0,5,27,1,5,0,7,5,11,11,6,44,0,3,9,15,13,11,2,4,2,1,29,1,1,12,2,0,25,19,6,5,1,0,5,1,2,4,2,7,0,4,16,5,8,14,4,6,2,0,13,1,12,0,15,2,27,1,4,4,9,0,3,22,3,11,8,5,1,1,29,3,28,3,3,2,3,10,3,2,18,0,5,6,4,4,8,0,3,0,9,1,17,18,1,14,0,1,0,4,0,30,56,1,10,15,6,3,1,7,3,13,20,1,0,18,6,5,3,3,0,9,2,0,6,22,8,28,13,4,4,32,0,4,7,0,1,8,4,2,16,18,0,9,0,4,6,23,4,3,1,1,8,24,3,1,2,3,1,4,12,29,9,0,21,13,6,7,7,9,5,4,1,37,10,2,4,0,0,25,6,15,0,4,4,11,0,28,37,17,16,17,3,20,3,5,1,10,4,15,8,25,16,42,3,4,5,0,5,2,6,12,25,1,4,7,2,5,31,11,2,1,3,16,19,1,26,16,1,1,0,9,6,10,10,17
"1",10,3,3,4,32,1,23,15,5,5,2,20,15,3,9,1,3,0,9,25,7,34,17,17,1,1,7,4,40,6,4,4,2,8,21,4,31,30,5,17,2,3,3,26,17,10,0,10,21,1,20,2,0,6,3,3,1,23,8,8,2,21,3,3,2,4,13,20,19,24,1,37,1,2,10,0,5,9,6,24,6,2,5,1,8,16,0,4,2,10,0,14,21,8,23,2,7,10,16,8,14,1,5,1,2,33,1,6,12,2,0,21,23,10,0,1,0,7,4,2,0,2,8,0,4,30,5,8,8,5,2,1,4,8,1,13,0,23,4,20,1,2,3,17,2,0,15,5,15,8,16,4,2,18,5,26,1,8,2,1,11,0,10,6,3,2,6,16,4,1,0,7,1,2,0,35,13,8,20,3,2,1,2,4,27,62,4,5,18,5,7,6,6,4,8,17,1,2,21,1,3,9,4,0,6,3,0,4,15,7,30,7,3,3,63,1,4,7,3,0,13,4,3,20,14,6,20,2,11,9,22,2,2,3,0,10,16,6,0,3,2,1,7,4,14,9,2,17,13,4,2,6,8,5,5,0,16,14,2,12,1,2,34,5,15,6,13,1,11,0,18,24,18,21,10,1,18,3,3,5,5,6,5,6,31,25,38,5,1,3,1,10,2,7,17,21,4,5,4,1,1,14,8,2,1,3,13,13,0,17,31,1,0,2,9,7,6,8,15
"1",21,5,1,3,21,0,13,15,5,3,0,29,17,4,7,0,3,1,21,25,2,31,17,16,2,3,14,3,59,2,0,3,3,11,25,2,16,30,3,18,0,6,7,21,16,4,2,11,25,6,17,0,2,0,2,1,1,30,7,5,0,10,0,1,0,5,22,25,15,36,1,30,0,0,3,1,1,8,14,11,6,6,11,2,10,21,5,2,1,10,0,15,15,6,33,1,10,8,17,8,14,2,3,0,2,35,3,2,9,3,3,33,18,7,1,1,5,5,8,1,1,5,14,0,1,18,4,8,4,2,1,0,0,13,2,18,4,17,1,24,1,6,8,7,3,3,27,3,4,9,9,2,2,29,10,27,5,9,2,2,9,1,1,20,2,3,5,5,10,7,0,6,0,2,1,25,31,3,14,0,1,1,2,3,20,63,3,4,16,4,10,3,5,2,17,11,0,5,18,6,2,6,6,0,3,3,2,3,31,5,18,14,1,1,35,1,3,8,2,3,13,3,0,16,9,2,15,4,9,3,23,2,1,1,2,15,20,6,0,2,0,1,5,5,20,5,0,17,9,3,4,3,6,9,10,0,40,9,2,12,2,0,29,5,12,2,4,3,5,0,19,34,24,13,19,1,22,6,6,2,9,8,7,10,29,18,35,4,0,7,1,6,0,10,14,28,3,3,6,2,6,25,3,1,2,0,9,18,0,25,20,2,0,0,8,10,12,9,13
"1",15,8,1,4,21,1,15,12,5,8,1,20,13,8,23,2,2,0,7,29,1,16,19,11,1,2,12,7,46,4,4,4,3,5,23,1,24,31,8,10,12,3,1,23,10,1,1,8,20,1,16,1,1,8,3,5,2,23,4,13,3,9,2,0,0,11,11,25,23,17,2,35,0,1,2,2,3,21,7,11,5,3,10,2,8,11,3,9,1,5,1,15,9,3,37,0,8,4,18,12,11,2,5,1,4,31,2,0,6,1,0,24,11,10,0,1,0,14,2,3,1,2,7,0,1,17,3,7,3,4,0,3,0,11,0,12,0,21,0,20,1,3,4,15,2,1,19,6,13,15,10,4,0,32,8,33,8,8,2,3,5,4,3,4,2,4,5,11,7,9,0,3,2,3,0,21,27,0,18,1,0,0,5,1,24,60,5,5,20,10,4,8,6,3,17,17,1,2,12,7,6,3,4,0,14,2,0,4,19,5,28,9,4,1,41,1,1,6,4,3,7,4,3,14,19,3,25,1,9,10,18,3,1,1,2,19,14,2,1,2,0,0,6,11,20,9,0,21,9,4,5,7,2,3,10,0,17,9,5,5,2,0,29,1,19,2,7,3,8,0,27,30,10,15,24,2,15,4,6,2,3,8,3,12,36,14,32,9,4,4,2,4,0,7,15,28,2,3,3,3,0,30,16,1,2,3,13,17,2,20,12,2,2,3,8,5,20,11,12
"1",6,9,4,8,20,1,19,15,6,7,0,23,22,7,8,1,2,0,13,18,2,22,19,12,0,1,6,7,66,5,0,7,2,3,18,1,21,26,5,17,4,0,3,25,22,8,1,2,26,0,20,5,3,6,1,1,1,18,2,11,3,12,1,1,2,5,13,31,26,29,3,30,1,2,2,1,3,16,5,16,7,6,6,0,8,26,0,1,1,9,4,17,9,7,40,1,8,2,9,17,13,4,7,1,1,30,1,0,12,1,0,22,23,5,3,5,1,5,2,2,0,1,8,4,0,22,1,5,5,3,0,0,3,23,3,10,0,20,1,31,2,1,3,7,1,4,21,8,10,12,7,5,2,28,7,34,3,3,4,1,10,0,9,16,2,4,3,9,8,3,0,3,1,4,1,22,16,1,18,1,0,1,5,2,26,63,1,8,21,16,8,1,3,2,13,17,1,2,25,4,0,1,8,3,10,5,1,4,23,2,32,18,2,2,39,0,4,3,0,5,10,3,4,22,18,2,16,5,2,5,14,7,2,6,0,11,15,5,0,9,1,1,7,7,21,7,0,22,8,3,2,9,4,2,9,0,23,9,1,9,6,1,32,9,17,4,9,0,7,1,31,24,15,19,12,2,22,6,17,3,10,7,9,2,28,22,32,5,1,7,4,3,4,6,14,24,4,2,6,4,5,31,6,1,1,2,12,17,0,21,19,0,0,0,8,13,12,4,11
"1",11,11,1,3,27,0,21,24,3,4,1,26,13,2,10,2,3,0,8,26,3,24,16,9,0,0,8,4,46,5,1,6,1,6,25,0,31,19,4,14,1,6,0,15,11,9,1,6,37,2,13,3,4,11,2,1,4,28,2,11,2,15,3,0,1,4,26,23,25,29,1,36,0,2,6,2,1,11,6,21,8,4,12,0,9,11,3,3,3,6,2,11,15,12,40,3,6,4,24,18,6,6,13,1,2,31,3,0,7,2,1,39,19,4,2,3,0,8,5,0,2,1,14,2,2,13,13,9,5,3,3,1,2,16,0,14,0,19,3,19,1,4,2,7,2,2,17,5,11,19,7,2,1,21,5,21,5,3,3,1,17,1,9,5,1,3,2,3,5,2,1,15,0,3,1,15,24,2,14,1,0,1,6,2,25,67,3,2,17,10,3,3,6,1,8,28,2,0,22,4,2,4,3,0,14,1,1,3,18,12,23,16,4,1,40,0,4,8,1,2,7,2,2,18,10,6,15,11,5,6,21,3,3,3,1,12,20,7,3,5,0,0,2,6,23,7,1,15,6,4,8,8,5,0,9,1,20,13,2,4,1,2,32,2,21,6,8,2,14,1,18,34,15,21,9,2,22,4,10,4,5,8,11,10,28,14,30,0,1,6,1,5,2,4,14,37,5,3,4,1,2,25,6,2,0,2,20,16,1,9,11,2,0,1,5,10,5,7,15
"1",8,5,2,8,27,1,13,24,10,4,1,24,8,4,15,5,8,0,9,36,3,33,19,19,4,0,12,4,48,1,1,15,0,3,14,2,23,13,5,12,8,11,4,23,16,4,1,4,23,6,27,1,3,9,2,2,2,25,2,3,1,10,5,0,5,5,21,24,24,39,0,36,3,4,7,0,8,21,7,18,9,13,12,0,5,26,3,5,4,16,2,11,10,12,36,0,9,3,20,14,14,5,5,2,3,21,0,0,16,0,0,24,7,9,0,0,0,11,4,1,0,4,8,0,1,16,9,8,8,3,1,2,3,18,1,9,2,26,1,23,2,3,4,5,1,2,25,5,13,12,11,4,0,22,3,33,7,3,2,2,3,2,5,8,1,4,2,15,4,2,0,5,0,2,0,26,13,4,16,1,1,0,1,0,21,58,5,5,17,5,1,0,2,6,13,14,1,1,20,9,1,4,2,0,8,3,0,2,26,4,32,22,3,2,44,1,2,6,3,4,4,0,0,15,11,2,24,8,9,13,25,5,2,2,2,15,24,8,0,2,0,2,8,8,22,7,1,19,20,8,4,18,9,2,2,2,28,9,3,2,1,0,34,6,12,1,5,4,6,1,21,31,22,19,5,2,13,3,13,2,8,8,6,6,37,21,37,1,1,5,4,2,2,4,21,28,5,4,1,0,3,18,19,2,1,1,4,24,1,21,15,1,1,2,18,11,11,7,15
"1",16,2,3,5,22,2,19,21,5,4,0,26,15,2,18,0,6,0,21,32,4,16,15,13,1,0,9,1,47,4,2,4,3,3,19,0,21,38,6,15,1,7,4,20,26,3,0,7,27,0,12,4,1,4,3,3,0,31,2,10,1,19,1,1,1,3,18,24,12,20,1,30,0,1,5,0,0,11,12,15,14,6,6,1,7,16,4,3,2,10,3,14,4,10,40,1,6,5,13,11,11,2,8,5,1,23,2,0,18,0,0,30,12,5,2,1,0,6,2,0,0,1,12,0,1,13,7,7,12,7,1,1,2,13,0,14,0,18,0,26,2,4,6,6,2,3,28,7,12,17,14,0,2,15,7,27,2,4,2,3,6,1,6,17,1,0,5,12,2,7,0,2,1,2,0,38,16,4,31,1,1,0,7,0,26,60,5,3,21,10,6,2,5,2,10,13,0,2,17,7,4,9,11,1,13,3,3,4,23,2,37,15,1,2,39,0,2,11,2,4,6,1,2,15,29,0,26,4,7,9,19,1,3,0,4,13,17,10,1,6,1,1,13,6,26,3,1,22,9,9,2,6,5,7,5,1,28,6,2,5,4,1,35,0,22,4,8,3,5,0,31,31,21,13,6,3,18,8,7,2,9,9,9,11,27,23,28,3,4,5,4,4,5,9,17,20,2,3,6,1,2,24,14,0,1,3,25,22,0,26,15,4,1,2,4,2,16,9,11
"1",7,4,1,6,22,0,23,21,3,3,1,26,13,10,6,4,4,0,6,29,5,25,13,15,2,3,8,5,38,3,0,7,5,10,25,0,15,23,0,15,2,13,0,19,21,5,1,7,27,2,25,0,2,5,2,2,1,29,4,12,1,16,0,1,1,8,20,29,18,21,0,31,2,4,9,0,1,11,7,16,7,12,14,0,12,24,1,2,2,9,1,9,7,12,45,0,7,3,24,9,12,6,4,1,4,22,2,1,9,0,0,25,20,4,2,0,2,9,3,0,0,7,8,0,6,21,10,4,6,7,5,1,4,11,1,8,1,25,0,22,4,7,6,4,5,1,27,10,8,12,7,3,0,23,7,17,0,7,5,4,14,1,5,11,2,3,1,6,2,2,1,6,0,2,0,23,24,1,21,1,0,0,2,0,19,57,2,5,17,15,7,3,3,3,9,21,0,4,16,6,1,0,8,0,9,2,0,5,22,7,25,13,1,0,37,1,3,6,6,4,14,0,0,24,18,0,12,2,5,4,20,2,4,2,1,15,19,5,0,2,3,0,4,4,25,5,0,19,14,8,1,8,9,5,7,1,25,8,1,10,0,0,29,5,9,0,4,1,8,0,22,29,21,23,14,0,18,1,7,3,4,9,7,4,32,13,27,0,5,5,1,8,3,8,5,24,1,4,4,5,6,25,10,0,3,1,13,26,3,21,21,1,0,0,1,2,13,12,8
"1",19,3,2,5,15,1,22,19,6,6,2,29,19,2,11,3,3,0,13,15,1,28,9,15,0,1,8,5,46,1,2,7,3,7,13,1,26,30,3,8,2,5,0,27,23,8,1,7,18,0,17,4,4,10,2,4,3,18,2,5,0,17,5,0,0,4,12,15,17,31,1,41,0,1,5,2,5,8,5,12,3,7,10,3,9,10,4,1,1,11,4,15,12,9,59,0,13,3,14,14,13,8,6,3,0,17,0,0,11,4,0,43,19,3,2,2,2,7,5,3,0,6,7,1,1,22,13,3,17,2,2,4,5,11,3,16,1,15,1,30,0,7,6,11,2,2,17,7,14,12,11,1,2,24,4,22,2,4,1,6,12,0,7,13,2,2,5,16,6,7,0,5,1,6,0,26,10,4,18,0,0,1,1,4,16,59,3,7,13,13,12,1,3,1,14,15,0,4,21,3,5,3,11,1,11,7,0,3,24,4,41,12,0,0,40,2,1,7,3,2,8,1,0,24,20,1,22,1,10,13,19,5,4,1,3,16,18,7,1,2,1,1,4,6,19,8,0,13,16,5,4,15,3,5,9,0,35,16,4,5,4,0,32,9,17,2,9,5,6,0,33,45,30,19,14,2,20,6,19,1,1,4,11,14,25,21,45,2,4,4,3,11,3,9,24,14,2,5,5,3,6,29,13,0,1,2,8,26,1,21,13,0,1,3,14,6,15,11,18
"1",15,4,0,6,26,4,14,24,2,4,0,22,15,6,10,1,4,0,4,25,1,25,20,5,1,0,12,5,71,3,4,2,3,6,20,1,19,17,3,15,2,6,4,22,23,3,4,5,34,3,19,0,2,14,1,3,2,19,7,2,0,13,4,0,1,4,20,27,6,41,2,39,0,2,7,0,0,15,6,20,5,9,9,0,4,14,0,4,2,18,0,18,14,8,40,3,6,3,21,15,10,5,4,1,1,24,0,0,11,2,3,24,17,4,8,5,1,7,4,0,2,5,19,0,5,15,9,6,5,6,0,2,9,13,2,14,0,20,0,21,6,4,3,4,2,1,24,8,10,12,12,5,4,27,3,26,3,3,4,2,16,0,2,14,2,3,6,8,3,9,0,8,0,3,1,20,19,1,28,1,0,0,3,1,32,58,2,2,16,7,6,2,4,1,18,19,1,0,12,4,1,2,10,0,6,0,0,4,16,4,32,15,0,3,44,2,2,6,2,1,6,5,2,11,28,3,14,2,2,8,20,1,6,2,1,9,20,8,2,1,1,5,7,8,14,2,0,23,13,6,4,6,9,5,8,0,18,12,4,9,4,0,38,3,14,3,12,0,4,0,26,24,21,13,14,4,10,3,5,1,6,5,5,8,19,15,33,2,3,3,8,4,0,6,15,26,3,6,5,3,3,27,10,4,0,1,12,18,1,18,20,1,2,1,9,6,8,16,22
"1",13,3,1,8,15,2,13,14,3,9,1,27,22,0,18,5,5,0,16,27,2,31,13,15,1,0,13,6,49,1,2,2,5,8,14,0,14,28,4,9,3,7,1,24,10,5,2,4,28,1,24,3,2,10,1,4,0,25,3,4,1,15,2,0,1,1,13,29,25,32,3,56,0,4,3,1,5,7,12,18,6,7,7,0,3,18,1,1,0,4,3,12,18,14,42,2,8,3,14,17,8,8,8,1,2,30,3,0,8,1,1,34,16,8,3,3,0,10,2,0,1,3,7,2,3,8,6,4,13,9,3,1,1,12,2,8,5,18,0,25,1,1,1,7,1,0,21,4,10,10,5,2,2,23,5,29,6,6,0,3,6,2,1,11,3,0,4,5,3,1,0,2,1,10,0,20,24,4,20,0,1,1,2,2,27,60,4,7,12,4,2,1,2,2,16,15,0,2,22,8,1,3,6,0,10,1,1,3,13,5,20,11,1,1,33,0,4,1,2,2,8,3,2,17,24,4,18,2,5,4,20,8,0,0,2,8,17,14,0,5,1,1,4,10,47,3,0,14,13,12,2,13,10,10,13,3,32,7,1,6,0,0,25,9,16,1,10,1,16,0,37,27,20,14,14,1,19,2,11,1,7,8,8,4,21,18,31,2,4,6,4,12,5,6,19,15,0,6,4,2,7,21,14,4,0,3,13,7,0,19,12,2,1,2,4,6,11,2,23
"1",18,2,4,11,27,0,15,10,7,6,0,13,23,4,8,1,3,0,7,24,4,32,19,18,2,0,19,5,36,3,3,4,1,12,14,2,18,24,3,13,2,1,3,20,7,1,7,11,15,1,10,2,4,8,4,3,5,27,1,4,0,9,4,2,1,3,11,34,19,31,1,26,4,4,8,0,1,19,7,22,11,6,11,0,11,23,3,3,1,6,3,15,17,12,41,2,9,5,14,19,8,5,17,2,3,23,0,0,13,5,0,37,16,7,6,2,0,4,6,0,0,2,11,0,1,7,7,6,6,5,3,1,6,8,1,13,1,16,0,31,0,3,3,11,2,2,18,12,7,9,7,2,0,27,3,22,2,9,2,5,6,2,8,6,1,6,4,8,1,6,0,6,3,9,0,30,26,2,20,0,1,1,4,1,23,50,0,7,11,11,3,9,7,1,10,14,0,2,25,3,1,1,3,0,14,1,1,5,17,4,27,9,0,2,41,0,9,8,2,5,12,3,0,13,15,1,12,1,7,4,21,2,4,3,0,17,16,1,1,5,1,1,3,6,17,3,1,17,17,7,6,15,13,0,9,0,25,11,0,4,0,0,32,9,17,4,2,4,8,0,27,22,20,21,6,1,13,7,8,1,5,4,12,9,26,16,29,4,4,5,0,9,1,6,18,42,4,4,3,1,6,29,20,1,1,3,18,15,1,17,18,1,1,3,12,7,12,7,26
"1",11,4,2,3,19,1,11,22,2,5,2,34,18,7,20,3,7,1,11,25,5,20,22,26,1,0,6,7,50,2,1,5,1,7,16,2,29,23,3,15,4,4,3,15,21,7,1,11,17,3,25,1,4,12,4,0,0,25,2,3,1,12,4,3,3,7,18,37,19,16,1,44,1,0,3,0,3,10,11,18,9,3,7,0,12,21,3,6,1,7,5,15,9,6,50,0,7,3,10,27,2,8,11,1,3,36,1,2,6,0,2,36,14,3,2,3,1,7,4,0,0,1,17,0,4,15,7,13,13,5,5,2,6,11,0,22,1,24,1,20,1,1,5,18,6,1,22,4,10,14,13,4,0,19,6,13,4,2,1,0,6,2,3,12,1,6,2,10,1,4,1,3,0,4,0,22,15,0,11,1,0,0,3,2,19,67,2,8,8,7,7,6,7,1,13,19,0,1,13,6,1,2,0,1,7,4,1,5,17,7,35,21,3,4,46,0,2,6,3,2,5,2,2,9,10,0,23,5,6,1,19,4,4,0,1,9,19,4,0,1,0,1,6,9,23,4,0,18,11,12,3,12,12,2,11,1,21,11,1,6,3,0,32,5,19,3,11,5,8,0,30,33,18,23,10,1,17,1,8,0,3,1,6,8,21,16,49,7,1,5,1,6,3,4,12,23,3,2,5,5,3,34,15,1,1,1,11,11,1,12,31,2,1,3,11,15,10,18,14
"1",8,4,1,3,27,1,16,19,7,2,1,38,28,7,9,2,7,0,8,21,2,25,14,19,2,2,10,3,39,4,1,1,3,15,22,0,23,34,1,12,1,5,2,17,7,4,0,10,27,2,25,2,1,6,1,4,1,28,2,10,1,8,2,3,0,1,19,42,26,19,3,29,0,3,11,1,3,15,10,24,13,12,14,0,8,21,4,4,3,6,4,19,10,5,43,0,14,7,15,21,10,3,9,0,0,20,2,0,7,2,0,28,17,7,0,2,1,4,5,0,0,3,13,0,4,15,6,3,4,5,2,1,1,10,3,7,1,16,2,26,0,3,5,17,1,1,18,10,10,12,8,1,0,29,14,13,0,7,2,7,10,2,6,7,1,1,5,14,10,3,1,8,5,0,3,24,21,1,20,1,1,0,1,4,29,69,1,9,11,3,5,2,9,1,12,11,0,2,13,8,2,5,1,0,11,4,0,1,27,16,42,11,0,5,41,0,5,8,5,3,17,2,0,21,26,0,25,0,7,5,18,4,0,2,2,12,25,7,3,4,1,0,3,16,20,9,1,16,12,3,5,6,6,4,3,1,36,14,2,4,5,0,35,3,15,2,6,1,10,1,30,23,27,15,14,3,36,1,5,1,6,8,9,13,33,24,31,0,2,6,3,1,1,10,13,33,1,4,12,1,5,23,9,2,0,0,13,25,0,22,14,0,0,2,9,15,11,7,13
"1",13,3,0,4,32,1,29,20,4,2,2,24,13,2,9,2,7,0,13,24,1,31,25,12,1,0,11,2,48,0,3,3,2,5,11,0,15,29,2,6,5,3,5,25,10,15,2,5,16,2,17,1,1,5,1,0,2,23,2,8,2,11,3,1,2,3,25,22,29,27,5,24,0,2,3,2,7,8,10,18,12,10,15,1,6,19,6,2,4,2,1,11,9,11,37,0,9,4,19,12,12,5,6,0,2,20,5,0,9,2,1,32,15,6,2,4,1,4,0,4,0,6,11,1,0,19,10,6,12,5,7,0,2,7,1,6,4,22,0,24,11,2,3,15,2,2,16,16,13,12,7,2,2,22,6,41,5,7,1,5,12,1,5,12,1,5,4,11,3,9,0,4,1,5,0,26,18,3,21,0,0,0,5,3,18,46,3,6,18,9,6,2,4,3,9,14,0,3,25,12,1,5,1,1,11,4,0,6,24,4,44,10,2,1,20,0,2,6,3,4,8,5,1,21,19,2,14,0,6,7,22,7,2,1,3,10,14,10,0,6,1,0,2,11,22,8,1,15,10,5,4,9,4,6,5,0,33,10,6,6,4,3,24,4,19,1,10,2,10,0,27,24,24,22,8,3,24,1,9,0,9,9,7,6,18,9,34,3,5,9,2,4,0,4,8,28,5,2,4,4,4,26,14,1,1,3,10,25,0,15,18,1,1,3,10,10,10,15,21
"1",16,2,1,7,21,0,18,20,5,6,4,25,25,5,18,2,5,1,13,23,5,11,21,9,5,1,5,3,49,6,1,4,3,12,27,0,24,29,5,15,6,5,4,21,8,5,2,9,27,3,15,1,0,10,1,3,0,30,2,7,4,16,2,0,0,8,17,32,26,20,1,28,0,3,11,2,2,8,8,20,5,7,10,0,5,18,1,2,2,9,2,13,18,8,49,3,11,2,13,10,18,5,6,1,3,23,4,0,8,0,0,34,15,5,3,4,1,10,4,2,1,6,6,0,4,14,7,7,3,3,2,2,7,7,0,14,1,20,2,17,1,3,7,15,2,0,19,10,10,9,10,3,2,23,11,19,4,2,3,6,9,1,6,9,0,2,4,8,4,3,1,5,0,1,0,31,20,2,26,0,1,0,4,0,22,56,1,12,16,6,5,3,0,2,18,13,1,0,23,8,1,2,7,1,9,1,0,2,21,8,22,14,4,5,29,3,1,12,4,3,6,3,0,23,38,0,13,2,4,11,26,4,5,2,2,5,19,7,3,4,0,3,4,10,22,7,0,6,12,6,3,20,6,11,4,0,30,7,2,5,4,0,41,9,10,2,6,1,7,2,21,36,18,19,7,0,15,1,5,1,7,4,10,8,21,15,39,4,1,3,3,1,2,12,16,19,2,8,4,4,1,11,17,2,1,5,12,13,2,26,8,2,0,1,10,9,12,5,13
"1",26,1,2,4,14,1,10,13,6,6,0,34,8,6,10,1,6,0,18,22,3,24,18,14,1,1,18,5,53,1,0,11,5,13,14,3,31,32,2,22,2,7,2,19,13,4,1,8,24,3,27,0,1,8,0,1,3,20,3,9,1,8,3,1,1,3,19,21,17,18,2,27,1,4,4,0,2,8,6,21,8,5,5,0,10,20,2,2,3,6,1,8,9,13,36,0,12,2,14,12,22,5,4,0,3,17,1,0,19,2,0,29,22,10,5,1,2,5,2,2,1,7,13,0,3,17,3,3,7,5,1,0,3,7,0,11,5,18,0,26,4,4,4,8,2,2,19,4,12,15,11,1,4,22,3,29,7,2,2,1,11,2,11,2,1,1,1,10,4,10,0,12,0,3,0,26,21,2,13,1,1,0,4,2,30,68,1,4,11,6,8,3,6,3,13,23,1,2,19,6,4,2,5,0,10,3,0,4,14,7,30,12,2,1,45,0,2,3,1,9,6,7,3,15,17,1,16,3,5,9,21,3,7,2,1,13,15,11,2,3,0,5,6,5,24,4,0,17,7,8,3,10,6,2,6,1,24,8,0,10,5,1,26,5,11,2,6,2,7,1,27,26,15,9,15,0,16,2,13,3,7,5,10,6,30,16,49,0,4,4,0,3,1,8,9,27,4,6,3,6,3,21,9,6,2,0,17,12,2,21,16,0,0,6,7,14,9,6,8
"1",6,3,3,6,16,1,20,14,5,3,4,30,19,4,13,0,7,0,25,36,1,22,21,13,2,2,13,4,53,5,0,9,0,9,18,0,31,22,3,16,4,2,3,23,12,7,6,6,24,4,19,0,3,10,3,3,8,30,4,5,0,20,4,0,0,6,12,19,18,22,4,24,4,5,5,1,3,19,3,19,11,9,6,3,16,26,1,3,0,4,2,32,7,15,35,0,11,4,27,17,13,5,11,0,0,8,4,0,12,4,0,25,17,13,4,5,1,5,5,4,2,6,12,0,6,12,6,5,9,6,1,1,3,12,0,8,2,20,2,18,2,1,0,9,1,0,20,7,5,13,14,0,2,18,8,37,6,2,2,3,10,3,11,13,0,3,1,4,5,6,1,7,1,9,1,36,21,0,17,1,2,0,2,3,34,66,5,6,10,5,2,5,4,3,15,16,1,2,24,1,1,1,5,0,6,2,0,6,16,10,33,9,0,0,36,0,1,3,2,4,5,2,0,24,15,1,18,0,7,11,33,3,4,1,3,12,22,6,0,2,1,2,5,9,18,9,0,18,17,10,5,7,7,2,4,1,28,16,0,3,3,1,37,3,15,0,8,1,11,1,16,48,23,19,11,1,22,2,10,1,5,5,4,4,20,20,40,3,7,7,1,11,0,6,12,23,7,2,4,4,0,38,12,0,4,3,6,20,0,22,12,3,0,2,6,6,9,8,19
"1",14,3,1,4,21,3,12,10,7,4,0,38,14,2,11,6,5,1,7,26,1,30,19,9,0,2,7,5,39,1,1,5,5,8,21,3,24,33,0,14,3,6,2,17,15,9,2,5,27,2,20,5,5,6,4,1,0,22,4,3,1,10,6,2,2,9,9,34,11,31,0,32,1,2,11,0,7,12,9,15,7,0,13,0,4,16,5,2,2,9,2,18,17,13,46,0,9,5,16,15,21,2,4,0,3,22,2,1,8,3,0,39,29,3,0,5,1,1,1,0,0,6,9,2,0,12,12,9,5,2,2,1,4,14,3,16,1,18,0,27,0,4,6,7,4,0,18,9,14,6,12,2,1,24,5,18,4,7,1,6,12,0,6,9,4,1,6,5,8,5,0,7,1,3,0,25,13,6,12,0,0,0,6,3,33,63,0,3,12,6,6,6,2,0,24,13,1,2,22,5,2,5,2,0,9,7,1,6,13,8,28,11,2,4,31,1,6,9,3,5,8,5,0,22,28,1,18,1,3,9,34,3,2,3,1,11,16,7,0,7,0,1,5,9,18,4,0,18,17,4,4,6,7,2,7,0,21,15,1,7,6,0,28,5,6,5,7,2,7,1,21,23,19,26,12,1,18,4,15,1,9,10,8,6,19,17,45,2,3,5,2,6,3,4,9,28,2,2,3,1,2,24,14,0,2,2,13,21,0,27,12,2,0,3,11,9,15,6,17
"1",14,5,2,3,16,0,18,20,7,2,4,33,15,5,14,3,2,0,18,19,1,24,12,12,3,4,9,8,58,6,1,9,1,7,15,1,16,29,3,14,3,4,1,26,12,4,1,7,20,0,22,1,1,9,0,2,2,23,1,8,2,21,1,1,1,5,18,26,27,27,7,27,0,1,8,1,2,6,13,26,5,8,7,0,10,26,1,2,6,8,3,30,14,10,47,1,5,5,13,15,12,1,9,1,2,32,0,1,7,4,0,39,24,3,0,6,0,9,4,0,0,1,16,1,4,15,7,13,9,3,1,0,1,7,0,15,0,15,1,31,3,3,3,6,2,1,14,6,11,16,6,2,2,36,3,14,1,3,2,4,10,2,7,5,1,8,1,10,8,7,0,6,2,0,0,21,25,0,21,0,2,0,5,1,22,66,3,8,15,8,6,4,3,4,7,12,2,3,23,5,2,2,5,1,8,1,0,4,14,4,19,6,6,3,22,0,2,2,2,6,8,8,0,25,21,2,11,0,5,7,25,5,3,0,2,23,16,12,1,2,1,0,3,5,31,3,1,17,12,9,1,8,4,6,5,0,19,13,0,11,1,0,30,2,12,4,9,6,6,0,27,29,24,26,8,1,16,4,10,2,7,3,2,3,17,16,33,1,5,3,2,3,5,4,18,25,4,10,6,0,6,23,12,0,0,0,13,18,1,19,17,2,0,1,11,5,7,9,18
"1",21,2,2,4,21,1,10,22,5,6,1,30,12,3,13,2,4,0,14,30,3,29,10,17,2,0,11,7,57,4,0,4,3,7,23,2,19,29,2,23,1,5,9,29,16,7,2,7,37,0,28,1,2,11,0,2,2,26,4,8,0,18,1,0,4,3,9,29,23,24,1,28,5,1,3,1,2,8,7,17,5,5,6,1,12,33,4,1,3,6,2,9,8,10,35,3,5,0,20,16,15,7,9,2,1,27,7,0,12,3,1,37,15,3,3,1,0,10,1,2,3,5,10,0,0,19,3,4,7,4,2,0,0,6,2,11,0,20,1,25,2,2,3,14,1,0,16,10,6,13,11,1,3,22,9,20,1,2,3,5,15,1,10,4,0,3,0,11,8,4,1,7,2,2,0,26,25,0,22,1,1,0,2,1,23,64,2,5,11,14,4,6,4,4,14,12,2,6,20,4,0,5,7,3,6,5,2,2,10,5,34,15,1,1,42,1,2,1,1,5,11,7,0,19,15,4,20,0,6,9,13,0,3,3,0,9,22,6,1,5,1,0,3,8,16,4,1,17,5,4,3,10,11,4,3,1,19,8,2,7,2,0,27,8,10,2,8,5,8,0,27,30,11,11,21,1,22,5,9,0,6,1,9,3,22,16,41,2,2,6,3,7,3,9,10,24,5,6,8,2,5,27,11,1,0,2,11,21,1,26,20,1,0,3,13,5,7,10,23
"1",19,5,2,4,17,0,16,12,7,1,3,10,20,3,6,6,4,2,11,23,2,21,15,14,0,1,3,5,40,0,1,3,3,7,27,0,18,31,3,18,3,6,3,31,12,9,1,7,33,0,21,0,4,6,2,2,0,20,2,3,2,15,5,0,3,2,16,20,8,26,1,17,1,3,11,0,0,13,10,10,3,14,18,0,4,24,5,4,3,5,0,16,13,10,53,1,12,1,21,16,11,3,7,1,0,18,0,0,9,2,0,27,15,4,2,2,0,5,2,0,0,3,8,0,3,18,9,12,2,5,7,1,3,13,3,14,3,22,1,16,5,4,5,13,1,0,19,5,13,11,5,0,2,27,8,20,2,7,1,1,14,2,10,17,3,4,2,7,4,8,1,3,0,3,2,15,25,2,19,1,0,2,6,1,25,58,3,7,13,10,5,0,0,3,20,15,0,0,22,8,2,1,5,0,4,2,1,6,24,9,32,10,0,1,32,0,3,9,1,5,9,4,1,9,19,2,19,1,6,10,20,2,2,2,3,6,21,15,1,4,0,0,5,13,19,6,1,21,19,8,2,5,6,1,6,0,19,14,7,6,1,1,44,7,23,1,10,4,11,1,26,20,33,21,13,2,15,4,13,1,6,6,7,6,30,11,22,0,4,8,3,10,1,7,14,26,3,3,5,2,1,33,15,4,0,1,9,18,0,16,18,1,0,1,5,4,8,10,14
"1",21,1,2,3,28,1,7,10,7,0,3,20,14,5,9,1,11,1,13,14,1,28,17,17,1,3,7,4,53,3,2,4,1,7,31,2,17,13,3,16,2,6,3,22,14,5,4,5,38,0,18,0,2,18,9,2,1,18,6,15,3,12,2,1,3,3,27,26,24,33,2,36,2,1,6,2,3,15,10,12,6,7,8,2,7,19,1,1,0,10,0,13,6,6,36,2,8,2,26,12,12,6,6,0,3,31,2,0,8,1,0,27,19,7,0,2,1,3,4,1,2,2,5,0,1,10,8,8,10,9,3,1,1,11,2,19,8,25,2,29,4,4,2,10,2,0,23,7,9,9,10,1,0,33,6,17,1,5,3,2,8,1,6,8,3,2,3,5,2,7,1,7,0,1,0,26,14,5,27,0,1,0,2,4,35,61,2,6,19,9,9,1,7,2,16,25,0,3,14,3,1,3,4,0,6,3,1,7,23,8,27,15,0,2,43,0,3,7,6,7,13,8,1,23,30,4,25,1,4,15,10,4,1,1,2,11,16,4,1,3,0,1,1,6,28,4,0,16,12,10,3,11,5,1,4,2,11,9,0,7,1,3,28,6,18,0,11,3,10,1,23,24,19,11,13,3,11,4,10,2,8,8,6,9,24,23,29,3,5,16,0,10,1,7,14,17,3,2,6,3,2,18,12,2,2,2,12,25,4,17,7,2,0,2,8,9,13,11,17
"1",13,2,1,6,25,1,24,19,8,2,1,32,16,5,16,2,9,0,7,28,5,18,20,17,1,1,12,8,38,3,1,4,2,17,24,3,19,21,3,9,4,4,3,17,11,7,1,2,24,2,24,1,1,2,4,3,1,31,2,5,1,7,2,1,2,1,11,33,19,17,0,40,2,2,11,3,1,8,9,9,3,6,12,0,9,26,4,2,0,8,1,12,12,11,37,0,4,2,8,14,9,12,9,0,2,20,2,1,10,3,0,31,22,5,4,2,0,7,3,0,0,3,8,1,0,17,4,6,7,13,1,0,2,3,1,9,2,24,1,35,3,0,2,9,1,1,24,5,10,14,11,1,1,17,4,21,1,3,2,2,5,4,2,13,2,4,5,14,5,3,0,6,0,1,2,26,19,6,17,0,1,0,2,3,26,58,2,6,15,9,7,1,2,4,9,17,2,1,12,5,2,2,5,1,10,2,0,3,20,8,27,9,2,4,46,1,1,6,2,5,9,4,0,25,28,5,8,3,4,3,15,2,5,2,4,10,13,6,1,2,1,0,5,6,19,9,1,16,25,7,0,6,11,7,8,1,24,17,2,9,3,1,32,8,15,1,5,2,8,2,37,48,22,21,15,4,27,4,8,2,2,9,7,2,26,29,36,2,3,5,1,4,1,7,14,17,4,7,4,4,8,21,18,0,0,3,13,16,1,22,10,2,0,3,5,14,10,6,12
"1",16,2,3,4,21,0,17,16,4,2,3,19,15,2,8,5,4,0,20,25,4,32,21,10,2,0,8,3,49,5,3,5,0,11,18,1,17,27,3,13,2,8,4,19,10,10,2,7,29,6,19,1,5,9,3,4,1,23,5,4,1,15,3,0,1,2,9,25,25,12,0,33,1,3,4,1,2,12,8,12,5,4,7,1,14,32,1,3,2,10,1,9,18,5,35,2,4,1,13,22,10,1,12,0,8,16,5,1,19,1,0,37,20,4,0,2,1,9,3,1,0,6,21,0,2,19,7,2,11,6,3,1,1,8,2,14,2,24,0,29,2,0,6,8,4,1,19,10,14,23,7,2,1,29,7,22,2,7,3,2,7,2,4,11,4,3,6,9,5,5,0,6,1,3,0,24,13,6,13,2,2,0,1,1,26,60,3,6,19,7,4,4,3,4,17,12,1,6,29,4,3,4,4,0,19,1,1,0,17,9,30,15,3,3,33,0,5,6,2,4,4,8,0,18,20,0,25,0,4,8,22,4,3,2,0,10,18,14,2,4,3,0,2,5,18,1,0,16,14,7,4,12,5,2,9,1,35,6,0,7,0,1,32,5,12,0,6,5,8,0,29,42,23,23,9,1,18,5,12,2,8,7,3,0,13,19,35,5,2,3,1,7,1,9,16,25,4,4,5,6,3,18,10,0,0,4,23,15,2,15,12,2,0,1,6,9,16,11,25
"1",10,3,2,4,29,0,20,17,6,2,0,15,19,3,10,0,2,0,12,29,0,26,14,15,3,0,12,2,45,4,2,10,2,7,20,2,32,32,4,13,2,1,4,23,15,3,2,4,23,1,16,2,3,6,0,1,2,21,1,7,2,17,4,0,4,0,23,26,26,25,4,41,0,2,6,2,2,18,12,13,11,9,14,2,8,14,1,4,3,9,0,13,7,12,45,2,4,6,14,10,15,3,7,1,0,19,2,0,13,1,0,40,23,5,3,0,0,13,3,0,4,3,11,0,2,22,6,9,6,6,0,2,4,19,0,14,0,16,4,29,0,1,5,8,1,2,16,7,15,9,11,2,1,17,5,29,7,7,1,2,14,0,6,17,2,3,8,6,5,8,0,8,0,0,1,25,15,2,22,1,1,1,3,2,32,59,1,7,18,6,7,2,10,4,15,16,1,3,26,2,2,4,1,1,13,2,0,4,8,8,37,17,0,2,43,1,3,12,4,1,11,3,0,31,16,5,11,3,2,12,23,4,1,0,0,7,12,6,1,5,0,4,3,10,14,3,3,22,14,3,4,8,6,1,6,3,40,10,2,9,0,0,39,10,15,4,6,3,10,1,28,39,25,25,18,3,16,6,8,0,7,10,4,5,19,24,45,1,9,4,0,4,4,9,18,18,4,8,3,2,1,31,9,2,2,1,13,26,0,22,17,3,0,1,7,9,18,11,14
"1",18,3,5,9,18,0,15,12,11,3,1,28,7,2,9,1,9,1,17,23,1,34,19,15,3,0,3,3,41,6,2,5,1,6,17,1,30,29,5,9,7,3,1,26,14,2,0,7,16,0,16,1,4,10,2,4,0,18,4,16,0,11,5,2,2,2,9,25,19,26,1,26,0,1,8,3,0,6,10,27,4,7,3,2,4,30,2,1,0,3,2,17,11,6,53,0,9,1,10,8,14,1,7,2,3,23,5,0,16,0,0,38,25,8,4,1,1,6,1,0,0,3,8,0,1,12,4,4,5,5,1,1,3,12,1,12,2,16,1,33,2,4,2,9,2,0,15,9,11,22,12,2,1,10,5,31,1,6,2,3,3,1,10,9,0,3,1,7,2,2,0,10,1,6,0,26,14,8,15,0,0,0,3,3,34,62,5,9,26,4,5,1,4,2,10,26,2,2,24,5,2,2,5,0,13,2,0,3,33,5,32,9,0,2,43,1,3,5,3,3,8,3,0,21,20,0,13,1,3,10,15,5,4,1,0,10,13,5,1,4,3,2,1,7,22,5,0,16,9,8,2,7,6,1,7,0,26,7,1,5,2,0,32,4,13,4,4,1,13,0,36,35,26,11,12,2,16,5,10,2,10,7,9,3,20,16,31,3,1,6,2,2,1,8,11,15,5,2,4,6,2,19,9,1,1,0,14,16,2,13,15,4,0,5,12,7,7,4,20
"1",11,3,2,1,19,1,19,15,4,3,1,14,12,5,11,2,7,0,12,31,2,27,23,15,3,1,11,5,38,7,1,7,3,6,27,1,19,27,5,17,2,4,4,25,8,11,8,8,24,4,27,0,3,12,2,3,2,19,2,13,0,16,3,5,4,5,16,38,26,23,2,29,0,1,5,1,0,16,10,15,6,6,17,1,5,18,2,4,2,9,0,22,12,10,41,1,11,2,22,14,14,3,9,0,7,37,0,0,12,4,2,31,20,3,2,4,1,10,6,0,1,3,12,2,3,15,5,5,4,8,3,1,1,8,2,13,0,23,1,38,1,4,6,10,1,1,24,5,11,12,4,3,0,29,11,14,3,3,3,2,15,1,4,27,4,3,2,9,6,5,1,8,1,1,1,20,15,1,24,1,1,0,1,0,17,60,6,11,13,4,5,2,6,4,15,6,0,2,18,8,1,5,7,3,16,5,0,0,15,4,29,16,1,4,34,1,3,5,8,2,6,7,0,17,20,2,9,0,1,5,26,4,0,0,0,9,10,7,0,2,0,1,6,7,19,5,1,11,12,3,1,9,6,3,10,0,28,11,1,8,7,0,39,7,16,9,13,3,10,1,31,32,16,19,11,2,28,3,7,3,4,8,10,4,29,20,28,1,1,8,1,7,2,7,18,30,3,10,7,1,2,36,17,2,1,2,25,20,1,19,19,0,1,3,6,8,10,7,17
"1",17,7,2,4,19,0,14,8,7,7,0,16,18,3,20,0,4,0,10,27,2,23,27,4,1,1,10,7,54,7,1,7,1,8,20,3,32,28,6,13,6,2,3,26,15,3,0,6,23,2,32,1,1,11,3,3,3,18,3,3,1,8,1,2,1,1,14,19,18,18,5,37,3,2,13,1,0,20,7,15,13,4,4,1,4,15,3,1,1,10,7,9,14,8,41,0,11,1,14,9,14,3,9,0,2,19,0,1,5,0,0,34,22,4,2,1,0,7,4,1,2,3,12,0,1,10,11,3,9,4,1,0,4,19,1,8,1,16,0,32,1,4,4,17,4,0,44,8,3,22,6,4,4,35,9,18,1,6,3,4,6,3,4,16,0,2,4,13,5,6,0,6,1,2,1,28,19,5,20,1,0,0,0,1,22,49,6,3,14,7,3,2,1,5,13,12,1,4,14,8,1,1,8,1,9,2,0,1,16,13,30,14,1,4,49,2,3,2,4,0,13,6,0,19,11,3,13,2,1,6,26,2,4,1,1,13,20,12,0,1,5,3,5,10,17,5,0,13,10,4,0,10,9,5,5,0,21,5,0,4,0,2,36,5,25,3,14,4,6,0,39,35,23,17,11,0,17,0,8,2,7,11,5,4,29,21,33,1,3,3,1,11,3,5,19,30,3,5,8,1,2,11,18,1,1,0,14,27,3,13,19,1,1,4,7,8,6,15,12
"1",14,8,0,5,14,2,17,17,6,3,1,31,21,3,14,2,5,1,17,24,1,28,18,14,1,2,11,7,61,3,1,10,4,8,26,1,20,25,2,17,6,3,1,18,14,6,1,15,36,1,17,0,0,14,5,3,2,20,2,11,0,11,3,1,4,9,16,25,14,27,1,35,0,1,4,4,1,9,7,18,4,12,10,0,10,20,1,6,0,4,1,15,20,13,41,1,7,6,13,13,14,8,10,0,1,26,4,3,11,2,0,24,24,7,1,3,1,1,6,2,1,1,12,4,2,20,6,11,6,1,2,0,6,8,0,9,7,23,0,20,0,3,5,10,1,1,23,3,14,14,7,2,3,17,7,13,3,5,1,3,6,1,6,14,1,4,4,6,9,6,0,9,1,5,0,33,24,3,13,0,0,0,0,1,34,53,3,7,18,8,6,1,5,4,18,16,3,4,13,5,4,3,5,0,9,1,0,2,35,10,36,11,0,0,37,3,4,6,2,5,10,3,0,17,15,1,26,0,4,14,24,4,4,2,1,13,30,11,0,4,1,1,4,6,30,6,1,20,9,7,3,14,6,4,6,2,20,8,4,6,3,0,42,10,11,5,7,3,7,0,35,33,23,23,9,2,22,2,14,2,4,11,8,4,27,18,39,3,3,2,0,7,1,3,21,27,1,1,6,2,0,19,13,3,0,1,14,28,2,22,14,2,0,3,6,10,9,6,21
"1",19,6,4,3,26,2,12,20,7,3,0,26,18,1,19,5,5,0,8,19,0,21,19,17,1,1,5,5,47,3,4,8,3,11,28,4,16,26,1,14,1,8,5,30,19,8,3,8,28,2,30,0,0,9,2,3,1,17,4,8,0,16,2,2,1,1,24,35,25,22,1,23,0,0,8,0,4,8,9,15,3,5,11,3,14,20,2,6,4,13,3,18,6,17,34,3,7,2,16,9,18,9,15,0,1,22,1,0,13,4,0,28,20,7,2,3,2,8,3,0,3,1,6,0,4,7,5,6,4,7,0,1,3,7,2,3,2,10,0,29,0,4,6,12,3,1,15,1,8,12,6,2,5,27,4,14,6,3,2,3,12,3,4,12,3,4,2,5,4,7,0,4,0,3,0,24,19,4,15,0,0,0,1,1,19,61,3,7,16,8,7,1,4,2,14,16,3,1,18,5,0,8,8,2,11,0,0,5,17,9,28,11,3,7,43,2,3,9,2,4,6,2,0,29,14,1,23,0,2,9,22,1,3,2,2,4,14,9,1,3,3,0,8,10,16,5,0,13,4,8,3,7,5,1,7,1,20,13,1,10,2,3,29,0,20,0,3,5,9,0,31,34,19,23,9,0,7,1,13,1,7,13,7,15,24,26,47,3,2,7,1,4,1,8,12,15,2,2,2,6,4,21,12,2,0,5,9,16,1,16,17,2,2,2,4,12,8,7,17
"1",15,6,2,5,16,3,10,22,5,3,1,29,15,2,15,5,8,1,12,39,5,24,17,17,0,2,6,6,40,3,3,3,1,7,26,1,27,30,3,10,4,9,0,22,15,4,1,9,27,5,23,1,0,12,1,3,3,22,4,5,0,14,7,0,4,5,20,29,11,23,0,25,1,2,4,1,2,11,6,24,8,4,5,0,9,17,1,7,2,12,2,10,6,5,29,1,12,5,12,7,9,4,3,2,4,25,5,1,17,3,0,23,26,5,0,4,4,7,1,2,3,0,8,1,2,21,8,8,3,1,3,3,6,11,0,17,2,15,3,29,0,3,3,7,2,0,21,7,16,19,5,2,3,24,8,24,1,10,0,2,7,1,7,9,3,5,7,1,10,11,0,3,1,0,3,24,24,4,17,1,4,2,1,2,29,41,6,6,11,8,8,6,7,5,9,18,2,1,13,5,7,1,5,0,8,0,0,6,17,6,29,15,4,0,37,1,4,3,4,4,3,4,2,26,21,1,8,6,5,14,22,1,2,0,2,11,16,9,0,1,0,1,5,3,15,5,0,11,16,8,4,5,8,1,5,0,35,4,2,5,3,0,30,2,17,2,2,4,2,2,27,35,21,15,7,2,19,4,7,0,7,5,5,11,21,11,33,0,1,5,5,11,1,8,14,19,1,3,8,3,0,20,13,5,2,1,10,26,0,24,22,5,1,2,2,7,15,9,18
"1",16,1,0,4,27,0,19,11,7,2,0,24,25,5,18,3,5,1,7,23,2,38,17,12,2,1,9,6,46,4,1,4,5,2,20,0,23,39,5,15,6,7,1,14,11,6,3,7,34,1,28,1,0,8,1,0,0,37,4,5,2,20,5,0,2,3,19,21,28,23,2,21,1,0,4,1,1,14,5,12,6,4,11,1,6,19,2,3,2,15,1,14,10,7,35,0,5,4,16,21,13,5,5,2,0,28,0,2,14,3,1,35,16,5,1,3,0,5,2,2,0,1,12,0,3,13,8,15,8,5,2,2,1,13,1,13,4,16,0,30,0,2,4,6,4,0,24,11,19,16,12,3,3,20,10,23,5,5,1,3,8,2,6,14,4,2,2,22,4,6,1,4,2,6,0,22,20,0,21,0,0,0,3,3,24,70,9,4,20,8,5,2,1,3,20,21,0,2,18,7,2,5,9,2,13,3,1,4,21,9,23,15,2,1,33,1,3,5,7,2,12,0,0,24,22,3,19,1,3,11,17,3,2,1,4,13,16,8,0,5,0,1,3,7,30,5,0,15,13,8,3,5,12,0,7,1,26,9,0,9,4,1,30,6,13,4,7,3,7,1,26,22,28,19,6,3,16,5,14,2,5,7,2,14,29,20,35,5,5,11,0,5,0,6,7,19,6,3,5,2,6,37,11,1,2,0,23,12,0,23,12,1,0,2,3,7,11,4,17
"1",13,1,2,4,22,0,26,20,8,4,0,29,6,7,13,3,6,2,9,18,3,28,17,18,2,0,7,4,45,2,2,5,3,11,19,2,15,24,4,20,2,3,2,42,17,5,2,4,35,2,20,0,3,10,3,5,0,17,6,11,0,8,4,0,2,1,7,25,22,23,1,39,2,2,5,2,0,11,2,24,8,3,5,4,8,28,0,2,2,12,2,7,9,10,50,0,8,4,13,26,12,3,8,1,4,31,3,0,5,6,0,24,21,6,4,5,3,6,0,3,0,4,4,0,2,13,8,10,4,8,0,1,7,9,0,17,1,20,0,22,1,3,0,14,3,0,13,4,9,14,13,1,1,23,3,26,2,3,1,4,9,2,5,10,0,3,4,13,1,12,0,7,0,3,0,20,13,5,28,0,0,0,6,1,29,60,7,6,20,6,6,3,3,2,17,16,1,0,22,6,2,1,4,0,11,5,1,3,30,8,34,10,2,2,48,0,8,3,0,4,7,1,1,16,8,0,15,2,2,5,28,6,3,2,6,7,15,9,0,11,1,1,0,12,15,11,2,21,9,4,4,8,5,2,4,0,27,11,3,4,2,0,24,6,11,1,12,3,6,0,35,26,17,15,17,1,12,3,9,0,6,9,3,6,21,18,30,5,3,8,4,1,0,7,13,31,1,6,6,3,4,17,9,1,2,2,11,18,0,22,9,0,0,2,5,14,14,9,12
"1",10,0,0,5,24,1,15,10,9,0,1,24,20,2,8,2,6,0,20,23,3,37,20,17,1,1,16,7,60,2,2,5,4,6,21,3,32,28,2,11,5,8,5,26,8,8,4,11,31,1,11,1,2,10,1,5,1,22,2,10,1,15,2,0,0,5,11,24,19,20,1,37,3,2,7,2,1,12,8,16,4,10,13,0,7,25,4,5,2,18,1,16,10,7,56,1,12,1,6,21,12,5,11,3,3,32,4,0,13,3,0,26,18,7,3,1,0,3,3,2,1,3,8,2,0,8,6,14,6,1,3,0,3,11,2,17,0,17,1,46,1,2,1,19,4,0,21,6,11,14,4,0,0,24,8,17,4,6,8,6,18,2,5,15,2,6,2,6,4,7,0,7,0,4,1,30,17,6,12,0,0,0,4,4,16,66,7,3,22,10,5,7,6,1,12,17,1,2,17,8,3,3,3,2,11,2,0,4,40,6,27,6,5,0,37,1,5,2,4,3,4,0,0,13,30,2,27,4,5,9,15,5,6,1,2,18,21,7,2,4,0,1,2,10,31,4,4,24,7,4,4,8,6,6,5,1,28,12,2,7,4,2,32,5,12,5,8,2,9,2,26,25,18,16,16,1,13,3,9,4,6,10,14,3,22,18,40,1,3,3,10,10,4,7,15,18,2,2,4,2,2,28,14,5,0,1,9,13,1,11,12,0,0,3,7,9,12,9,11
"1",15,5,1,2,13,0,18,14,12,1,1,18,19,4,16,2,5,0,6,21,3,27,16,16,2,0,10,5,40,5,6,4,5,9,23,3,19,37,1,7,1,10,3,25,12,11,0,10,20,1,20,4,0,5,1,2,3,27,6,2,1,12,2,0,0,9,16,35,26,31,1,29,2,2,12,2,4,21,8,15,9,3,9,1,13,17,3,3,3,11,0,19,13,5,48,0,6,0,15,22,9,3,10,2,2,29,3,1,3,4,1,25,24,9,2,4,2,1,6,2,1,0,8,1,6,14,5,9,4,1,1,0,3,7,0,9,5,20,1,35,0,2,0,17,3,1,24,4,7,19,12,1,2,24,14,29,4,8,4,3,5,1,7,14,1,1,3,15,3,2,0,6,1,1,0,23,14,0,11,0,0,0,7,0,36,82,1,4,11,11,4,6,4,2,14,18,1,2,25,4,4,1,2,1,7,0,0,5,11,8,25,21,4,3,52,0,2,4,3,5,4,0,0,17,31,0,11,2,6,11,25,5,6,3,3,6,18,12,0,1,1,1,3,3,20,2,1,19,8,5,2,11,8,6,8,1,24,15,0,5,1,4,27,8,12,4,7,4,5,2,34,43,13,16,14,3,20,6,6,6,12,7,13,5,18,22,44,0,6,6,3,13,0,7,10,15,4,1,4,7,1,17,11,2,2,0,15,13,3,12,18,2,0,4,7,5,11,5,25
"1",14,2,5,3,27,0,14,14,3,1,3,17,13,10,9,5,4,0,14,19,2,21,21,20,0,0,12,9,55,3,0,8,4,18,22,6,26,26,3,9,0,2,3,30,13,7,2,8,32,1,22,2,2,6,3,0,1,12,2,11,6,10,6,2,2,6,24,28,20,24,0,31,0,3,6,1,1,12,11,20,6,6,9,1,14,17,1,5,3,11,3,15,14,6,40,1,8,1,20,12,9,2,11,1,2,29,2,0,12,0,0,38,27,4,0,3,1,2,5,1,0,5,5,0,4,19,5,9,5,6,3,1,0,11,1,16,1,29,1,22,1,3,6,5,1,0,35,13,10,16,7,2,4,21,7,26,6,6,0,3,4,2,4,16,4,1,2,6,5,5,0,2,0,4,0,36,22,1,18,0,0,0,4,1,34,53,7,2,22,7,4,3,5,4,15,21,1,2,13,4,5,2,5,3,9,2,0,6,21,5,23,12,0,4,39,1,2,11,0,2,13,1,1,22,15,6,11,0,3,4,22,3,3,1,1,8,14,10,0,3,0,1,4,11,21,5,1,23,16,5,3,4,7,5,13,0,25,12,0,6,2,2,34,9,18,4,7,3,5,2,25,36,14,13,5,0,27,4,3,3,3,4,10,9,25,18,34,1,2,5,3,8,1,2,22,34,5,3,6,1,3,19,19,2,0,4,9,23,1,21,17,1,1,2,5,17,6,10,12
"1",11,4,3,1,15,0,25,17,15,0,0,23,21,1,21,1,8,0,11,21,2,30,25,21,0,0,7,9,57,0,1,5,2,4,14,2,20,31,1,17,2,7,6,17,15,9,3,4,32,2,27,3,0,11,2,5,0,35,0,6,2,5,6,0,1,6,15,26,40,27,3,35,3,0,10,0,2,12,4,20,5,3,8,0,14,16,3,4,2,8,3,18,9,6,42,0,7,5,15,20,8,2,13,2,1,35,2,1,18,1,0,35,21,4,2,3,4,8,6,1,1,4,14,1,0,14,4,6,6,4,1,1,4,9,0,10,2,9,0,37,0,2,3,11,2,1,30,8,8,16,13,0,1,28,6,27,4,5,4,4,12,0,5,15,2,1,4,6,4,6,0,9,0,4,0,29,21,4,12,2,0,3,3,1,32,39,9,3,19,6,4,4,15,0,19,19,0,3,16,5,2,3,12,1,15,1,0,4,18,13,30,22,2,4,47,0,2,7,3,0,14,1,3,27,31,7,14,2,1,4,25,2,2,3,1,13,17,11,0,2,2,3,1,7,26,3,0,14,16,8,5,10,4,3,10,1,29,7,1,2,5,3,32,4,13,4,10,3,14,1,20,30,27,20,9,0,19,5,6,2,4,7,3,4,31,19,35,4,2,4,0,8,2,8,13,18,4,3,7,2,3,25,17,1,1,1,12,20,2,27,16,2,0,2,5,9,5,6,13
"1",17,7,2,3,15,1,14,17,6,3,1,28,25,4,13,1,7,0,9,28,5,15,12,14,3,0,7,8,43,1,0,5,1,11,20,0,13,26,3,8,1,6,0,19,9,5,3,5,16,3,24,3,1,5,1,2,1,29,3,13,2,10,1,4,1,5,22,21,27,32,2,37,3,3,6,2,0,10,11,15,4,5,14,1,11,20,2,3,1,6,1,14,16,5,35,1,6,3,7,14,14,3,10,2,1,26,1,0,7,0,0,37,24,8,0,4,3,7,0,2,0,3,6,0,3,9,7,13,13,3,2,2,5,15,3,15,1,20,1,26,2,7,2,10,4,0,19,11,9,12,9,1,3,28,8,15,1,7,3,2,11,1,7,7,5,1,3,4,3,5,0,4,1,3,1,27,18,5,11,1,2,0,3,1,22,49,5,5,12,4,6,2,4,4,14,20,0,3,17,5,3,3,0,1,9,7,0,2,25,9,44,15,3,0,41,0,5,5,2,3,4,4,1,25,27,4,13,1,1,2,27,2,2,4,1,16,15,5,2,1,2,0,1,9,30,3,3,13,15,6,3,10,11,1,4,0,27,12,0,7,4,0,38,3,13,9,10,2,5,3,33,36,19,33,12,0,15,1,7,2,10,8,4,9,34,20,41,5,5,6,1,4,0,9,15,32,1,3,11,1,3,28,11,0,1,3,12,12,3,16,11,2,0,2,7,6,5,14,20
"1",11,1,3,3,27,1,17,18,8,2,2,28,23,1,9,5,2,0,17,31,3,20,17,18,0,1,8,13,63,1,2,3,1,6,15,4,18,31,5,17,1,8,1,22,11,7,2,5,29,0,25,1,1,9,2,1,1,34,3,14,2,11,3,1,4,4,15,25,16,35,2,30,6,5,8,0,2,16,8,15,13,4,11,1,9,10,1,2,1,10,1,20,18,6,42,1,13,2,16,13,20,1,7,0,4,30,0,0,10,0,0,35,15,7,3,1,1,6,3,1,0,4,7,0,3,14,8,7,8,4,2,2,3,17,1,7,1,24,1,24,0,2,4,10,3,0,19,10,6,9,11,4,3,27,6,23,2,5,4,3,8,1,7,13,1,2,1,7,2,2,1,3,3,2,0,36,14,4,25,0,0,0,3,0,32,54,6,6,15,14,10,5,3,1,17,19,2,2,12,4,4,4,6,1,14,4,0,1,18,3,18,17,1,1,41,1,6,4,3,3,5,4,0,16,21,1,23,8,7,7,17,0,2,1,4,17,16,11,1,5,0,1,5,3,25,1,0,18,14,3,0,6,8,7,9,1,20,12,1,5,1,4,29,7,14,6,6,5,5,0,27,31,28,13,16,2,24,2,9,2,9,7,7,2,23,25,61,1,2,10,3,11,1,8,15,18,2,5,3,0,3,21,7,0,0,3,18,16,0,15,10,1,0,4,2,10,7,10,12
"1",13,5,0,4,27,1,20,13,8,1,3,21,20,7,10,0,5,1,7,26,3,24,15,12,3,0,9,3,35,3,2,5,0,14,27,1,22,26,3,17,2,7,4,21,14,4,4,6,24,2,19,0,2,9,1,1,6,20,1,6,1,21,5,2,2,2,18,19,21,19,2,32,5,1,3,3,0,13,11,19,6,2,9,0,12,20,3,4,0,13,5,8,17,7,42,1,9,1,12,12,10,6,4,0,2,19,3,0,13,1,1,32,19,5,2,2,0,6,9,0,1,4,6,0,0,15,8,7,7,4,3,0,4,13,3,9,3,12,0,32,0,2,4,12,3,3,21,7,12,14,10,1,2,23,5,28,4,4,3,6,7,0,3,7,1,3,7,8,2,5,0,1,0,6,1,17,20,6,13,1,0,0,4,2,32,45,4,3,15,9,4,0,5,2,11,16,1,1,15,3,0,2,4,0,17,1,0,2,33,8,32,6,3,2,29,1,2,5,4,5,6,6,0,19,24,0,21,6,6,9,20,2,2,0,5,11,15,7,3,2,3,0,4,3,19,5,0,16,12,12,3,7,5,2,3,1,18,3,2,5,2,1,30,5,13,6,2,5,9,1,27,21,13,24,20,1,13,4,5,3,6,5,4,7,16,18,31,0,5,3,1,5,2,5,25,25,1,0,1,4,3,15,13,1,1,3,11,13,4,21,14,0,0,0,6,2,5,8,20
"1",23,2,1,2,13,0,18,16,2,2,0,30,15,7,14,5,4,0,11,34,5,30,19,15,1,0,8,7,29,4,2,4,5,6,16,3,22,14,1,14,4,5,0,14,12,6,2,2,36,2,18,1,5,6,6,4,4,17,2,6,1,14,2,0,1,3,19,21,21,26,4,36,1,3,5,0,0,13,14,14,17,3,18,2,7,22,5,5,2,4,3,14,9,4,45,1,8,7,20,12,14,7,13,1,1,27,3,0,11,0,0,26,15,3,4,1,0,6,1,0,0,1,10,2,3,17,10,13,2,4,3,1,4,13,0,20,1,25,1,16,1,1,5,2,0,0,19,8,7,9,10,2,1,18,13,20,4,4,3,7,19,2,8,9,2,4,1,9,6,5,0,6,3,1,0,34,16,1,14,1,0,0,1,1,37,60,3,7,13,4,6,2,6,1,16,18,0,1,21,7,2,5,8,3,10,1,0,6,22,14,31,6,5,3,32,0,6,11,5,4,7,2,1,22,23,1,28,0,11,12,25,1,4,1,2,15,12,7,0,2,1,1,6,5,11,5,1,20,12,9,5,7,8,7,7,1,19,12,0,5,2,1,53,7,21,4,11,2,9,3,28,35,20,8,5,3,26,1,7,3,4,9,5,3,20,21,30,1,7,9,2,5,1,12,14,22,0,2,5,1,6,23,12,0,2,1,11,20,6,22,17,1,0,0,5,7,11,5,18
"1",18,5,1,1,24,4,24,19,9,1,2,32,14,8,12,7,4,0,13,33,4,18,18,11,0,0,13,4,56,3,1,8,1,11,22,2,24,24,3,9,3,7,0,26,15,2,2,5,36,2,22,0,3,13,3,2,1,29,0,2,0,17,8,2,3,4,16,25,24,27,6,38,1,4,5,0,1,6,6,16,6,7,14,3,8,18,2,5,3,11,4,12,4,10,37,0,4,3,17,13,22,7,11,2,3,22,0,1,13,1,0,47,14,6,3,2,1,7,1,5,0,6,7,2,0,13,6,3,13,1,1,0,5,11,2,16,0,20,0,23,1,3,3,13,4,1,18,2,9,13,6,4,3,31,6,30,2,2,2,3,11,1,2,9,0,1,1,2,9,4,0,1,2,3,1,19,23,0,23,0,2,0,1,2,30,60,5,6,14,4,7,2,8,5,14,18,1,2,19,5,5,1,7,0,6,3,0,8,20,8,29,16,1,3,49,0,3,3,0,3,10,2,0,17,14,3,23,1,2,13,25,8,1,1,0,8,17,8,2,1,1,3,6,3,30,2,2,14,8,6,4,9,8,4,5,0,28,10,0,1,2,1,42,3,15,4,8,4,16,0,18,37,17,28,8,0,33,2,10,0,3,12,6,4,35,12,34,1,2,8,1,4,1,13,24,19,1,1,4,2,4,19,8,5,1,3,13,19,0,25,24,3,1,2,7,7,14,12,13
"1",17,6,2,3,29,1,15,15,13,2,0,27,19,2,16,2,3,1,15,23,2,31,27,9,2,2,11,7,55,4,0,2,1,9,24,1,20,31,6,7,2,5,4,23,8,11,3,10,33,1,26,2,0,3,4,3,0,13,3,6,2,10,7,1,6,2,21,30,20,23,3,30,5,0,3,0,4,10,8,24,2,4,5,3,11,20,2,6,5,6,2,11,5,2,38,1,4,1,17,16,11,6,5,2,1,30,0,0,19,1,0,34,17,7,6,2,0,12,2,1,0,1,2,2,1,14,4,7,7,8,1,1,3,12,0,8,0,28,0,13,3,2,4,4,0,0,14,3,7,16,13,2,3,25,11,21,0,5,3,2,13,0,6,6,2,3,3,5,2,2,1,11,1,5,0,26,16,2,14,1,1,1,2,2,14,68,5,8,16,3,5,2,3,3,19,12,1,2,27,5,6,3,5,1,11,1,0,4,21,9,26,13,0,3,34,0,5,11,5,2,6,3,0,15,18,3,20,0,2,15,25,10,9,4,1,6,20,10,1,3,1,0,4,8,31,2,0,12,12,6,2,8,6,4,5,2,28,6,2,3,2,0,42,11,15,7,10,1,14,2,27,43,27,19,12,1,14,3,8,2,9,4,8,16,23,18,36,2,1,3,3,4,4,6,23,24,3,3,2,1,9,29,7,0,3,0,11,24,3,33,10,3,0,4,13,9,10,9,11
"1",13,3,2,3,26,0,22,12,8,1,1,24,19,4,12,5,8,2,20,16,3,28,18,22,0,0,11,6,49,4,0,2,3,6,21,0,13,15,1,7,3,10,1,32,11,5,1,9,23,1,24,2,3,3,5,0,2,24,2,12,2,9,3,0,1,1,14,28,13,35,4,47,0,5,7,0,3,16,2,22,5,2,9,0,8,11,3,1,3,8,1,20,20,9,35,0,12,5,16,17,10,6,7,2,5,28,0,1,5,4,0,25,17,6,3,0,1,3,6,0,3,2,8,1,0,7,11,2,5,6,1,1,7,9,0,12,0,28,4,35,0,5,3,7,1,1,22,15,3,15,10,0,4,23,2,21,1,3,5,4,2,1,4,13,1,1,1,7,5,5,1,3,1,1,1,21,15,4,11,0,0,1,2,2,19,72,2,6,32,5,6,3,2,0,20,16,0,2,23,3,1,3,8,2,5,1,2,1,22,10,41,8,1,3,29,0,3,10,5,6,12,2,0,18,24,1,16,2,5,7,19,5,2,3,3,10,15,6,1,2,1,0,4,4,23,7,1,10,10,7,2,7,6,2,7,0,18,12,3,10,1,1,31,3,17,4,12,0,6,1,36,32,39,19,9,2,30,2,7,0,5,8,6,4,12,19,33,0,3,2,3,6,5,7,19,30,5,3,5,3,1,23,12,1,1,2,15,27,1,8,13,3,0,3,17,10,5,6,14
"1",12,3,2,2,28,0,18,23,5,1,1,35,12,4,6,4,9,0,10,25,6,46,13,24,0,0,4,5,54,4,1,7,4,9,23,2,36,18,3,14,2,8,2,16,16,8,5,8,31,2,29,2,0,10,1,3,5,22,1,11,2,21,7,1,0,3,7,32,21,20,3,25,0,3,2,1,2,18,7,24,2,9,13,4,7,27,4,2,0,10,4,10,16,10,39,1,7,4,9,15,18,7,3,2,1,28,0,2,10,5,0,26,19,7,3,1,1,6,5,0,0,1,13,0,0,13,7,12,11,7,3,3,3,15,1,16,0,18,0,24,0,4,4,10,3,0,19,5,6,14,7,2,0,24,2,21,1,3,6,1,6,0,5,10,1,1,4,12,4,7,0,3,0,2,0,18,20,3,15,0,2,0,4,1,19,56,5,7,10,6,9,3,5,4,20,12,1,1,32,8,2,3,7,0,12,2,1,4,17,11,31,6,4,2,45,3,3,6,5,4,17,7,1,34,25,0,25,3,7,13,19,1,6,3,0,18,17,6,0,3,0,0,3,5,28,2,0,12,12,7,2,6,9,5,1,2,16,14,1,10,0,0,39,8,22,2,13,1,5,1,21,35,18,17,10,2,16,4,13,5,0,7,6,3,25,23,55,0,5,9,1,6,3,7,16,30,2,4,3,1,3,34,12,2,2,0,13,15,1,14,15,1,1,1,7,5,7,9,16
"1",11,3,1,5,23,3,18,21,9,3,0,33,28,9,18,6,2,1,9,29,1,26,11,16,1,1,8,5,41,4,4,9,1,9,34,1,29,28,5,11,3,7,3,29,17,5,1,5,30,1,13,2,1,5,2,0,0,38,3,15,1,12,5,2,3,5,21,17,21,29,5,35,1,1,1,1,2,18,8,15,7,4,8,3,5,23,3,5,3,5,3,15,16,16,23,1,0,3,22,16,11,7,5,0,2,27,1,0,10,5,0,22,23,7,2,4,0,2,7,2,5,5,9,0,0,8,2,11,4,8,2,0,2,11,2,7,1,10,1,35,6,4,7,17,2,1,20,0,9,16,17,4,0,29,3,28,0,3,2,3,7,0,3,14,2,4,4,13,7,4,0,5,3,4,0,21,8,1,23,2,0,0,3,3,24,49,2,8,9,8,5,1,8,2,18,19,1,1,23,6,1,2,2,2,5,1,2,2,22,5,33,6,5,0,48,4,0,5,2,5,13,3,0,18,22,4,10,3,7,4,16,0,5,0,3,3,17,7,0,5,0,0,4,6,10,5,0,23,11,6,4,1,4,6,10,2,23,7,2,4,3,1,32,6,14,2,3,2,9,0,30,38,26,31,11,1,15,1,6,2,7,4,6,6,15,19,34,2,0,4,1,11,1,6,15,16,1,6,7,4,3,18,11,2,0,3,15,22,0,21,20,2,1,2,5,10,8,4,14
"1",14,4,0,7,11,0,19,11,7,3,3,14,21,3,19,5,4,0,5,28,4,30,20,16,0,1,4,9,40,4,1,5,2,4,31,1,24,25,2,11,4,5,9,14,14,5,2,2,23,1,15,1,2,4,4,1,2,26,3,19,0,10,2,3,2,2,20,28,22,16,1,22,0,2,3,0,2,22,12,8,7,2,8,3,1,21,1,5,1,11,0,19,12,0,38,0,12,1,18,13,15,2,12,2,2,27,1,0,15,4,1,30,20,10,0,5,2,3,6,0,2,1,13,0,2,7,5,11,6,5,3,0,2,7,3,15,0,22,0,32,2,2,2,10,0,0,16,3,10,13,5,8,2,19,5,18,2,1,0,1,8,3,5,10,1,11,2,8,12,7,0,11,0,4,0,26,13,3,15,0,0,1,5,4,19,54,0,7,20,15,9,3,7,1,18,20,0,0,10,2,5,2,3,1,10,1,0,5,15,14,29,6,0,0,55,1,6,5,8,6,9,0,1,18,27,3,19,1,2,7,34,2,6,6,1,11,18,9,1,6,2,2,4,13,19,4,2,22,13,7,4,9,12,1,9,1,22,3,6,3,1,0,31,7,11,3,8,7,6,0,31,31,13,27,19,2,15,3,3,2,8,7,4,4,19,21,38,3,1,4,3,10,0,6,15,15,2,10,2,4,2,29,13,0,4,4,15,20,4,15,12,2,0,0,13,13,4,10,18
"1",15,0,0,4,28,0,14,10,7,1,2,25,15,4,9,1,4,1,8,23,3,32,11,14,4,2,9,13,49,4,1,3,1,8,23,4,29,25,2,15,2,4,2,12,21,2,1,4,43,1,30,2,0,8,3,5,4,22,3,10,0,14,3,2,1,6,14,29,38,21,2,26,1,2,6,0,4,5,10,24,5,6,15,0,4,27,1,3,4,4,3,20,20,9,39,1,7,1,9,12,13,0,5,0,2,19,3,0,11,2,1,22,16,11,1,1,2,0,3,0,2,4,5,1,3,22,4,8,3,6,1,0,1,10,1,10,3,23,0,24,0,2,8,16,1,2,25,5,6,10,12,0,2,26,3,22,7,4,1,4,7,2,4,9,1,2,1,6,5,3,0,7,0,0,0,22,22,6,20,0,0,0,3,6,31,69,5,3,13,9,3,3,6,1,10,15,1,3,19,4,2,3,5,0,10,4,0,2,21,7,18,14,3,5,38,0,3,4,4,2,9,1,0,22,12,2,22,1,9,9,18,9,5,3,3,8,26,6,3,2,0,1,2,5,21,8,2,29,11,7,2,11,8,6,12,1,29,18,2,5,1,0,40,1,8,3,6,1,5,2,34,40,25,12,10,2,13,3,16,1,8,7,8,2,36,20,41,2,5,5,5,8,1,2,20,16,1,5,9,0,4,25,12,3,2,1,16,20,0,13,15,2,0,0,9,10,7,12,12
"1",14,3,5,2,28,0,16,20,9,3,0,26,20,10,7,2,4,0,20,25,4,32,20,9,1,2,7,10,50,4,0,3,2,8,20,1,21,40,2,10,7,5,2,28,22,11,4,6,37,0,25,4,0,7,0,3,3,25,7,10,6,17,1,1,5,4,21,29,26,29,1,31,0,1,9,2,1,13,11,11,2,3,8,2,6,24,3,1,2,8,1,10,5,10,31,0,7,3,16,17,15,4,8,0,3,34,1,2,12,2,2,53,21,6,1,0,1,1,5,1,4,4,11,0,2,15,3,10,7,6,3,1,2,4,0,17,5,19,0,31,1,0,4,7,2,0,14,14,6,15,7,3,5,30,6,20,5,2,1,4,4,1,4,9,1,1,1,6,2,9,0,7,1,0,1,25,7,7,18,0,0,0,5,4,18,69,5,4,12,10,6,5,3,3,9,24,1,2,19,3,1,0,13,0,7,2,1,5,21,10,28,12,1,2,38,0,0,4,4,2,5,1,0,19,26,3,24,1,3,3,20,4,3,3,0,9,12,8,0,1,3,0,6,9,21,2,1,22,12,6,3,10,8,5,13,0,27,6,3,7,0,0,63,8,22,0,10,5,15,0,30,20,16,9,16,0,14,4,5,0,7,2,5,1,18,25,39,3,4,6,3,4,1,9,15,26,1,9,2,2,3,23,6,1,2,0,16,21,3,24,18,1,0,0,7,8,8,6,16
"1",11,1,1,2,22,2,23,13,5,3,2,18,28,12,16,1,1,0,9,26,2,26,17,17,0,1,18,3,45,2,1,6,2,6,17,1,21,28,2,19,2,0,2,21,17,2,1,8,31,2,21,1,3,7,1,1,0,14,0,5,1,18,2,2,2,5,17,30,21,20,2,48,0,1,6,0,0,10,9,15,6,5,19,1,15,29,1,6,5,8,2,11,6,10,44,1,9,3,13,10,9,5,7,0,3,29,0,0,8,3,0,38,18,6,0,3,0,2,3,0,4,5,6,4,1,16,4,10,8,5,0,4,3,10,2,16,2,22,0,21,5,4,5,11,3,1,24,6,10,8,5,2,2,16,3,18,4,4,3,1,11,1,4,13,0,1,2,4,7,3,0,9,1,4,0,24,20,2,11,0,2,0,2,4,16,74,6,1,25,8,6,0,9,4,13,18,1,0,18,3,2,3,2,3,9,3,0,2,20,3,14,13,1,4,50,0,5,4,2,3,15,1,0,15,21,2,19,2,9,3,24,5,3,2,3,15,12,11,1,2,0,2,3,11,15,9,0,20,9,11,1,6,12,2,3,4,27,6,1,5,1,1,39,5,11,1,12,5,15,2,26,36,21,12,7,2,10,2,8,3,9,4,8,8,16,17,45,0,3,6,0,1,1,6,20,35,3,4,4,1,2,20,13,2,1,1,17,23,0,14,20,2,2,1,3,2,7,15,16
"1",14,2,3,5,29,3,22,18,7,3,0,12,14,4,13,0,6,0,17,31,1,26,20,16,1,2,11,13,48,5,0,7,3,8,39,0,31,31,0,21,6,2,6,16,25,8,1,2,26,7,25,5,4,8,2,1,2,33,3,9,1,13,5,1,3,4,22,29,39,28,4,34,0,2,9,2,3,7,10,18,4,12,14,0,11,13,0,3,1,6,2,19,14,14,32,1,2,2,22,14,13,6,6,2,2,28,0,0,16,1,0,35,17,8,2,1,2,3,1,0,0,7,11,0,4,14,2,5,7,3,2,1,0,7,1,11,1,12,1,17,1,5,5,14,1,4,21,1,4,10,14,2,4,34,7,35,4,3,5,3,11,0,5,3,4,2,0,14,2,5,1,9,0,1,0,30,13,3,19,0,0,1,3,5,35,62,0,10,16,7,15,3,3,6,15,26,1,0,18,4,1,1,5,1,10,3,1,7,16,3,26,11,3,0,33,1,3,5,2,2,16,5,0,20,25,1,16,0,3,9,13,7,2,2,3,12,21,7,0,6,1,0,5,7,22,1,0,14,11,1,2,10,10,3,5,1,30,9,3,6,1,0,39,5,16,2,7,2,5,0,42,29,16,20,3,1,14,6,11,4,6,12,3,4,22,24,30,1,5,10,0,2,0,16,11,19,2,4,9,1,0,18,21,4,2,0,22,23,1,20,16,1,0,0,11,14,8,4,21
"1",17,3,2,2,19,1,22,16,6,6,4,28,30,3,14,2,4,0,7,19,10,29,15,24,0,0,20,7,56,10,3,6,5,11,15,1,20,32,3,15,7,1,3,21,15,4,1,1,27,2,18,2,2,9,0,2,8,36,5,7,2,19,5,2,0,4,14,17,27,26,3,29,0,5,4,2,3,8,8,5,10,3,8,0,11,20,1,7,2,9,1,16,9,7,48,0,9,5,18,12,10,4,6,1,2,24,4,1,18,2,0,27,22,8,4,2,1,4,3,0,1,0,9,0,2,12,4,9,9,3,3,0,0,6,5,13,1,18,1,25,3,8,4,17,1,1,27,13,13,11,18,3,4,12,11,26,2,5,0,4,10,1,3,22,4,1,1,3,2,7,1,6,3,2,0,26,24,7,10,0,1,1,7,1,25,62,2,8,8,10,6,9,3,0,15,9,0,3,30,2,3,4,2,1,14,0,1,4,8,11,38,9,3,4,36,1,2,4,6,0,9,3,0,21,24,3,22,0,3,10,12,4,1,4,1,13,12,8,2,4,0,1,3,12,18,5,2,14,12,3,3,8,4,4,5,1,26,13,1,6,2,0,42,6,16,0,10,4,3,1,27,34,20,12,22,2,14,3,7,3,11,9,12,8,15,7,47,2,1,2,1,8,1,15,12,39,6,9,5,4,3,11,10,3,2,1,15,17,0,17,12,3,0,2,12,11,9,11,11
"1",16,5,3,1,18,1,25,22,5,3,0,30,24,5,11,1,6,0,13,29,1,36,14,21,0,0,10,5,46,1,1,4,2,10,30,0,21,23,3,14,5,2,1,17,23,4,1,11,12,2,27,0,5,6,2,1,1,23,1,8,0,12,5,2,2,5,17,35,20,22,5,25,1,2,10,0,3,9,7,13,7,3,14,1,9,26,2,3,0,12,2,14,16,11,51,0,7,1,7,18,15,1,6,0,1,19,1,0,10,2,1,24,25,4,3,2,2,2,3,0,0,12,5,1,1,11,4,18,12,2,2,0,3,13,0,11,2,25,3,26,2,1,7,19,0,1,15,5,2,13,7,2,0,16,6,16,5,6,4,7,10,1,7,23,3,3,2,11,1,9,0,2,1,2,0,24,27,4,30,0,0,0,4,3,28,62,2,3,9,8,7,10,1,3,11,15,0,1,17,5,1,4,7,0,7,0,0,3,20,6,33,7,1,2,46,0,5,6,4,2,5,2,1,13,14,2,17,0,8,5,22,2,4,0,3,14,18,6,0,4,1,1,6,3,21,5,0,19,14,5,4,13,8,3,4,1,28,14,1,8,0,0,21,3,23,1,2,2,9,0,19,43,25,15,10,2,14,2,5,0,10,5,10,5,21,15,43,1,1,5,0,5,2,16,15,20,4,9,4,1,2,16,12,0,0,2,30,23,3,15,12,2,0,1,7,8,8,2,13
"1",17,1,3,8,20,1,9,15,13,4,2,17,20,4,12,1,5,0,11,27,0,24,20,13,1,1,11,6,45,3,2,7,1,13,31,4,14,26,0,16,1,4,2,27,14,3,3,7,24,1,28,0,1,9,1,3,1,11,1,17,1,16,2,0,2,6,17,34,32,27,3,31,2,1,6,3,4,16,11,18,7,4,12,1,9,9,5,4,1,12,0,9,11,6,44,0,3,3,19,14,6,5,11,1,1,31,0,1,9,4,2,32,24,14,1,3,1,7,1,1,2,6,16,1,1,10,8,6,10,17,2,2,5,13,1,10,3,22,0,24,0,7,0,6,2,2,7,4,7,18,15,2,2,31,7,27,5,3,5,2,6,2,13,4,1,3,0,13,2,13,0,6,3,4,0,30,26,2,15,0,1,1,2,2,19,62,2,8,17,10,7,3,4,2,8,16,2,2,23,7,2,1,3,1,10,1,0,6,14,7,29,17,2,1,42,2,4,5,5,6,14,4,1,13,14,1,16,1,8,14,22,5,5,3,6,12,12,9,3,1,1,0,3,9,22,6,2,12,16,1,3,6,6,6,4,3,15,12,1,5,0,3,31,7,12,1,8,2,11,1,17,33,30,22,11,0,20,2,4,1,9,2,4,8,15,21,39,7,4,11,3,3,2,4,13,28,6,6,2,1,1,20,11,0,0,0,10,14,1,27,28,2,1,3,5,3,8,5,17
"1",23,1,0,2,24,1,14,16,6,6,1,25,10,3,20,2,5,0,11,25,3,28,12,11,3,0,9,4,39,6,4,3,3,10,15,1,28,25,2,12,5,4,2,27,12,4,1,9,18,2,22,0,2,6,0,2,0,28,5,12,1,12,5,0,0,4,16,24,33,22,1,26,0,1,6,2,0,13,9,22,8,9,9,2,10,27,2,2,1,16,0,8,18,11,34,1,6,3,18,17,13,6,9,1,3,23,3,0,11,2,1,26,13,9,1,3,5,10,0,0,3,1,16,1,1,15,4,11,8,1,1,0,2,17,2,10,0,11,0,29,0,2,3,6,1,2,15,1,7,8,6,4,3,20,4,19,2,7,3,1,9,3,4,15,2,2,0,14,3,6,0,10,0,2,2,26,15,3,23,1,0,0,2,1,21,59,3,7,14,7,9,5,4,1,11,15,2,0,14,3,2,4,5,1,7,2,3,9,24,11,23,9,1,2,32,0,1,8,8,5,2,3,0,19,19,1,15,1,2,16,35,3,2,2,0,13,14,7,1,3,2,1,4,4,16,8,1,15,7,5,4,8,2,12,4,2,30,13,2,8,0,3,27,4,14,2,7,1,11,0,31,39,24,12,10,1,11,2,13,4,9,7,4,7,26,14,30,4,1,8,2,8,2,9,15,23,1,2,3,1,0,25,11,4,1,3,11,22,0,10,11,0,0,1,3,8,7,6,17
"1",18,1,0,7,14,0,19,17,7,4,0,19,22,4,13,0,4,0,11,23,4,23,14,19,3,1,7,5,38,3,0,9,1,8,22,1,24,21,4,17,2,3,1,28,11,6,10,3,34,3,15,5,1,12,4,3,1,15,1,4,2,17,1,2,0,3,18,28,24,24,0,35,0,4,4,0,4,14,6,23,7,6,6,2,10,20,1,1,2,9,2,9,17,10,33,2,9,4,14,18,10,2,6,4,1,20,2,0,9,3,0,28,22,7,1,1,0,6,3,0,0,3,10,0,2,17,7,12,10,8,3,3,6,11,0,4,2,14,0,20,0,1,2,6,1,0,23,7,12,16,4,7,5,19,10,22,0,10,0,2,8,0,11,11,1,8,1,4,1,6,0,6,0,4,2,17,21,1,10,0,0,1,3,1,18,59,0,11,17,3,12,3,5,2,13,19,2,5,26,2,4,2,7,0,14,0,1,3,25,4,30,11,2,0,28,0,2,8,4,5,9,0,0,12,23,3,16,0,9,10,17,5,8,1,4,11,18,7,0,6,4,1,3,9,10,7,1,12,10,4,2,12,4,5,7,3,17,13,2,3,5,0,40,2,26,2,10,2,10,0,25,42,22,15,15,3,19,2,7,4,4,3,3,8,25,14,30,2,4,3,1,10,2,3,12,18,3,9,4,4,2,30,12,2,0,2,8,13,1,12,17,2,0,1,6,8,13,3,14
"1",23,0,3,3,19,1,12,14,8,6,1,24,13,2,7,1,4,1,14,20,3,35,18,20,0,2,7,3,49,2,1,3,1,5,26,1,37,31,3,15,8,2,6,25,16,9,3,10,23,0,23,1,1,2,0,2,1,17,4,11,0,16,1,1,2,8,15,24,30,22,4,38,1,0,7,1,1,7,0,20,4,3,4,1,13,25,1,0,4,14,3,8,14,8,49,1,7,4,16,15,18,3,12,1,0,30,2,2,15,1,0,23,21,7,1,4,2,6,10,0,1,4,7,1,4,8,6,15,6,5,1,3,4,18,2,17,0,15,1,32,1,4,5,14,4,0,25,12,13,17,9,2,1,19,7,26,4,7,2,9,5,0,11,8,1,4,4,10,5,3,0,6,6,0,0,19,16,4,21,0,2,2,4,1,20,69,6,5,13,8,8,6,4,5,17,7,1,2,22,10,2,2,4,0,11,3,0,2,19,7,25,4,4,1,46,1,1,9,2,5,8,1,3,17,26,1,26,2,8,5,31,0,1,0,3,7,17,11,0,2,3,2,6,7,27,3,1,16,16,7,5,8,11,2,9,2,15,6,2,1,1,0,31,0,11,4,12,2,4,0,21,31,13,25,21,2,18,1,10,4,7,12,1,12,33,21,52,1,1,3,0,5,3,6,16,29,7,11,6,0,2,25,10,5,1,2,11,21,2,19,19,2,2,1,3,6,8,4,21
"1",14,2,0,3,25,0,10,9,10,2,0,25,16,9,15,1,5,1,5,24,1,30,6,15,1,0,5,2,31,2,3,5,3,10,23,2,19,18,1,16,2,3,5,24,15,6,0,14,22,1,25,1,5,9,1,3,1,33,0,9,2,13,6,1,0,3,15,22,21,25,1,21,1,2,6,1,3,15,4,25,6,3,14,3,4,17,2,2,4,5,3,9,11,7,34,1,9,3,15,13,14,6,8,2,1,13,0,0,8,1,0,25,15,5,1,3,2,12,1,2,2,3,5,0,4,19,8,1,5,5,1,0,5,10,0,14,3,14,1,23,0,2,5,11,2,0,20,2,13,9,6,2,2,23,4,27,1,11,1,2,6,1,5,8,3,7,6,5,3,6,0,9,4,0,0,24,16,2,22,0,0,1,0,0,31,38,5,5,19,8,4,2,6,2,14,13,2,2,24,10,1,1,6,0,7,1,0,6,21,11,27,14,3,1,41,0,3,7,3,3,9,4,1,18,16,3,28,2,4,17,13,0,5,0,4,15,13,5,0,0,0,1,4,7,15,4,0,14,4,3,4,12,7,7,4,1,23,9,1,6,2,1,25,2,17,1,6,2,9,1,27,34,25,21,9,2,24,1,11,2,10,5,8,10,25,15,36,1,6,9,0,2,2,9,30,24,3,5,7,3,5,20,15,0,0,1,8,27,2,13,16,2,0,2,16,8,10,10,10
"1",13,1,3,6,22,1,14,17,3,4,0,38,18,5,10,2,8,0,12,31,4,29,16,27,2,2,8,2,58,5,4,6,1,9,27,0,37,36,2,11,0,1,4,17,16,5,4,8,38,0,30,2,2,8,1,2,3,28,0,13,0,14,5,0,0,1,38,19,19,26,3,25,1,3,3,0,3,13,6,23,5,5,6,1,6,25,3,2,1,14,4,16,8,6,45,1,8,2,9,7,8,5,9,2,0,27,3,1,13,0,4,23,23,3,2,2,0,7,6,0,0,3,14,0,1,14,15,4,6,9,2,2,8,8,0,15,5,21,1,16,1,3,4,19,3,0,18,3,12,13,11,2,3,19,1,25,3,4,4,2,12,0,4,15,2,3,8,9,3,6,0,6,1,1,2,21,15,4,18,2,3,0,7,0,41,61,5,3,13,11,5,6,6,1,13,15,1,2,17,5,4,2,10,0,6,1,0,4,16,5,17,8,3,1,46,2,4,6,5,2,13,5,0,29,25,2,17,0,8,16,21,3,7,1,3,12,15,12,1,1,0,2,2,14,23,7,0,20,10,4,3,9,5,4,5,1,23,9,5,4,1,1,33,10,14,1,8,4,11,0,36,36,15,19,15,5,10,0,5,2,6,6,1,7,26,15,32,0,5,6,4,8,1,9,17,27,2,4,1,1,4,34,13,1,0,0,14,22,0,26,25,1,0,5,8,9,9,12,13
"1",10,0,3,3,24,1,20,13,6,8,1,33,28,2,15,3,6,1,21,27,2,35,15,17,2,1,10,4,46,5,2,5,6,7,23,0,26,22,2,10,2,1,5,28,10,5,0,12,29,0,28,1,1,9,2,3,2,24,3,13,0,18,4,0,1,5,13,24,23,24,5,37,0,5,7,1,5,12,6,24,7,9,18,1,9,11,4,6,1,7,1,12,20,5,45,2,3,4,12,19,17,1,8,0,5,22,2,2,13,3,0,21,25,9,1,1,0,6,2,0,0,5,11,0,1,13,4,9,3,6,0,0,2,10,0,17,2,18,1,12,1,4,2,8,1,0,21,3,9,14,5,1,1,14,5,20,0,3,3,8,9,0,7,10,0,2,2,14,8,4,0,9,2,2,0,31,23,1,22,3,0,1,1,1,28,53,11,9,12,7,6,5,1,0,15,16,3,4,31,6,4,2,2,1,4,0,1,7,22,8,37,10,3,2,32,0,1,6,4,3,2,2,0,21,31,0,25,0,6,10,24,4,5,2,8,11,22,7,1,2,1,3,0,5,20,6,2,11,13,6,6,3,2,3,7,2,25,10,1,5,0,0,38,4,30,0,8,3,7,0,27,31,24,21,9,4,23,1,9,3,8,8,6,4,17,19,41,3,4,14,6,6,0,5,14,27,2,2,3,3,4,38,11,4,2,0,18,10,0,12,16,1,0,6,4,6,4,5,7
"1",22,4,3,2,18,1,18,11,13,12,0,35,29,1,13,1,4,2,10,21,4,31,16,11,0,1,8,4,44,2,1,7,4,7,24,1,22,40,3,13,1,3,3,20,19,11,4,11,31,4,14,0,3,17,1,4,0,24,10,6,0,10,3,1,1,1,21,21,17,19,1,32,1,1,4,0,4,9,5,17,5,7,9,3,7,18,2,5,2,12,2,18,13,6,23,1,8,4,24,11,12,4,10,2,5,22,0,0,9,5,1,36,25,5,3,2,1,6,4,2,1,7,9,1,3,19,9,9,5,2,0,5,5,9,0,16,1,14,1,17,0,1,5,5,0,1,11,5,10,13,14,6,0,22,3,23,1,4,4,4,12,3,9,9,3,2,2,9,2,6,0,6,2,1,0,22,17,2,20,3,2,0,2,5,30,67,8,6,8,14,9,4,4,3,11,16,2,2,19,2,3,3,6,0,16,2,1,7,15,9,27,14,6,1,47,3,1,8,4,0,5,3,2,16,28,4,25,1,4,8,20,4,4,4,4,18,20,5,3,1,0,3,4,8,22,6,0,16,9,5,8,9,3,7,6,1,27,17,1,2,1,2,32,7,13,3,7,2,9,0,26,45,12,29,10,2,23,4,5,0,8,6,4,11,11,22,39,2,1,10,2,9,0,8,16,18,2,3,7,3,3,13,13,0,0,2,8,23,0,17,16,0,0,4,3,10,8,6,11
"1",29,2,1,3,16,0,19,16,9,2,0,20,12,7,25,1,2,0,10,31,2,18,5,16,0,1,12,6,64,0,3,4,2,6,28,0,32,33,4,15,3,2,3,34,9,4,0,7,28,1,13,0,6,15,1,2,1,27,3,14,1,12,3,0,3,4,16,36,24,22,1,27,2,7,10,0,0,10,7,14,2,10,6,1,10,20,2,1,4,5,1,17,10,8,47,0,2,6,12,16,11,5,4,2,5,23,0,2,12,1,1,31,22,6,1,1,2,9,8,1,1,1,13,1,7,18,3,8,11,2,0,1,5,10,0,17,3,21,0,24,1,3,0,15,1,0,22,9,17,10,10,3,1,31,11,33,3,5,1,3,8,1,4,17,3,4,9,13,6,6,1,5,0,0,1,21,18,1,11,1,0,0,6,4,33,52,3,5,10,5,3,3,5,3,12,13,0,0,19,2,8,1,5,1,8,3,2,2,20,3,34,11,2,1,42,0,5,7,1,4,4,5,2,17,35,2,16,0,6,3,19,1,0,1,3,11,19,12,2,2,1,1,5,6,14,3,0,18,11,8,1,9,5,3,23,1,21,7,0,11,1,1,35,6,15,1,9,5,12,0,33,21,16,14,11,2,14,3,11,2,3,8,9,5,34,22,31,2,5,5,0,4,0,13,15,24,1,4,3,2,3,33,10,0,2,3,8,15,0,23,11,0,0,1,9,6,14,9,23
"1",17,6,3,6,25,1,21,19,7,5,2,15,11,6,17,3,9,0,6,18,3,31,11,11,2,2,11,2,48,1,1,3,2,10,10,2,21,34,1,6,3,3,3,19,18,6,1,6,26,1,20,1,2,9,1,2,3,30,4,13,4,14,3,1,1,2,22,33,39,32,3,19,2,1,6,1,5,14,4,22,4,9,4,1,6,18,3,6,2,18,2,19,10,7,35,0,11,3,10,16,14,2,6,2,3,34,2,0,13,3,0,34,17,7,1,1,0,6,1,0,3,2,11,0,2,19,6,6,12,3,2,1,3,9,0,14,1,18,1,27,0,0,2,11,3,0,25,7,14,13,8,2,1,16,5,29,3,7,4,6,10,2,7,13,1,3,1,8,14,7,0,3,2,1,0,24,17,5,5,0,2,0,1,1,28,64,5,1,21,10,2,3,7,4,11,14,2,2,22,2,2,5,2,1,6,0,1,5,16,8,23,9,1,2,36,0,1,4,5,0,14,3,1,20,30,2,17,0,3,9,24,2,6,2,2,18,23,7,2,4,0,4,4,9,20,2,0,28,9,14,2,7,8,2,9,1,21,9,2,1,0,3,40,6,21,6,6,3,6,0,27,42,24,22,20,5,12,7,9,0,9,15,2,5,27,15,30,1,3,3,3,7,2,4,21,30,4,4,4,3,2,28,13,1,1,1,15,20,2,18,17,4,1,4,11,9,9,13,16
"1",15,7,0,3,24,0,11,23,20,5,1,13,17,5,10,1,9,0,19,30,4,41,16,12,0,0,8,5,59,2,2,5,2,8,26,6,18,33,3,18,0,6,4,27,11,1,4,9,21,0,23,5,6,7,1,1,3,29,1,7,0,12,5,0,5,4,14,25,17,25,1,30,0,3,11,1,3,11,10,13,5,14,10,0,7,25,2,6,4,12,3,9,11,0,30,1,9,7,16,12,7,5,5,1,1,20,0,0,13,5,0,32,15,3,1,4,0,9,6,1,2,3,13,0,0,14,1,3,5,1,2,2,2,13,0,11,1,23,1,27,1,3,1,8,1,0,28,5,7,16,10,5,2,19,12,23,9,7,1,3,8,2,9,21,2,4,6,2,9,3,0,7,4,0,0,18,13,5,21,1,1,0,4,2,23,52,9,5,17,11,6,0,8,1,14,18,0,3,18,8,3,2,4,1,8,2,0,5,15,9,31,15,1,0,40,1,3,7,6,3,2,2,0,15,19,0,13,0,4,5,24,5,0,0,3,16,21,17,0,7,1,1,4,4,14,2,0,23,10,11,6,14,6,1,1,2,28,12,0,7,3,2,39,7,14,2,6,4,5,0,24,27,15,21,6,0,19,1,12,2,4,8,3,6,26,14,33,1,5,2,0,7,2,12,11,35,1,4,6,4,3,31,11,0,2,1,8,19,1,12,13,0,0,0,0,3,9,7,16
"1",14,3,1,8,25,1,21,9,10,4,0,20,15,3,17,0,4,1,15,16,4,28,23,10,0,2,10,6,47,2,2,2,1,4,34,2,26,27,2,13,0,6,3,17,19,4,2,1,37,0,14,3,1,10,0,2,1,30,0,8,0,20,6,2,0,5,25,28,26,36,0,27,4,1,10,1,5,22,7,12,7,10,3,1,9,16,5,1,1,4,2,15,8,8,46,1,6,2,14,12,10,3,7,2,3,33,3,1,9,3,1,28,23,9,1,1,1,3,1,1,0,6,12,0,5,12,6,5,6,4,4,0,3,2,5,15,2,18,0,26,0,3,2,9,3,0,24,11,10,18,16,3,3,34,5,14,5,9,1,4,8,0,2,12,3,4,3,8,6,4,0,6,0,1,1,15,22,0,15,0,0,0,1,4,25,68,8,6,12,17,5,5,4,2,5,11,1,1,24,3,3,2,3,0,12,1,1,4,27,11,36,11,4,1,44,1,1,7,7,6,12,1,0,17,23,3,12,0,6,10,23,2,5,1,0,13,20,10,2,1,2,0,5,5,22,0,0,21,13,3,1,10,3,5,11,2,17,8,0,6,4,2,30,4,16,1,2,7,7,0,19,43,15,14,16,0,21,1,8,1,6,4,5,7,14,17,33,5,3,8,1,2,3,11,13,23,9,5,4,4,1,17,10,2,0,2,14,21,2,18,11,2,1,1,2,6,12,10,17
"1",14,2,3,8,23,1,11,11,7,7,2,22,11,8,14,4,5,0,8,21,4,27,18,18,2,1,8,4,52,7,2,5,3,12,22,3,20,35,1,22,4,4,3,16,11,7,1,7,19,0,21,2,1,3,1,4,2,15,3,6,1,14,6,0,0,3,27,27,14,27,0,23,2,3,8,4,3,12,5,22,8,7,12,2,8,21,0,5,2,8,0,12,12,3,43,0,8,1,18,6,9,3,6,1,5,33,1,0,10,5,0,28,23,8,0,2,0,3,3,0,0,5,8,0,1,13,7,2,6,2,3,0,3,10,2,11,1,36,0,33,2,4,1,13,1,0,30,9,8,12,13,3,2,19,3,18,6,2,0,3,7,2,8,7,4,2,1,14,7,4,0,7,2,2,0,17,18,1,26,0,0,1,5,2,43,47,5,8,13,6,7,6,3,2,17,20,2,2,21,5,4,1,5,3,10,6,0,5,17,9,30,9,1,4,37,0,9,2,5,1,9,1,1,22,20,5,9,8,10,5,13,2,4,1,3,13,18,12,0,2,1,2,5,6,15,7,0,15,16,13,2,8,5,12,6,1,23,10,1,4,0,1,29,5,12,0,9,2,14,1,20,25,35,21,13,1,14,1,10,2,8,12,9,9,26,24,46,3,4,8,0,8,3,9,18,22,4,6,7,5,2,20,13,4,0,1,14,18,1,13,15,0,1,2,7,7,5,8,27
"1",19,1,4,5,12,0,20,16,7,4,0,23,28,4,17,1,4,0,9,29,1,27,19,14,0,1,10,5,60,1,2,7,3,9,20,0,22,21,4,9,0,2,6,24,14,7,0,6,34,0,14,0,0,9,0,1,1,21,3,8,0,7,5,3,1,6,23,32,19,22,1,29,4,1,7,0,1,11,8,17,7,4,10,1,8,22,3,6,3,8,1,6,12,5,45,0,6,3,17,15,12,1,8,2,1,21,1,1,10,1,0,28,19,4,0,3,1,2,2,2,0,2,15,4,5,21,6,14,7,7,1,1,2,10,3,13,3,16,0,18,4,6,2,8,4,0,22,2,11,9,3,1,2,21,6,13,3,6,2,9,3,0,7,7,2,2,2,14,3,3,0,8,0,6,2,27,19,3,12,1,0,0,2,2,32,54,6,8,23,4,5,1,3,4,17,11,1,2,20,7,3,2,1,1,9,1,2,7,20,6,43,12,1,1,38,0,4,9,3,0,5,4,0,24,20,1,8,5,4,14,24,1,3,1,2,11,15,6,1,3,4,3,5,10,22,4,1,10,11,7,4,6,6,4,5,1,22,9,3,5,3,0,35,2,20,1,8,5,6,1,26,25,23,11,13,0,19,1,7,2,9,3,13,4,25,14,32,2,4,4,0,6,1,7,12,20,5,4,1,4,1,24,13,2,0,0,13,17,1,17,19,3,1,3,7,5,12,11,11
"1",15,1,3,2,25,0,16,14,3,4,1,26,12,8,12,5,1,1,12,16,2,17,13,20,0,2,10,2,51,6,2,7,0,10,34,0,29,42,2,22,1,4,7,28,10,10,5,7,20,0,15,4,1,9,0,4,1,34,2,9,1,10,1,0,2,4,12,24,18,36,4,20,1,1,7,4,1,14,14,22,3,9,10,1,3,14,2,7,1,12,6,10,11,15,42,4,9,3,16,14,20,1,9,1,4,18,3,0,11,2,0,32,27,5,2,1,2,2,6,2,1,8,14,0,0,21,5,10,10,4,1,1,2,17,3,13,0,9,0,29,1,2,2,12,1,1,16,9,12,13,9,1,2,22,10,26,2,7,0,10,5,1,5,9,0,1,3,6,2,8,0,5,1,0,2,22,15,3,23,1,0,0,4,3,31,59,5,9,15,9,9,5,1,4,12,21,1,0,17,7,6,3,1,0,14,4,0,7,27,7,30,10,2,4,31,1,2,5,1,4,8,3,3,22,20,0,30,7,0,10,21,5,2,0,2,18,24,10,1,6,1,0,5,9,28,4,1,16,13,5,3,4,6,8,5,0,33,8,2,7,3,0,35,1,28,0,10,2,5,1,33,31,21,20,15,0,20,2,7,1,11,1,9,6,29,15,27,2,6,7,1,4,0,6,13,21,6,9,4,3,0,31,12,3,2,2,17,11,1,22,16,2,1,1,10,14,6,10,25
"1",22,2,2,3,28,1,21,9,5,5,1,29,16,2,12,3,3,0,16,23,2,26,18,28,2,0,12,4,46,4,3,5,3,10,13,2,31,29,3,13,6,4,6,18,21,4,5,6,38,2,26,2,2,8,4,2,3,23,6,5,3,11,4,1,0,2,16,26,24,16,2,35,1,5,12,0,4,8,11,11,10,1,13,0,11,12,5,1,4,13,2,10,16,8,45,2,11,3,18,11,8,1,15,0,3,36,1,0,13,2,1,35,32,6,3,4,1,4,1,0,2,4,10,1,3,12,2,11,8,1,3,1,4,7,1,9,1,19,2,25,2,7,4,4,2,1,28,9,7,29,7,3,2,14,1,30,5,4,6,2,8,0,13,13,3,5,2,17,6,5,0,4,2,3,0,26,15,4,20,0,2,0,1,1,36,52,9,3,15,6,8,2,2,4,9,14,0,2,23,3,7,1,5,0,12,4,0,6,23,8,34,13,4,2,47,1,4,10,1,5,7,2,2,28,30,3,8,3,2,14,15,8,2,2,3,15,18,8,0,4,3,0,0,6,12,6,2,15,10,5,4,5,12,4,7,0,31,12,3,2,1,2,36,8,13,3,13,1,10,1,29,22,23,13,12,1,12,2,10,3,7,9,4,4,21,14,33,3,2,8,3,6,1,12,9,24,2,2,3,3,1,22,15,2,1,1,11,12,2,16,17,0,1,2,10,5,7,10,14
"1",14,6,1,1,24,1,18,16,3,6,1,30,14,4,18,3,10,1,6,23,4,30,17,19,1,1,14,5,50,5,0,1,5,6,14,0,30,19,5,20,8,3,8,21,15,9,2,6,31,3,21,4,5,10,3,3,3,35,1,5,1,9,3,2,1,4,15,34,24,30,2,30,2,1,2,3,0,12,7,24,5,6,8,2,6,21,7,6,2,10,3,9,17,9,37,0,5,2,13,17,16,2,4,1,2,21,5,1,16,0,1,27,21,5,1,6,1,1,1,0,0,4,15,2,0,20,8,8,6,1,2,3,2,10,4,12,1,25,5,26,1,7,5,11,1,0,18,5,4,32,7,2,1,20,7,25,2,3,3,1,14,2,5,12,2,3,3,9,4,6,0,3,0,0,0,24,23,0,23,1,0,0,2,2,23,52,6,6,21,6,7,2,4,2,24,14,0,3,16,7,7,5,7,2,12,3,0,6,14,2,26,12,6,0,33,0,0,6,1,3,8,2,0,25,20,3,15,3,1,8,20,2,3,1,0,16,21,6,0,3,1,4,7,5,19,1,0,15,9,7,5,12,8,3,5,0,15,11,2,1,2,0,30,6,15,0,8,5,6,0,19,33,14,17,13,5,14,3,12,3,9,6,4,6,21,9,35,1,2,8,2,5,2,9,12,25,3,5,3,0,2,18,9,2,1,1,14,22,0,11,24,2,0,1,5,10,9,5,19
"1",23,2,0,7,17,1,22,19,1,3,1,46,17,3,9,4,9,2,8,21,1,27,15,16,2,0,7,4,47,1,1,8,6,9,22,2,29,36,3,10,5,2,3,20,18,4,3,4,31,2,20,1,3,6,0,2,2,15,3,9,1,12,3,0,3,4,17,23,27,25,4,33,0,1,2,0,5,12,12,16,4,4,5,1,7,20,0,3,3,11,3,9,8,4,51,1,10,1,11,30,12,3,10,0,4,30,0,0,9,0,2,41,24,5,4,2,0,5,3,2,0,5,5,1,3,13,8,4,5,6,3,0,3,11,1,12,2,11,2,26,0,3,6,8,3,3,29,4,14,11,9,2,0,23,4,26,6,3,4,1,9,0,10,8,4,3,2,7,9,2,0,4,0,6,1,33,25,1,24,2,1,0,2,5,20,62,5,5,14,8,2,4,8,7,13,13,0,2,24,5,5,3,6,1,10,7,1,6,19,5,43,5,5,2,44,0,5,5,4,3,12,5,1,22,23,1,17,3,1,10,22,2,4,2,0,14,15,9,1,0,3,0,9,11,19,3,0,17,14,10,6,8,5,4,8,0,36,12,1,6,4,0,42,9,14,3,14,2,9,0,24,29,17,15,17,0,17,5,12,1,7,6,4,6,24,20,42,0,8,8,5,4,1,8,20,20,5,2,2,3,2,24,16,1,1,0,7,16,2,24,16,2,0,2,9,9,16,14,17
"1",12,2,1,2,14,1,23,15,8,6,0,27,29,5,7,2,2,0,8,23,0,34,20,8,2,0,8,6,40,0,2,4,1,4,18,4,12,28,2,18,3,2,2,19,12,5,4,11,29,4,23,2,0,9,7,1,7,25,1,10,2,8,5,1,4,3,16,27,23,25,1,28,1,2,13,2,3,14,9,10,8,3,10,1,7,14,1,5,0,4,3,16,10,13,46,0,9,2,6,18,12,4,5,1,1,35,1,0,14,3,2,27,14,9,2,2,0,3,6,1,0,5,18,2,6,20,5,7,6,3,2,0,3,9,1,15,2,12,1,28,6,0,2,8,4,0,32,6,13,8,7,1,6,33,10,37,1,3,1,5,9,4,4,8,3,6,4,8,7,2,0,4,2,4,0,33,19,5,23,2,1,0,4,1,40,52,8,3,11,14,4,1,7,6,13,7,0,0,16,2,0,2,1,0,10,5,1,5,26,14,29,15,2,3,37,2,0,8,4,5,5,2,1,28,21,3,19,3,4,4,20,1,5,6,2,12,21,5,0,6,4,0,0,8,20,7,2,16,11,2,1,6,5,8,4,2,32,18,1,5,0,0,37,8,13,4,5,0,14,0,41,36,11,13,16,1,22,5,5,1,3,13,2,6,33,17,37,0,1,8,3,6,4,9,16,13,2,8,5,4,2,28,10,2,0,2,23,23,0,13,17,1,1,2,9,9,7,10,17
"1",15,2,5,8,21,0,19,5,10,5,0,26,23,2,9,1,7,1,8,21,3,18,12,18,0,1,12,5,48,3,1,9,3,4,20,0,23,20,2,13,4,1,1,21,7,4,3,4,33,5,21,3,5,7,2,2,3,16,3,6,0,13,2,1,5,1,15,34,24,39,2,39,0,4,1,3,1,26,15,22,2,5,8,3,8,22,1,7,2,15,2,9,11,5,38,2,15,6,14,14,13,4,6,2,2,25,0,0,10,2,0,45,24,5,1,4,0,4,4,2,3,1,3,1,2,9,10,12,3,11,3,0,0,13,0,11,2,14,2,26,1,4,3,11,6,0,29,7,12,13,9,3,4,34,9,21,1,8,1,3,4,0,6,14,3,4,3,5,8,4,0,3,0,2,0,35,23,1,24,1,1,0,1,2,37,48,6,1,21,10,10,3,2,5,12,9,1,1,26,7,4,1,2,1,9,4,0,4,13,4,31,17,1,2,35,0,7,4,3,9,11,0,0,30,15,1,20,5,1,6,27,2,8,8,0,12,27,10,2,2,1,2,3,4,18,7,0,11,13,10,1,7,7,5,7,2,23,5,1,8,6,2,43,7,11,2,0,4,5,0,18,31,21,17,10,1,19,3,5,2,9,7,14,10,25,26,35,4,2,9,0,8,1,5,11,16,2,1,3,5,1,22,7,1,0,1,17,16,1,33,25,2,0,0,5,12,7,10,9
"1",13,1,1,5,26,0,13,4,4,6,2,16,19,3,12,4,4,1,10,13,0,26,14,13,2,1,13,2,29,3,0,6,2,8,20,0,37,20,2,10,3,3,3,13,17,9,2,5,34,3,16,0,0,6,2,4,1,19,0,6,1,14,3,0,2,2,29,33,27,17,7,41,2,4,5,5,1,11,14,20,7,4,13,0,0,20,3,5,0,2,4,12,10,6,41,1,9,6,13,11,6,8,7,1,3,20,2,1,15,0,1,20,19,8,1,5,0,3,4,0,0,3,17,0,0,14,6,4,2,6,1,2,1,11,1,6,1,22,0,26,1,4,8,11,2,0,23,9,8,14,7,2,1,18,8,21,2,7,3,2,7,3,3,15,0,4,3,3,9,2,0,14,1,4,0,28,24,1,18,3,1,1,2,1,24,54,10,7,10,6,12,5,1,5,14,20,3,0,14,8,1,1,3,0,6,2,0,6,20,7,41,16,4,0,36,1,3,5,1,1,3,1,0,22,26,1,10,1,1,9,21,2,3,3,5,6,15,5,1,1,1,1,5,6,29,5,0,18,8,12,6,14,5,6,6,0,30,7,2,8,2,1,28,4,21,0,6,3,10,2,30,36,27,13,12,4,16,5,4,3,7,14,8,6,30,14,29,4,2,3,0,3,0,12,12,22,11,6,5,1,1,32,12,2,1,3,10,20,2,13,13,0,0,1,8,5,9,7,18
"1",15,2,4,4,26,1,22,11,8,6,0,24,17,4,14,1,3,0,13,18,3,24,22,15,3,0,17,6,37,5,2,5,1,8,29,1,24,29,3,14,7,4,2,14,9,4,1,10,26,1,23,2,2,10,2,6,0,18,3,8,3,14,3,2,2,8,21,33,18,23,0,38,2,1,8,1,4,12,4,34,10,13,8,0,8,23,1,4,2,8,3,15,13,5,42,0,5,9,20,27,6,4,7,0,1,28,4,2,13,2,2,27,24,9,2,1,1,7,1,0,1,2,12,0,1,19,3,10,6,4,4,1,3,16,0,15,1,22,1,17,0,4,4,13,1,1,17,6,9,20,8,2,6,28,9,26,3,7,5,4,7,1,8,12,3,4,5,10,4,7,0,5,0,3,0,40,23,1,20,1,1,2,3,4,31,53,7,3,19,6,5,3,5,3,17,19,0,0,20,4,1,4,6,1,11,4,0,4,27,6,17,13,5,2,56,3,3,11,2,5,12,5,0,24,15,4,21,3,3,5,16,3,5,1,4,14,15,11,2,2,1,0,4,8,17,7,1,15,9,7,1,7,5,5,4,2,28,10,3,6,1,2,30,3,13,2,9,2,8,0,28,32,16,21,10,1,16,0,11,2,5,2,4,6,22,17,26,1,7,7,2,2,1,8,11,33,1,0,2,1,0,22,9,0,2,2,14,26,1,15,16,2,0,4,4,5,9,11,15
"1",15,1,2,4,20,1,16,23,14,6,2,22,10,9,11,3,2,1,10,18,2,19,12,15,0,1,10,3,41,6,1,3,3,10,15,0,22,34,3,19,4,1,1,27,12,5,3,6,17,0,26,3,4,5,1,2,0,29,0,7,2,11,5,1,3,9,15,30,15,28,0,20,1,2,7,2,1,15,8,25,9,9,8,3,10,31,2,3,1,11,3,19,10,12,44,1,11,3,20,17,7,5,10,0,0,20,1,0,12,2,1,41,25,8,2,1,1,6,1,0,1,2,14,1,0,14,9,10,4,8,1,1,3,7,3,13,1,14,0,28,2,5,6,9,2,0,14,9,9,5,9,3,0,32,2,22,1,5,2,6,9,2,7,17,0,6,2,14,6,1,0,7,1,2,0,24,13,1,14,4,1,0,2,2,33,55,4,2,16,15,4,1,3,3,15,17,2,2,18,3,4,1,7,0,15,7,0,3,29,6,21,24,3,1,60,1,2,4,3,2,16,9,1,21,14,2,33,2,6,4,26,4,3,1,3,7,16,8,1,3,3,5,6,8,25,3,1,18,11,12,8,10,6,4,9,0,24,10,4,6,2,0,42,7,20,4,5,5,9,0,24,28,13,15,13,3,14,4,3,2,10,8,8,8,20,18,28,1,3,7,1,3,5,7,12,20,1,1,4,2,1,29,5,3,2,0,11,18,2,21,21,1,0,2,6,10,3,9,13
"1",24,1,4,3,30,0,12,11,3,2,1,24,14,4,11,5,3,0,14,30,4,27,19,13,0,1,11,2,48,5,1,3,7,7,17,2,27,25,5,15,3,1,3,14,13,7,2,3,28,2,16,0,3,7,0,0,1,27,1,11,1,9,5,0,2,4,18,21,22,27,2,26,2,2,13,1,3,13,12,13,2,6,16,0,6,19,0,1,2,15,1,18,9,8,25,2,8,3,7,24,12,9,6,2,4,21,0,0,9,1,0,33,21,4,0,1,5,9,2,4,0,3,17,1,0,15,12,7,2,12,1,2,5,8,3,11,2,18,0,30,3,5,4,5,0,0,18,14,13,11,8,5,0,18,6,13,3,4,5,3,11,1,9,18,2,7,4,3,6,7,0,2,1,0,2,26,16,0,21,0,3,0,1,3,23,54,7,9,13,9,10,3,3,7,15,12,0,0,27,3,0,7,6,0,21,4,0,2,22,9,21,13,4,4,34,1,3,5,1,3,6,0,1,20,17,1,11,2,6,9,20,3,2,5,0,13,14,8,1,4,1,2,2,8,17,5,0,14,2,10,1,5,2,3,10,2,22,8,3,4,1,1,24,2,9,1,9,4,11,0,20,27,25,6,9,1,18,2,9,2,5,11,3,17,22,17,32,1,0,5,0,5,3,6,19,29,5,12,3,2,0,21,15,2,1,2,20,21,0,21,16,3,0,1,5,11,8,3,15
"1",17,3,2,3,23,2,23,10,5,8,4,23,25,8,13,6,4,1,13,20,3,23,18,6,2,0,11,4,46,3,3,8,2,8,26,3,19,22,6,8,1,5,4,26,15,8,1,8,28,0,17,2,0,3,1,3,1,26,2,2,2,13,5,0,2,1,29,29,15,21,2,26,3,7,13,0,2,20,7,19,4,8,5,0,15,17,0,6,2,11,3,10,14,9,56,2,3,2,13,23,6,4,5,2,0,20,3,2,14,1,2,37,22,5,2,3,3,2,2,2,5,4,8,0,1,10,3,5,7,3,1,2,6,12,1,8,1,18,2,21,1,4,1,11,3,2,15,11,16,14,10,3,1,26,3,22,10,6,1,5,9,2,13,10,2,4,1,10,7,7,0,7,1,3,2,31,14,0,16,2,1,1,6,1,26,49,5,4,9,10,8,4,6,3,11,17,0,2,15,6,1,4,5,0,8,2,0,3,26,12,46,6,4,0,42,0,3,4,4,3,10,1,3,14,24,3,19,3,7,6,15,2,7,2,1,12,14,7,0,1,1,1,3,10,19,8,1,19,11,8,1,4,10,5,11,0,26,6,0,3,2,3,37,1,12,2,10,3,8,2,32,31,21,22,11,2,21,0,5,4,9,4,11,4,39,7,30,3,3,4,1,9,3,13,24,25,11,4,3,3,0,20,19,1,2,0,10,22,3,19,11,3,1,2,9,4,4,6,21
"1",12,4,2,7,15,2,21,10,7,3,0,26,14,4,5,2,6,1,22,20,2,23,23,25,0,4,8,6,47,2,1,5,1,9,26,1,20,28,4,17,0,3,2,25,18,5,2,4,23,2,17,1,0,13,6,3,0,22,4,7,1,12,2,0,2,11,13,23,25,32,3,23,1,1,6,2,3,16,7,19,3,2,10,2,19,14,0,2,1,9,2,10,14,8,40,1,9,3,16,16,11,2,10,2,0,20,0,0,11,1,0,43,13,2,0,1,1,0,1,1,1,4,9,0,2,11,4,12,7,6,3,0,3,8,1,9,1,19,0,20,2,3,4,10,2,0,28,6,17,23,6,4,2,24,7,18,4,1,1,4,7,1,7,7,1,4,4,13,7,9,1,6,1,3,2,30,14,1,11,0,0,0,3,5,31,63,3,2,4,12,9,3,3,3,15,24,4,2,20,1,0,5,6,1,4,2,0,2,25,5,27,18,1,2,34,1,0,8,2,4,10,3,1,30,15,1,12,1,2,7,20,3,4,0,2,8,25,9,0,3,2,3,6,18,27,6,1,14,17,5,4,6,13,3,11,1,29,15,2,8,1,2,31,9,20,5,4,3,7,1,24,32,11,20,15,4,12,3,8,1,7,5,6,5,22,20,38,1,4,11,3,8,1,2,29,16,5,8,2,2,1,23,18,1,1,1,17,15,1,18,20,0,0,0,4,13,13,12,9
"1",18,1,1,4,21,0,17,12,7,3,1,30,26,0,14,2,5,0,10,18,1,21,15,10,2,1,7,7,39,0,1,6,5,7,22,1,19,27,1,10,4,7,4,21,19,2,1,4,29,2,29,3,1,4,4,6,0,36,4,12,0,15,6,0,0,6,22,20,5,29,1,31,3,3,9,4,2,6,13,22,6,9,12,2,6,26,2,4,0,9,5,11,14,8,43,1,5,3,17,14,17,7,11,1,2,30,1,0,12,1,0,31,14,6,7,1,2,10,3,0,1,3,8,0,0,14,6,5,7,2,1,0,0,25,0,17,1,18,3,22,1,4,4,16,1,2,18,3,9,6,8,1,4,23,10,14,2,8,1,6,12,0,6,11,1,2,0,6,2,1,0,8,2,1,1,21,16,1,11,2,0,1,4,1,21,68,0,7,11,10,4,5,5,4,9,20,5,3,17,4,1,4,4,0,4,1,0,4,23,8,24,11,1,3,51,0,6,4,1,2,17,2,3,20,18,0,19,2,7,13,34,4,4,1,1,10,32,4,0,5,2,0,8,6,25,7,1,16,14,2,3,11,7,14,5,0,27,12,0,6,0,1,36,3,20,1,8,6,5,0,19,49,28,14,6,1,16,2,8,0,8,9,2,8,27,21,36,0,0,3,1,3,1,7,21,18,6,6,5,1,0,26,16,5,0,2,8,14,1,17,13,1,2,2,5,13,11,4,17
"1",22,2,2,5,14,2,22,10,10,4,0,18,13,8,17,4,3,2,12,12,3,22,20,7,1,1,7,8,46,2,1,6,1,5,13,0,17,36,3,13,4,5,2,27,16,6,1,7,25,3,23,0,2,9,1,2,2,19,2,3,1,11,2,1,1,8,14,37,26,22,0,28,3,0,6,3,5,9,6,23,6,8,7,0,15,10,4,2,0,13,0,11,6,11,34,2,9,4,13,15,12,6,8,2,0,20,1,0,15,3,2,25,26,5,2,1,0,4,1,0,0,2,9,0,0,18,1,5,4,6,0,2,3,12,2,13,2,14,0,24,2,4,2,9,1,0,22,1,8,9,6,3,2,26,5,22,1,9,3,3,11,2,6,9,0,3,2,10,2,9,0,1,4,3,0,16,15,1,22,0,1,0,5,2,27,56,8,8,14,5,10,0,8,8,15,16,1,1,24,3,4,1,6,1,3,1,0,2,29,3,21,20,2,3,37,0,3,6,2,0,3,3,1,16,11,2,18,2,3,5,19,1,3,3,1,7,12,15,1,2,0,2,4,14,14,5,0,15,12,6,2,9,5,6,8,1,29,23,4,8,3,0,27,6,28,1,10,2,11,1,24,38,16,24,6,1,14,7,9,5,9,2,3,8,30,9,31,1,3,5,3,8,2,7,16,25,2,2,5,5,4,27,11,0,2,1,11,10,2,19,17,1,2,5,4,12,9,5,22
"1",20,3,3,4,16,1,9,13,11,5,0,23,22,5,11,5,10,1,11,25,4,24,14,20,0,1,10,9,58,0,0,5,0,13,32,2,23,37,3,19,5,4,3,19,12,2,3,4,23,0,19,3,0,14,0,1,0,27,5,9,1,20,4,0,1,10,15,31,20,29,5,40,5,2,2,0,3,18,8,20,12,7,6,0,4,24,4,6,5,12,1,15,14,13,31,0,3,4,9,17,12,3,1,1,5,24,3,0,14,3,0,38,22,5,2,3,0,10,2,2,3,2,9,3,1,14,3,6,8,4,2,1,2,19,0,10,1,22,2,11,0,5,6,16,3,0,21,8,11,10,8,3,2,26,3,17,0,5,2,4,7,1,4,17,0,9,2,5,8,8,1,4,0,4,0,24,17,3,18,1,0,0,3,3,21,48,8,3,10,8,9,2,1,3,19,13,0,2,26,8,0,1,7,0,5,1,0,4,22,10,35,10,0,1,49,1,2,10,2,3,9,5,0,22,15,2,16,1,1,12,31,0,2,2,5,10,13,12,0,1,3,0,3,4,20,8,1,20,7,4,5,5,2,3,7,1,25,13,3,7,1,4,39,6,15,1,10,3,9,1,35,20,15,16,15,1,16,2,6,5,6,4,4,9,25,19,35,5,1,4,1,5,1,8,15,22,4,8,5,4,4,27,9,0,0,0,14,9,1,16,14,2,1,1,17,6,12,11,17
"1",18,4,4,3,17,0,20,17,12,3,1,33,13,6,14,2,2,0,7,29,5,28,14,13,1,1,4,5,52,3,1,1,3,8,15,2,20,32,7,20,1,4,2,23,18,9,1,9,17,3,22,1,1,5,0,3,1,19,5,9,1,11,3,2,4,5,24,28,17,39,1,25,0,2,5,0,1,3,5,11,5,4,19,2,9,17,2,1,2,11,1,16,8,16,43,3,4,3,18,22,9,0,1,0,1,21,1,1,11,2,1,32,17,10,0,0,1,5,5,2,1,5,14,0,3,14,6,13,8,7,1,2,5,15,1,13,2,26,1,38,1,5,3,1,1,0,16,6,12,12,15,4,1,26,3,29,1,9,5,6,7,0,7,14,1,7,7,9,2,9,0,4,1,7,0,21,21,2,13,1,0,0,0,0,26,48,6,9,19,8,9,3,2,3,18,13,1,1,38,4,0,3,3,3,13,1,1,3,27,3,21,13,2,1,41,0,6,11,2,2,5,6,0,20,13,2,18,0,0,21,23,5,3,3,2,11,7,7,1,2,1,2,0,14,21,6,1,15,9,9,2,10,11,0,4,1,23,8,3,13,2,1,42,9,15,1,8,4,5,0,20,36,19,22,8,0,23,6,6,5,2,12,1,7,17,13,28,0,5,8,1,3,1,5,20,22,0,6,3,1,1,23,9,0,1,0,15,18,1,24,8,1,1,0,8,4,13,9,16
"1",20,5,3,4,27,2,21,10,11,4,1,31,11,5,12,4,8,0,11,27,2,35,15,20,2,1,7,2,53,1,2,9,1,5,23,1,21,22,3,10,5,6,1,20,7,4,4,4,19,2,15,3,1,8,1,2,1,26,4,9,1,16,5,2,2,8,21,27,10,14,1,26,1,2,7,0,2,7,10,17,5,6,9,0,12,14,2,0,2,10,2,24,11,10,41,2,16,3,17,8,18,3,10,1,5,27,1,0,11,2,0,25,20,4,1,2,0,3,3,2,1,4,6,0,2,12,3,7,6,5,0,2,4,13,2,13,0,25,1,25,3,2,0,12,2,1,12,7,14,14,15,5,0,35,3,16,2,7,1,4,7,0,6,11,0,4,2,14,4,8,0,5,1,2,0,34,24,3,18,0,0,0,0,5,23,63,6,7,9,7,4,4,4,3,12,12,0,4,23,2,2,5,3,1,11,4,1,3,16,6,18,21,3,0,32,0,2,3,2,4,13,4,1,9,16,3,21,1,3,6,15,8,1,4,4,5,7,3,0,2,0,3,4,10,16,4,0,7,7,5,2,10,7,6,2,2,31,11,3,8,1,1,44,2,15,2,6,1,29,0,30,49,18,15,12,0,22,2,3,1,12,8,7,8,30,26,33,1,4,2,3,7,5,9,18,15,5,11,2,1,2,26,9,0,1,0,14,17,0,16,11,3,0,3,8,5,14,10,17
"1",14,7,0,4,16,1,11,10,7,5,1,18,16,9,19,1,4,0,9,30,3,21,14,18,0,2,8,2,53,2,0,6,0,7,11,0,28,30,5,6,4,6,3,18,13,5,2,8,25,1,28,0,1,9,4,0,2,27,3,8,1,13,0,1,1,3,11,20,32,28,4,20,3,1,3,1,1,11,8,23,5,9,5,1,10,37,4,3,1,4,1,10,10,5,39,0,9,2,12,16,5,3,4,2,4,27,1,2,12,4,2,19,29,7,5,1,2,7,6,2,2,0,17,1,0,19,7,4,4,3,6,1,6,11,1,21,3,24,0,33,2,3,3,7,1,4,29,4,10,8,10,2,0,17,7,24,3,1,5,3,8,3,8,9,0,3,1,7,6,6,0,5,2,5,0,28,19,5,13,0,0,0,0,1,22,51,5,9,16,8,6,0,3,1,14,18,0,2,17,6,0,3,8,1,10,4,0,5,16,6,39,3,0,0,48,1,4,2,3,2,10,6,1,21,26,2,17,0,3,11,24,4,5,1,1,15,16,8,1,3,1,0,6,7,31,2,3,13,8,6,3,8,11,1,4,1,16,7,1,9,6,2,51,1,10,6,12,1,4,0,31,37,17,30,8,0,19,6,3,1,3,7,4,6,26,16,41,2,0,6,0,2,1,9,12,23,3,5,2,8,2,17,12,0,3,0,13,16,1,20,25,3,0,1,9,9,14,8,10
"1",16,6,0,8,16,1,13,14,8,0,1,31,20,3,11,3,7,0,14,37,1,33,10,24,2,0,14,4,35,1,1,5,2,8,28,2,19,25,6,8,1,6,3,37,14,5,1,12,27,1,22,0,0,9,1,4,1,22,7,9,2,9,1,0,1,5,19,22,22,32,2,29,0,0,10,2,3,16,17,23,6,9,6,2,10,29,3,4,0,4,0,12,10,10,42,0,7,1,24,7,7,2,4,2,2,31,0,0,8,3,1,27,17,9,2,2,0,2,4,0,1,1,9,1,4,18,7,9,5,6,2,0,3,14,1,14,1,20,2,33,2,3,1,11,4,1,21,12,8,11,8,1,3,35,5,24,5,11,1,2,13,0,4,12,0,2,2,7,7,2,1,8,0,2,1,31,17,1,18,1,0,0,1,3,21,60,4,10,24,12,14,4,1,8,18,22,0,1,27,8,0,4,4,0,3,6,0,4,13,12,19,14,0,1,38,1,3,5,4,1,13,4,1,7,26,5,22,0,2,9,18,2,3,2,1,10,17,6,4,2,1,1,1,4,24,4,0,16,6,7,4,11,7,3,6,1,20,15,2,9,3,3,36,9,15,8,5,1,8,0,20,34,16,10,9,0,11,0,9,2,6,6,2,11,25,11,35,0,3,8,1,1,1,12,13,21,6,1,3,7,5,18,17,1,0,2,15,29,1,18,11,1,0,5,7,7,13,11,25
"1",15,5,3,5,24,0,16,18,1,0,2,23,12,3,13,1,5,1,9,23,1,29,10,22,0,0,4,4,55,6,0,6,1,6,21,0,17,34,1,10,2,8,5,28,13,11,5,11,21,2,18,3,0,2,5,4,2,23,3,5,1,18,1,0,0,2,13,30,16,29,1,38,1,0,7,2,6,11,7,20,9,11,3,3,11,21,3,2,1,9,3,10,10,10,43,2,5,3,13,8,7,5,7,0,1,31,0,0,9,1,0,33,19,2,1,1,2,7,2,0,1,4,10,1,3,11,1,11,8,5,1,0,4,12,0,10,2,21,0,23,0,4,4,12,2,0,18,8,7,16,16,2,0,25,6,25,1,3,1,3,5,0,7,12,1,2,3,12,2,6,1,4,1,5,1,24,11,4,24,1,3,0,4,1,32,75,5,11,19,13,5,3,2,11,14,15,2,2,19,3,1,2,10,2,9,2,0,4,25,6,28,12,1,3,37,1,8,3,2,5,12,0,0,14,15,1,21,0,5,7,22,0,2,2,2,6,18,4,2,6,1,3,3,8,18,4,4,20,9,5,2,13,13,4,4,1,19,9,1,8,2,1,30,6,10,5,6,3,2,0,21,43,25,20,12,2,30,7,9,1,4,4,7,4,37,16,37,0,3,4,0,7,1,6,22,20,4,3,10,3,2,18,10,1,0,2,17,21,3,17,15,2,0,1,14,17,11,13,10
"1",18,1,0,5,12,0,13,7,9,3,1,24,11,2,10,2,5,0,16,27,1,26,10,17,3,0,10,3,46,3,0,6,0,10,24,1,28,23,1,5,5,4,4,20,12,7,0,5,25,0,23,2,0,3,2,3,0,30,3,9,1,8,2,3,1,8,9,32,24,35,2,28,0,2,10,1,2,18,14,17,1,7,10,1,11,27,3,5,1,12,3,11,9,8,27,0,8,5,17,22,12,2,7,1,3,26,1,1,10,3,0,26,24,2,2,0,1,13,9,1,2,0,8,2,0,21,9,9,6,3,2,2,4,8,1,8,0,21,0,23,1,7,4,4,1,2,24,6,13,14,10,2,3,33,7,18,4,1,0,2,12,2,8,5,3,2,2,10,5,10,0,3,1,8,2,26,17,1,16,2,1,0,5,1,43,51,11,5,24,5,2,4,4,2,13,17,0,1,25,5,0,6,5,0,9,1,1,6,13,9,30,22,2,2,43,0,3,5,4,4,8,6,0,13,17,2,14,1,7,3,23,3,4,3,3,9,18,6,1,7,1,1,3,4,11,5,2,16,10,8,0,5,4,4,5,2,33,22,3,7,3,1,37,1,15,3,12,2,8,0,28,22,19,22,16,0,17,3,4,2,5,8,10,5,17,17,34,3,3,11,2,4,1,3,30,26,3,3,4,2,4,22,14,0,2,4,9,8,4,15,16,3,1,3,7,15,10,11,12
"1",15,7,4,2,15,1,20,21,6,6,3,36,19,5,11,2,3,0,15,24,2,27,14,17,4,0,7,6,43,1,2,6,0,6,31,1,17,31,2,23,2,6,3,25,22,12,1,9,34,1,22,1,1,10,2,3,4,22,1,10,2,8,7,0,0,2,11,26,17,32,3,31,0,1,12,1,7,14,7,23,2,9,1,1,14,25,3,2,3,5,1,15,17,15,33,0,6,3,14,18,10,3,7,2,1,24,2,1,7,5,1,19,14,4,2,2,0,7,1,0,1,1,14,2,0,10,8,15,13,6,3,0,3,9,2,11,5,14,0,13,2,3,4,11,1,2,26,6,11,12,11,2,4,33,4,16,2,3,2,1,9,1,6,13,0,2,3,8,7,10,0,1,2,0,1,35,16,6,15,1,3,1,1,5,26,56,6,8,14,13,5,3,9,2,16,12,0,2,11,5,0,5,4,0,5,5,1,7,14,14,34,15,1,1,33,2,5,6,2,5,5,4,1,26,29,5,18,0,5,14,27,2,2,2,1,19,18,6,0,5,1,0,3,5,11,10,1,20,11,6,7,11,5,7,9,0,18,5,2,6,1,0,31,2,23,1,15,2,4,0,18,26,17,20,19,2,20,3,14,3,10,4,3,4,21,15,33,6,1,10,1,7,2,5,16,31,4,1,1,9,5,23,9,2,0,3,11,18,1,17,10,1,0,4,8,10,5,9,9
"1",15,6,3,8,21,0,15,15,7,7,0,28,22,1,14,3,1,0,11,18,6,28,18,18,2,0,11,1,53,9,1,5,7,9,13,4,34,24,2,34,3,7,2,21,9,5,1,4,35,4,15,3,1,7,2,3,2,25,2,17,0,19,3,0,3,2,18,26,16,25,2,25,1,1,3,0,2,14,15,16,0,4,14,2,9,18,2,2,1,11,2,13,15,7,37,0,3,4,24,8,6,4,5,2,3,29,2,2,10,4,1,20,18,4,0,0,0,9,2,0,2,4,8,0,2,22,12,7,11,17,1,4,4,23,0,10,1,15,0,31,10,2,2,7,1,3,23,5,13,10,13,1,3,19,6,29,4,4,3,2,10,1,7,7,4,2,2,9,5,11,0,6,1,6,0,20,33,1,17,1,0,1,1,1,29,70,3,7,16,6,8,3,5,0,9,12,0,2,15,4,0,5,6,0,6,2,0,8,18,7,27,13,0,3,40,2,3,6,2,7,7,2,0,16,23,4,12,3,9,9,20,0,6,0,1,13,19,9,0,0,0,0,9,13,25,2,2,12,15,8,7,11,8,7,6,0,36,9,1,3,2,3,25,6,16,2,9,6,10,1,24,29,26,23,14,2,28,1,5,3,9,9,5,7,30,12,49,2,8,7,2,6,2,5,11,19,2,4,1,3,2,31,9,1,0,3,13,10,3,14,17,3,0,3,10,10,21,6,18
"1",20,5,1,5,12,0,9,8,5,7,1,34,27,0,5,5,7,0,21,27,4,31,25,17,3,2,11,9,45,10,1,3,0,12,13,0,21,30,3,22,6,5,2,21,20,7,2,3,35,3,18,2,1,9,5,2,3,18,4,9,2,10,7,1,1,0,24,37,31,33,2,27,1,1,9,2,2,5,5,36,3,4,14,2,16,22,3,2,0,16,4,18,9,10,37,1,4,6,21,11,19,4,9,1,1,45,2,1,11,4,0,26,23,2,3,3,0,5,2,2,0,1,4,0,5,9,7,12,2,6,4,0,0,10,1,14,3,25,1,29,3,1,4,17,1,3,19,2,11,12,16,3,2,23,6,25,1,8,2,6,9,1,10,12,1,0,2,4,3,3,0,6,1,8,0,30,17,0,9,1,1,0,0,2,25,50,3,4,22,7,4,0,0,2,10,21,1,3,20,2,1,6,7,1,9,3,0,5,24,3,34,13,2,2,33,1,2,8,1,8,12,1,1,22,27,3,12,0,6,10,30,5,0,3,0,10,22,8,0,3,1,1,4,6,23,5,1,19,8,11,5,10,5,3,4,0,21,11,1,13,0,0,41,5,12,4,9,5,6,1,21,31,14,8,22,5,14,2,9,2,10,6,5,8,32,20,35,1,5,4,2,7,1,11,14,21,5,6,6,5,3,26,16,1,0,2,8,14,3,13,14,1,0,1,8,13,11,7,10
"1",17,8,3,3,18,1,22,20,10,7,1,19,18,9,16,1,8,0,18,22,4,25,10,14,2,0,11,7,35,8,1,9,4,11,20,3,27,12,3,7,2,12,0,11,16,10,2,5,20,1,22,3,1,11,1,1,1,30,5,14,1,13,1,2,1,1,19,31,25,34,4,28,1,4,9,2,2,19,14,10,7,10,4,0,14,19,1,1,2,11,2,16,10,13,40,1,4,7,13,17,9,2,8,0,1,14,1,0,14,3,0,26,17,3,1,3,1,4,1,2,1,4,13,0,3,17,4,4,7,9,0,2,1,7,2,9,5,14,1,21,1,2,3,8,4,2,19,7,8,13,7,3,1,19,5,20,8,3,3,7,8,1,11,10,1,5,1,11,6,8,0,7,1,4,1,19,22,1,18,0,0,1,4,0,30,71,7,9,16,8,8,6,2,0,12,17,0,4,18,4,0,5,6,0,11,2,0,3,24,8,34,7,1,3,36,0,4,7,3,4,14,2,1,19,19,0,26,3,6,4,21,6,5,3,1,14,15,7,1,4,0,0,2,10,26,3,1,14,13,8,3,9,9,8,4,1,35,11,0,3,0,1,38,1,22,1,6,2,10,0,19,35,29,22,7,1,16,1,6,1,7,7,2,9,31,9,34,0,7,8,1,4,0,13,15,34,4,6,8,1,0,33,21,1,2,0,15,9,1,19,23,0,1,5,5,15,12,9,19
"1",19,6,1,6,21,0,20,16,7,9,3,27,9,5,11,3,2,0,7,19,1,39,13,17,0,1,5,4,53,0,0,4,3,1,26,0,29,13,1,17,3,10,1,26,15,6,1,8,25,3,28,0,1,4,4,3,1,28,4,6,3,11,2,2,2,7,23,26,33,32,1,47,0,3,2,0,2,11,5,25,6,4,20,2,8,16,4,3,2,9,2,6,13,6,34,3,7,6,14,20,13,6,6,1,4,32,3,0,6,0,0,22,29,9,0,7,1,12,5,0,1,5,7,0,2,13,7,7,6,3,0,1,3,23,1,9,1,23,1,18,0,4,2,12,6,1,25,5,7,21,12,0,0,35,5,32,3,5,1,5,10,1,2,10,0,7,2,4,7,4,1,8,1,5,0,27,15,4,14,3,1,0,3,2,17,43,7,3,20,5,5,7,4,3,27,20,1,3,28,5,1,2,5,2,10,3,1,3,27,10,32,8,0,2,38,1,2,6,4,3,9,9,2,22,32,1,13,1,4,11,25,4,3,1,3,14,16,10,0,2,2,5,1,6,27,5,1,15,6,1,2,11,6,2,10,1,29,12,1,7,3,0,34,7,11,1,9,3,5,0,21,22,21,17,9,1,22,2,3,4,4,21,6,14,39,21,29,0,3,10,2,6,1,8,14,32,5,4,4,2,2,25,17,1,1,3,3,17,0,14,17,0,0,5,4,11,8,8,8
"1",20,2,2,5,16,0,20,11,6,1,0,21,13,2,11,4,8,1,6,17,2,30,13,9,0,0,7,3,56,3,1,4,2,10,22,5,24,29,3,12,1,3,2,32,22,7,4,7,32,1,21,1,0,7,2,4,1,27,4,10,1,13,3,2,3,4,28,24,17,20,1,33,2,7,3,0,4,10,16,28,10,8,15,1,16,29,2,1,0,11,1,9,16,6,37,0,5,1,16,18,11,3,14,1,1,24,0,2,14,4,0,33,13,4,4,0,1,8,4,0,0,5,15,2,2,14,1,15,12,1,2,3,3,18,0,6,2,17,1,16,1,1,0,7,1,3,20,9,14,12,9,5,1,20,4,24,3,3,2,7,15,1,7,11,2,4,2,7,3,4,0,6,1,4,0,34,11,3,11,2,1,0,0,3,25,63,3,4,27,9,6,0,7,2,17,16,0,1,17,11,1,3,8,1,10,2,0,5,27,5,35,13,2,2,28,1,6,8,4,3,5,6,3,25,11,2,12,2,2,4,15,3,4,2,2,15,9,5,0,2,2,4,6,5,30,2,1,20,13,2,3,7,6,5,6,0,32,9,1,3,2,0,43,7,10,3,5,2,11,2,33,36,14,7,18,0,14,3,7,2,7,13,4,8,39,22,42,1,1,3,2,10,0,6,15,22,4,5,4,4,4,31,21,2,1,5,6,17,1,17,17,2,1,2,7,8,11,8,14
"1",28,3,1,5,11,1,17,13,5,1,1,39,20,4,13,3,8,0,9,19,4,26,14,13,2,2,13,5,50,2,2,6,5,10,12,1,22,36,3,6,1,10,2,25,18,4,3,4,20,0,25,3,2,6,1,2,1,22,4,10,1,20,1,2,1,2,13,21,22,20,1,41,0,1,10,0,0,15,11,19,5,6,11,2,10,33,2,2,1,4,4,15,9,7,31,1,9,2,14,17,15,3,6,1,3,21,4,2,15,4,0,26,21,10,2,1,1,2,3,1,2,1,8,2,0,21,3,2,13,5,5,2,6,14,1,7,5,19,0,16,3,2,6,15,2,0,21,3,9,14,7,2,2,25,6,22,3,9,2,3,16,0,10,10,1,6,2,9,5,14,0,3,2,2,0,38,11,1,15,0,0,0,3,2,25,61,6,8,21,9,5,2,6,4,24,16,0,0,26,13,3,0,9,2,10,2,0,6,15,8,25,7,1,0,43,1,4,3,3,0,5,1,0,18,13,0,18,4,3,9,14,4,4,1,2,12,22,11,0,3,1,0,3,7,18,5,2,20,8,8,5,7,3,9,13,2,21,10,0,7,2,4,44,9,19,7,5,8,8,1,33,35,15,18,9,0,12,2,11,2,4,9,6,5,29,11,35,1,0,4,4,12,1,9,11,20,4,3,6,4,6,28,15,4,2,4,13,17,0,13,21,3,0,1,2,3,15,8,8
"1",15,3,5,5,22,1,18,16,3,3,2,24,17,2,11,5,8,3,13,24,2,17,18,27,3,3,12,3,40,7,3,4,4,3,15,5,23,25,4,16,4,6,1,10,13,7,2,9,28,5,24,4,5,6,2,4,1,20,3,7,3,14,0,0,3,0,13,30,20,19,0,42,0,1,5,1,1,8,10,12,5,9,27,2,8,17,3,1,1,9,0,11,11,11,31,0,9,3,16,11,12,2,7,1,3,15,3,0,14,6,1,32,21,10,2,1,1,5,4,0,4,1,7,0,1,12,12,11,10,6,0,1,3,10,2,11,0,29,1,39,1,7,8,12,5,0,8,10,16,19,9,0,2,32,6,26,0,7,0,3,9,1,4,16,2,2,3,6,3,8,0,7,2,5,2,21,24,3,14,0,1,1,3,3,31,49,5,2,15,5,5,3,3,2,25,20,1,5,23,6,1,4,1,1,10,1,0,5,18,8,31,17,0,2,37,0,5,6,8,0,8,3,0,18,12,1,6,2,5,9,21,2,2,1,3,12,19,5,1,6,4,1,3,2,23,6,0,38,13,8,3,8,9,9,6,0,26,3,0,6,3,1,28,6,17,2,5,3,11,0,28,39,20,17,16,4,17,4,17,1,2,4,8,6,27,11,26,6,0,4,3,6,1,6,20,21,2,7,4,1,7,26,15,3,3,4,4,15,0,19,17,1,0,5,9,19,13,7,13
"1",17,5,4,6,23,1,13,18,7,6,2,20,18,4,20,3,5,0,18,35,1,19,12,26,2,0,16,5,54,5,1,1,1,10,25,2,27,27,4,12,4,2,4,15,13,5,3,11,23,1,19,4,2,5,1,2,1,15,4,6,2,14,3,0,2,1,22,19,27,38,4,30,0,3,1,0,1,8,6,17,7,13,7,1,7,20,0,6,1,17,3,9,6,12,49,1,4,2,10,12,14,5,9,1,1,39,2,0,10,7,0,36,16,13,3,0,1,4,8,1,1,1,10,0,0,16,8,13,7,4,1,1,2,6,1,12,2,18,0,39,2,2,8,13,2,0,20,5,8,13,6,2,2,19,8,34,4,6,3,8,9,3,7,14,1,2,6,8,2,5,0,8,0,0,0,35,25,3,17,0,1,1,3,3,21,52,4,3,14,10,8,0,3,5,19,21,2,2,25,9,0,3,1,1,3,1,0,5,25,5,34,9,0,1,40,1,4,7,3,4,12,5,0,21,21,2,11,1,5,4,22,3,3,2,7,7,22,13,0,3,0,4,1,4,29,0,1,22,17,7,3,9,7,5,7,1,24,14,0,6,0,1,20,9,27,3,5,2,7,0,37,32,19,13,9,1,14,1,6,1,8,4,5,4,18,18,48,3,3,4,2,6,1,16,17,31,4,3,8,3,3,30,6,0,1,1,9,13,1,22,16,2,1,2,12,14,9,13,12
"1",15,1,1,8,13,0,12,13,6,0,2,35,21,4,21,0,7,0,18,24,4,24,14,15,1,1,10,10,50,4,0,4,1,8,17,2,14,36,2,9,1,2,5,21,15,5,2,10,21,0,28,0,3,9,5,2,0,39,5,7,1,13,1,1,3,6,16,31,19,29,1,35,1,0,11,1,3,10,2,18,2,6,3,1,12,22,2,0,3,6,1,21,16,6,34,3,15,1,14,15,10,7,7,0,3,20,2,2,19,1,1,31,21,13,3,2,0,7,4,0,2,2,10,1,1,13,6,12,9,5,3,1,2,8,2,20,3,21,1,40,1,3,6,11,2,1,28,3,12,10,10,1,5,24,6,11,3,8,1,2,12,0,3,7,0,4,0,7,1,12,0,9,2,4,0,30,35,6,25,0,1,1,2,1,24,61,9,5,22,7,6,6,11,6,20,27,0,2,19,2,5,4,8,0,6,3,0,1,20,6,28,13,4,1,45,1,0,9,4,2,9,1,0,24,27,1,12,0,7,13,24,3,2,1,3,20,15,9,0,3,1,3,6,9,21,5,2,17,11,3,2,5,6,3,7,1,29,15,4,8,4,0,35,9,15,1,8,4,4,1,16,25,22,10,17,3,17,2,9,4,13,3,6,7,21,17,43,0,4,10,6,2,3,11,9,14,6,8,3,2,6,13,12,2,3,3,17,26,2,19,15,1,1,1,4,10,8,8,17
"1",17,1,0,6,26,0,25,16,11,1,1,26,15,5,14,5,3,0,14,17,0,32,19,10,1,0,10,2,49,5,1,8,3,14,15,1,21,34,0,17,2,6,2,26,15,9,4,7,21,0,18,1,1,10,3,3,1,29,4,9,1,12,3,3,1,0,15,23,22,25,3,28,3,2,4,0,4,8,4,9,3,10,7,1,8,24,5,3,1,11,2,13,16,11,41,1,9,4,16,11,13,6,10,1,1,28,0,3,17,2,0,40,21,12,4,2,0,10,5,2,1,3,6,1,2,22,5,5,3,4,3,1,2,8,0,13,3,18,0,24,4,1,4,14,5,1,21,3,4,16,8,4,4,24,9,16,6,8,4,4,10,0,5,11,0,3,3,10,2,0,0,3,0,6,0,20,21,4,25,1,0,0,3,2,21,61,4,5,11,13,7,2,6,0,15,21,2,2,20,7,0,8,7,0,11,0,0,2,23,0,16,21,1,1,39,2,3,9,2,0,10,5,3,32,22,0,31,0,7,11,33,7,2,3,0,12,8,7,0,3,2,1,2,3,14,6,1,19,14,11,3,8,5,5,7,0,23,14,2,3,3,4,41,4,16,3,3,3,7,0,28,28,11,17,12,1,8,3,6,3,7,5,7,5,42,22,37,0,3,4,1,2,1,11,8,20,2,8,7,2,5,20,9,2,3,1,16,10,0,11,12,1,2,2,11,7,16,8,9
"1",13,2,1,2,23,1,7,9,8,2,1,33,24,2,17,0,3,1,6,21,1,33,16,14,0,0,8,10,68,3,2,4,1,9,19,0,19,33,0,12,3,2,2,18,19,7,2,8,28,3,17,2,0,5,0,1,1,24,2,13,0,13,3,0,4,3,16,38,15,29,2,43,2,2,9,2,1,18,10,14,3,8,11,1,16,21,1,0,4,11,1,10,12,1,38,2,8,4,21,18,16,4,8,0,1,25,1,0,9,1,0,35,13,7,0,0,1,5,4,1,2,5,4,1,3,23,4,7,4,6,1,1,4,12,0,15,0,27,0,21,4,1,5,7,2,2,27,8,11,15,5,3,0,32,7,27,4,3,7,5,17,1,6,7,3,3,5,10,2,5,0,10,0,3,2,22,13,3,15,0,0,1,2,0,30,65,3,2,21,10,8,5,10,4,12,10,2,2,24,5,0,5,11,1,13,4,0,6,30,4,29,10,4,1,35,2,1,6,3,7,6,4,2,18,11,3,19,2,2,5,19,4,0,1,1,11,23,10,1,9,2,1,1,11,15,4,2,21,19,4,2,4,6,9,3,2,34,7,2,4,1,1,31,9,19,6,13,1,9,0,24,23,30,17,7,3,20,1,9,6,6,8,6,10,31,17,38,1,5,5,5,4,4,11,9,29,5,10,2,0,0,28,10,0,0,0,13,15,2,18,21,0,1,2,3,4,7,10,16
"1",20,2,3,7,18,6,27,20,8,1,0,42,23,5,17,5,6,1,9,31,4,35,22,12,0,1,9,6,40,4,1,4,3,7,30,0,27,15,2,15,2,10,3,20,24,6,1,8,22,0,18,4,5,5,0,2,0,25,2,5,0,9,1,0,2,7,18,33,16,16,5,28,0,2,8,0,3,7,3,21,3,4,11,2,17,27,1,3,4,14,1,14,12,6,41,0,2,2,28,22,6,5,10,2,0,20,1,1,15,3,0,36,25,7,2,4,1,4,7,0,0,0,14,0,1,19,8,9,3,12,2,2,0,9,2,12,1,15,1,20,0,1,4,14,1,1,25,7,2,9,19,3,2,18,9,24,6,4,2,2,9,2,5,7,0,5,5,8,8,5,0,11,0,4,1,34,24,3,24,0,0,0,2,0,32,63,4,7,12,9,7,2,3,4,16,19,2,5,16,4,2,4,3,1,7,1,1,5,18,3,24,4,3,2,45,2,3,5,9,2,12,3,0,15,11,3,15,1,2,10,31,3,2,1,4,11,29,4,1,4,0,3,2,9,21,1,1,16,7,3,4,7,9,9,10,1,31,3,0,10,0,0,43,10,15,5,10,1,3,0,18,32,23,21,14,2,20,5,11,2,2,9,6,6,23,24,27,3,0,9,2,10,1,7,17,14,2,4,2,3,3,23,13,2,2,2,15,13,1,13,15,3,0,5,4,5,6,8,13
"1",23,2,0,2,19,1,12,11,2,7,2,26,35,3,10,1,9,1,13,34,4,42,25,7,3,2,2,5,62,4,1,3,2,6,26,3,19,20,2,9,0,3,4,20,12,2,1,2,18,3,10,6,1,11,0,3,1,19,2,8,1,13,0,1,2,7,15,31,20,20,2,35,3,2,5,1,1,8,9,10,7,7,10,0,8,13,1,4,0,5,0,15,10,13,38,0,10,2,8,17,11,1,10,1,2,24,0,0,10,0,0,37,12,7,4,0,2,4,3,0,1,4,9,0,6,12,6,6,12,2,2,0,1,11,2,12,0,21,4,16,1,2,2,14,1,0,15,5,10,17,9,1,4,28,7,24,4,6,1,3,8,1,7,9,0,6,6,11,2,7,0,6,0,3,0,35,23,4,24,0,0,1,3,1,23,67,4,6,17,10,11,1,2,4,14,14,3,4,18,9,4,5,13,1,8,1,0,4,20,16,28,11,1,1,46,0,5,2,2,4,13,3,2,23,25,1,21,4,1,6,24,5,5,4,1,8,8,9,0,0,0,0,4,7,18,5,0,9,5,6,1,9,6,2,8,0,23,18,1,4,3,0,45,4,14,2,8,2,1,2,27,33,23,20,5,0,23,1,6,4,2,8,8,9,33,9,31,1,3,6,1,3,1,6,5,30,1,6,4,5,5,16,12,0,1,0,10,15,1,21,19,2,1,1,9,2,24,8,13
"1",4,2,3,4,23,1,15,16,7,3,2,27,16,3,26,0,0,0,6,31,2,39,7,19,5,1,7,4,58,1,4,9,5,9,18,0,21,31,2,10,1,4,7,21,12,10,1,11,35,0,20,1,3,7,1,1,1,23,5,14,2,6,2,1,1,4,20,26,28,27,1,24,0,1,5,1,3,14,5,24,3,7,6,0,7,13,2,3,1,9,2,13,7,14,57,2,7,3,12,11,22,3,5,0,2,23,0,0,13,0,0,38,17,5,1,5,3,5,2,0,0,2,16,2,2,17,6,5,4,3,0,0,5,8,1,13,2,30,1,33,0,1,2,17,0,0,31,11,12,10,15,1,1,38,6,28,4,2,2,4,12,0,1,4,1,6,2,6,6,10,2,1,1,3,1,26,15,1,9,0,1,1,1,2,17,59,6,6,13,12,9,1,2,2,16,20,1,1,15,8,0,2,6,0,9,3,1,4,18,15,31,10,0,2,34,0,1,6,3,1,5,3,0,19,22,0,10,2,2,9,30,3,9,0,3,4,20,7,0,2,0,1,7,12,18,6,0,23,12,7,1,10,4,5,7,0,29,8,0,3,8,4,40,0,16,5,7,2,17,0,27,36,31,35,3,1,22,3,8,0,6,5,9,7,17,22,38,1,3,5,0,10,1,5,7,19,5,5,2,5,2,21,14,5,0,0,11,18,0,29,15,3,2,1,6,13,7,15,11
"1",15,1,1,2,28,1,12,16,9,5,1,29,13,10,6,4,5,0,10,29,0,19,12,17,2,3,11,2,44,4,1,7,1,8,20,0,33,33,3,9,1,7,4,22,14,6,1,9,22,0,26,1,0,8,3,0,1,20,1,10,0,9,4,0,3,1,17,22,29,19,0,39,5,1,7,3,1,16,10,19,6,9,15,1,10,9,2,3,0,11,4,17,19,7,39,0,12,6,19,12,17,6,11,1,2,38,4,0,14,1,1,36,18,7,1,3,0,14,0,1,0,3,16,1,1,23,8,13,8,7,7,2,3,19,0,6,1,13,1,21,1,6,2,18,0,0,21,4,2,6,12,2,1,27,12,16,3,3,1,0,10,0,5,8,2,0,1,10,3,5,0,6,0,1,1,29,18,0,25,2,1,0,3,6,29,63,2,9,13,7,11,2,5,1,14,21,1,1,16,6,0,2,14,0,9,1,0,7,16,6,30,9,2,1,37,0,2,2,1,3,11,2,1,19,16,2,18,0,4,14,29,5,3,1,0,11,13,8,0,3,2,0,4,16,20,3,0,17,16,6,4,15,3,6,6,0,25,9,1,3,1,0,34,5,17,14,10,4,5,0,30,34,21,14,12,2,13,3,8,4,4,9,1,8,18,15,54,1,2,4,1,4,1,7,15,22,2,6,4,3,4,34,11,5,1,2,5,15,1,18,13,1,3,1,10,10,6,9,16
"1",15,1,1,6,15,1,19,17,15,3,1,31,16,3,10,5,3,1,13,26,3,31,14,12,3,0,7,7,46,4,1,4,4,12,19,1,30,23,2,19,3,16,1,18,13,8,0,3,45,0,12,1,2,3,0,2,1,22,2,10,1,14,5,1,2,4,30,20,22,31,5,25,1,1,3,0,1,19,13,17,10,4,13,0,11,16,2,5,4,5,1,13,9,7,36,0,4,2,21,13,11,6,12,1,5,21,2,4,10,1,0,31,17,5,3,2,4,10,3,0,0,3,7,1,0,14,7,11,10,10,3,2,1,13,0,11,1,22,1,27,6,5,2,21,2,2,12,4,8,16,7,1,2,29,11,39,3,1,0,8,8,2,3,18,3,6,1,6,1,1,1,7,1,4,0,26,10,0,25,0,1,0,1,2,15,77,1,21,14,13,3,7,1,7,8,25,1,0,15,7,0,3,6,0,10,2,0,6,16,6,25,9,1,2,35,0,4,5,2,6,3,8,2,31,21,2,17,2,3,5,21,8,5,0,2,17,18,5,0,3,1,1,5,7,27,2,1,14,11,8,1,6,4,3,7,1,26,7,2,6,1,1,40,5,21,6,8,2,3,2,30,33,23,26,12,0,29,5,13,3,8,8,1,5,18,18,46,3,1,5,0,5,2,8,8,22,5,3,4,2,2,24,25,3,0,0,13,19,3,20,16,0,1,4,7,10,7,7,25
"1",14,2,2,4,30,1,19,21,12,6,2,33,19,3,21,2,7,0,15,16,4,30,21,17,2,1,7,10,50,0,1,7,2,8,30,1,20,30,6,17,1,0,2,13,10,6,0,8,23,0,18,1,1,11,0,1,3,31,2,10,1,13,3,1,3,3,21,35,28,20,2,29,0,1,10,2,0,18,10,16,7,3,8,1,10,14,2,7,4,15,5,11,14,3,29,1,7,3,16,10,9,5,11,2,2,29,2,2,11,3,0,22,21,6,3,0,1,13,4,0,0,6,10,0,0,11,11,12,10,1,3,2,5,8,4,17,2,28,0,22,0,0,6,8,1,1,27,9,7,10,7,4,1,26,7,28,9,7,3,1,6,1,12,16,3,4,5,8,4,7,0,9,1,3,1,20,18,1,24,3,3,1,2,2,26,66,1,4,17,4,4,1,5,5,19,22,3,3,20,9,3,3,8,0,2,3,0,8,13,9,31,13,0,2,38,2,2,4,2,1,8,4,0,18,28,0,22,2,2,7,15,2,2,0,1,15,14,7,1,3,1,0,5,15,22,9,0,19,10,12,1,3,11,5,5,1,26,9,4,6,3,2,35,8,15,5,12,3,4,1,24,30,20,11,10,4,24,3,8,1,9,7,8,3,32,23,47,0,5,4,3,6,2,8,15,27,5,2,4,6,4,26,11,1,2,2,18,16,0,14,22,1,0,7,11,10,4,5,11
"1",13,5,0,3,16,0,27,14,7,8,0,30,15,8,11,0,6,0,11,27,1,25,28,10,4,2,8,9,52,3,1,7,2,7,16,0,22,37,9,7,2,6,3,21,17,4,1,2,27,3,22,1,1,9,2,3,2,26,2,15,1,6,2,1,1,11,15,23,33,29,2,15,0,1,9,3,3,12,5,10,9,11,7,2,5,25,1,6,0,8,3,15,12,10,47,0,10,3,11,14,16,3,11,1,2,31,1,1,14,2,0,28,16,10,6,1,0,10,3,6,2,1,13,0,0,13,5,5,7,3,0,0,4,11,0,18,1,23,1,32,1,2,3,16,2,1,17,5,10,10,7,4,3,27,9,18,2,6,4,5,14,4,5,11,0,2,2,7,4,10,2,6,3,2,2,15,15,2,13,3,0,1,0,0,22,63,6,6,22,7,9,8,1,5,21,13,3,5,28,2,1,4,2,2,7,3,1,4,21,13,19,8,4,1,37,0,4,4,1,3,6,6,1,16,25,0,20,2,0,11,18,5,7,1,3,7,15,9,0,2,0,0,2,7,21,8,2,17,11,4,5,5,5,5,6,0,26,13,1,6,1,2,28,5,14,4,4,6,10,0,31,33,33,20,10,0,17,1,4,3,5,4,8,8,26,14,45,2,6,5,1,11,2,3,12,25,5,8,5,0,4,26,11,3,0,0,6,22,4,26,14,1,0,0,15,7,11,16,21
"1",23,11,0,1,26,0,17,13,5,3,0,14,25,8,22,5,6,0,9,30,1,31,15,13,3,1,5,9,38,1,1,5,4,5,18,0,16,22,6,14,6,7,3,20,16,7,2,3,26,3,27,1,4,8,2,1,3,27,4,10,1,13,3,1,3,4,15,22,23,29,0,38,1,2,4,0,0,20,13,24,6,8,9,0,5,19,2,5,5,15,5,6,15,7,43,0,15,5,11,25,6,5,5,2,1,23,0,0,17,3,0,43,14,12,5,2,3,5,2,0,0,4,7,0,5,17,4,9,4,5,2,2,3,15,5,15,5,21,1,24,0,1,7,9,0,1,15,3,20,8,13,3,1,14,8,32,5,9,1,7,6,1,4,6,5,2,5,3,6,2,1,10,0,1,0,17,16,4,26,1,0,1,2,2,23,57,4,6,8,6,4,4,8,4,19,14,0,3,18,8,1,5,6,0,20,2,0,5,19,15,26,15,1,1,32,1,1,2,5,2,7,2,2,28,18,1,15,2,3,7,27,1,1,1,0,10,22,12,0,2,2,3,1,2,21,2,0,16,9,8,3,5,10,7,11,0,15,10,0,2,2,4,37,6,10,1,5,4,5,1,30,29,18,16,8,2,19,5,12,1,2,8,5,10,16,10,41,2,2,6,2,6,2,10,8,28,2,7,7,3,2,30,12,2,1,0,11,20,0,20,16,3,1,1,3,12,9,11,13
"1",8,2,3,7,25,1,12,11,7,2,3,34,29,1,15,2,4,0,16,11,1,25,16,22,1,1,6,8,53,2,1,5,0,8,22,0,27,22,3,22,2,1,1,22,18,10,1,8,30,1,10,0,4,12,0,5,6,27,3,8,0,12,8,0,1,4,12,30,18,22,0,44,0,2,2,2,1,7,7,31,7,5,4,0,11,22,2,3,6,13,5,17,10,10,47,1,9,0,9,15,12,6,11,0,4,30,4,1,20,1,1,44,18,6,2,0,1,5,2,0,0,4,9,1,1,16,6,14,9,3,3,0,0,5,1,10,1,22,0,30,0,5,5,10,1,1,30,10,6,19,7,2,4,28,10,26,1,5,3,4,10,2,8,12,3,2,3,6,6,12,0,3,2,2,0,31,24,2,15,0,1,0,4,4,15,65,4,7,14,8,4,6,6,5,21,20,3,2,23,5,0,1,6,1,8,6,0,8,18,9,26,9,3,0,37,0,1,5,4,5,7,3,1,17,24,1,15,2,1,8,11,3,3,0,2,8,6,8,0,1,2,0,5,11,22,5,0,17,18,14,9,7,9,3,5,1,23,12,4,8,3,1,33,9,18,2,5,3,3,1,33,28,17,12,9,2,17,2,7,3,12,8,3,7,19,15,19,3,5,3,0,8,1,5,11,20,4,0,6,3,1,27,19,2,0,2,18,15,3,24,12,2,1,1,3,7,4,13,11
"1",14,4,0,2,19,0,17,7,3,2,0,21,15,10,14,1,2,1,20,14,2,26,18,7,1,0,6,2,42,6,1,3,0,4,13,3,23,23,3,20,3,13,4,18,17,8,0,6,36,2,13,0,6,8,0,3,1,29,2,5,0,13,2,0,1,2,22,24,21,19,2,25,2,4,6,0,1,18,8,14,3,5,23,2,6,25,0,4,2,6,2,19,12,10,41,0,7,5,8,18,16,3,6,0,6,22,1,0,19,1,0,35,17,1,2,3,0,8,1,0,0,1,9,0,3,28,2,3,6,5,3,2,5,16,3,10,0,14,0,23,2,2,5,10,3,0,20,5,14,8,5,1,0,24,8,17,0,5,4,5,7,3,7,12,5,6,5,10,5,2,0,5,1,2,0,20,26,3,17,0,1,0,3,3,32,83,3,2,14,5,7,5,1,2,17,20,5,4,17,6,3,4,3,0,13,3,1,6,22,9,34,12,1,1,52,0,7,10,2,8,8,0,0,19,17,1,23,0,3,12,23,1,4,4,1,12,15,8,1,4,0,0,5,13,8,6,1,20,6,7,3,6,3,7,4,1,29,4,3,3,3,0,41,10,15,1,8,8,12,0,27,47,10,25,9,0,25,5,7,2,8,8,7,5,25,13,42,3,8,7,2,9,0,8,16,23,4,7,4,5,3,20,17,1,0,3,15,13,2,22,19,0,0,1,8,8,12,9,11
"1",16,5,1,2,23,1,16,12,16,1,2,17,20,5,13,3,4,0,14,16,7,34,14,15,0,1,4,8,56,3,4,9,3,7,20,3,20,22,9,14,1,2,1,23,22,2,1,13,37,1,23,0,7,4,0,0,1,27,4,6,1,9,7,3,4,4,16,26,24,26,0,27,2,1,5,3,3,16,16,21,6,10,11,1,5,33,5,4,1,15,0,16,15,14,38,0,7,6,18,11,10,5,10,4,2,26,2,0,13,2,0,43,10,5,2,2,1,9,6,0,0,3,6,2,6,17,8,6,10,5,1,2,6,10,0,10,4,15,1,25,0,3,5,9,2,0,28,10,9,16,9,6,2,39,3,23,2,9,3,1,10,1,8,11,1,7,2,8,4,10,0,3,0,0,0,22,19,0,22,2,3,0,1,1,25,61,5,3,14,11,8,3,4,1,12,18,0,2,12,5,2,4,3,0,16,2,1,2,16,4,26,18,0,0,41,1,9,11,4,4,18,1,0,18,20,0,24,0,3,17,14,5,1,1,0,10,27,4,0,3,1,2,9,7,14,2,0,12,9,4,2,8,7,9,2,0,28,10,3,2,3,1,35,5,29,1,7,3,9,1,34,14,21,27,9,2,26,9,5,3,1,9,3,3,34,15,43,2,3,7,4,8,2,5,15,25,3,2,5,4,1,26,16,2,1,3,10,30,0,17,14,4,1,0,3,6,10,8,15
"1",15,2,1,7,18,2,13,17,8,1,0,24,17,5,13,3,2,1,18,18,2,28,11,11,2,0,6,18,49,2,0,4,2,12,20,1,28,14,4,16,0,9,4,24,6,6,2,17,26,0,27,0,0,3,6,4,2,15,0,10,1,16,5,0,1,4,10,19,20,16,1,27,1,1,9,3,2,14,7,21,7,4,23,1,8,20,1,4,1,10,3,11,10,6,38,0,12,2,19,12,12,5,8,3,1,31,5,3,11,3,1,30,19,5,2,1,1,7,5,2,1,3,4,1,0,21,5,7,2,10,1,1,4,16,2,14,0,27,0,22,0,2,4,15,0,0,14,3,13,10,7,7,1,19,6,18,3,4,2,2,11,1,11,12,0,9,1,8,3,6,1,1,1,1,0,22,18,2,17,0,0,0,0,3,22,44,6,6,16,9,6,2,3,3,14,18,0,4,19,5,2,4,4,0,7,1,2,0,22,10,16,14,5,2,37,3,4,4,4,3,11,1,0,14,24,1,23,1,4,11,34,4,2,1,4,20,19,12,2,4,1,0,1,11,17,12,0,26,8,4,9,10,2,10,4,1,29,5,0,8,0,0,43,4,24,2,6,7,7,0,24,48,21,22,6,2,20,1,5,3,8,5,9,7,26,19,40,2,5,8,4,7,2,7,12,28,0,6,6,2,2,19,15,1,0,2,18,18,2,23,18,2,0,0,6,6,16,6,18
"1",14,5,1,1,23,2,18,12,4,4,0,26,7,4,10,5,2,0,21,26,2,26,10,18,3,0,13,4,51,0,2,5,1,7,33,2,20,41,6,16,4,1,4,12,13,10,5,1,10,2,18,1,1,8,0,6,1,18,4,9,1,16,0,3,1,7,9,34,22,27,2,33,2,5,7,2,3,12,9,14,12,10,7,0,12,24,3,5,7,9,6,10,13,6,42,1,4,2,18,18,10,8,7,0,3,16,4,0,12,0,0,31,22,7,1,3,0,6,3,1,0,2,14,1,1,19,8,9,8,4,3,0,1,8,0,17,1,12,3,23,0,4,2,8,0,0,26,11,13,13,9,0,3,32,9,31,11,11,2,5,9,0,7,17,1,6,2,10,2,2,0,5,1,6,0,21,20,0,21,0,0,0,3,0,15,54,3,1,18,9,7,0,12,1,8,11,0,2,18,1,1,4,4,0,15,1,0,4,21,11,26,18,2,2,29,3,3,5,3,4,7,5,1,22,16,0,16,2,3,4,21,4,1,2,2,11,26,7,0,1,1,0,2,9,23,8,0,15,14,1,5,10,4,7,12,3,24,11,2,10,2,0,36,3,8,3,6,3,6,2,29,41,13,17,2,2,20,2,6,1,1,4,2,6,18,19,28,3,3,9,3,1,3,11,17,25,3,7,7,1,3,19,10,1,1,5,12,14,2,14,15,3,2,3,14,15,12,8,27
"1",22,1,1,6,26,0,17,26,16,3,0,28,19,3,18,4,2,0,16,27,2,28,22,12,2,2,10,3,41,3,0,5,2,15,15,1,26,19,6,6,4,4,3,15,24,9,2,3,33,3,22,8,2,4,0,2,3,33,2,9,0,14,3,0,3,2,19,27,30,19,2,34,2,3,1,2,1,12,13,23,7,11,4,2,10,19,3,3,0,8,1,15,16,4,46,1,5,3,18,18,19,5,11,0,3,36,2,1,22,5,0,34,25,1,0,3,2,9,4,0,0,12,11,0,1,20,8,8,10,4,2,0,2,14,1,10,1,18,0,22,0,4,2,12,1,0,15,4,8,8,10,0,2,19,6,11,8,4,0,3,8,1,7,10,2,7,2,14,1,5,1,7,0,3,1,23,19,3,25,1,1,0,2,2,27,60,7,3,17,6,4,2,5,1,17,17,1,1,16,6,0,1,9,1,5,7,0,4,33,9,33,8,1,3,50,0,3,5,2,3,5,7,0,16,24,0,32,1,4,11,19,6,3,4,1,11,14,10,0,4,0,1,7,10,13,5,0,14,21,8,6,11,1,2,6,0,20,16,2,8,2,2,26,2,11,5,9,2,11,0,29,28,22,24,8,4,26,3,7,1,8,11,4,4,31,13,29,1,5,9,1,7,1,13,18,24,5,6,4,4,4,18,17,3,0,1,14,19,2,16,16,2,0,2,2,11,9,7,22
"1",15,5,1,2,20,1,17,21,13,1,0,35,22,4,2,2,9,0,9,25,4,33,12,17,1,2,7,6,41,4,2,4,0,8,14,3,26,33,7,19,2,5,1,27,21,8,2,11,29,1,21,1,1,15,0,3,8,27,2,11,1,16,1,0,0,5,14,22,29,23,2,28,0,4,5,1,4,13,8,23,2,5,8,0,6,8,2,3,3,11,2,13,20,11,60,1,9,6,16,10,6,7,14,1,6,26,3,1,14,2,1,25,23,3,2,1,4,6,4,0,2,3,9,0,4,26,8,7,5,2,1,0,3,4,0,15,4,8,0,14,1,2,8,8,3,0,26,7,11,8,3,1,0,20,4,14,1,7,0,3,8,1,6,16,4,3,4,10,6,7,0,6,1,5,1,21,17,3,15,1,1,0,1,1,26,61,6,5,17,9,6,2,0,6,15,24,1,5,25,7,1,3,2,2,2,2,1,4,19,12,26,13,1,3,41,1,3,8,3,3,3,1,1,21,13,0,12,1,8,5,25,6,6,1,2,9,18,7,0,1,3,0,4,3,21,7,1,8,15,7,2,10,4,2,2,2,22,14,3,13,2,0,33,7,9,3,4,3,16,0,28,26,28,24,9,1,19,0,11,3,2,8,7,6,32,21,43,2,2,6,2,3,3,5,14,16,3,1,5,1,3,16,8,2,1,1,11,13,1,16,29,0,2,2,10,11,12,14,12
"1",22,4,0,3,22,0,15,29,6,2,4,22,21,4,11,2,5,3,16,23,0,35,15,11,1,1,11,6,54,0,5,1,1,9,16,1,27,26,9,12,2,5,7,25,14,11,0,4,26,3,21,1,2,7,2,2,1,28,4,10,1,12,2,0,3,3,23,24,32,31,1,27,0,4,3,0,1,9,11,22,3,2,1,2,10,26,3,2,6,5,2,9,7,2,36,2,5,4,11,13,9,2,8,0,1,23,1,0,10,2,0,33,14,6,4,1,0,3,7,0,0,3,13,0,2,22,3,7,1,1,3,2,3,8,0,16,0,16,1,29,0,5,4,14,4,1,18,4,16,6,5,1,3,15,5,32,3,3,1,6,7,1,5,12,3,10,8,3,1,6,0,7,1,1,1,24,23,0,15,1,0,0,1,0,29,68,6,2,19,8,10,4,7,1,11,11,0,0,16,4,1,3,6,1,11,2,2,1,29,7,25,9,2,0,24,1,6,3,5,3,6,6,1,19,22,2,15,1,7,3,26,3,3,1,3,11,15,8,0,4,0,0,2,9,14,6,1,14,23,3,2,11,3,10,2,0,27,6,0,3,3,1,41,5,19,1,6,4,13,0,26,29,17,22,12,0,26,3,7,3,7,5,6,11,21,19,44,1,4,4,2,8,0,9,25,23,4,4,4,1,2,27,12,2,0,2,14,21,2,13,22,1,0,0,6,12,8,7,18
"1",12,1,2,3,12,2,26,8,7,0,0,36,18,5,6,4,9,0,19,21,3,29,29,19,0,0,2,6,44,2,2,7,5,5,15,3,28,26,0,28,0,9,3,18,20,8,2,10,28,3,21,0,1,10,0,3,2,20,3,5,0,11,3,2,1,7,41,31,24,33,3,30,2,1,7,3,2,12,10,11,3,7,5,0,9,17,0,4,4,8,3,16,19,12,40,0,5,6,15,19,7,4,15,1,1,35,1,0,13,2,0,41,11,20,2,2,1,4,3,1,0,1,10,0,1,13,2,6,4,10,5,3,6,10,0,14,0,26,0,27,0,2,6,11,4,0,14,3,5,14,12,2,2,31,6,17,3,2,1,4,5,3,9,12,7,7,0,7,6,2,0,12,0,5,0,26,21,2,26,2,2,0,2,1,46,52,2,3,18,5,7,1,8,3,18,13,1,3,12,7,2,3,10,0,9,1,0,4,17,15,35,16,1,1,29,1,3,3,2,2,14,3,1,17,30,2,25,1,3,6,15,4,5,6,5,9,18,3,0,2,0,2,3,11,20,3,0,17,18,5,7,6,6,5,3,0,21,11,4,0,1,0,36,5,26,7,5,5,11,1,25,35,26,17,10,2,26,0,8,2,4,5,1,8,27,13,40,1,4,8,0,5,2,4,17,16,1,7,3,1,2,26,12,0,1,1,12,15,1,14,9,0,1,4,9,14,24,12,15
"1",16,3,2,6,16,0,15,11,13,0,0,35,28,8,12,4,4,1,12,13,3,34,21,22,0,1,3,6,32,2,0,8,5,7,36,1,20,26,3,8,1,7,4,18,11,10,2,4,22,3,28,1,1,7,1,3,4,24,2,11,0,21,2,1,1,3,14,27,29,35,3,29,2,7,10,0,0,14,10,13,6,5,6,0,10,17,2,3,2,5,1,15,9,10,41,0,3,3,18,21,8,5,11,2,5,29,0,0,13,3,1,17,13,7,1,3,0,1,8,0,0,2,11,0,0,12,1,6,7,5,2,1,3,9,0,18,1,23,1,31,2,3,3,9,3,2,16,4,15,9,6,3,3,22,3,27,1,2,1,6,8,1,5,10,3,3,1,13,4,2,0,3,2,4,2,31,12,5,18,0,0,1,5,2,31,49,4,4,20,5,14,2,10,0,18,19,1,4,14,2,0,3,4,1,13,1,1,4,19,9,25,16,0,2,43,1,2,3,10,3,9,8,0,17,21,3,9,1,6,10,18,5,5,2,2,10,26,7,0,4,0,0,2,12,28,2,3,13,17,5,0,6,5,10,7,1,29,17,2,3,0,0,32,3,21,4,8,2,9,0,37,26,17,20,15,0,17,2,6,5,2,5,7,3,28,17,42,4,1,1,0,1,2,5,16,23,2,7,7,2,4,26,12,7,1,2,8,11,0,18,17,2,0,4,9,9,11,4,14
"1",19,4,1,3,19,0,11,7,4,1,0,20,18,2,9,9,4,1,16,20,2,38,11,19,3,1,9,9,44,5,5,5,3,5,25,2,20,23,3,13,3,3,4,25,6,8,2,5,22,4,33,4,0,9,5,1,0,23,4,6,1,9,3,0,4,1,17,27,21,29,3,20,0,2,9,3,4,14,10,29,9,6,5,0,10,15,5,7,4,9,0,13,10,10,33,0,14,3,15,18,11,4,7,0,1,35,0,3,16,1,2,22,15,1,0,1,1,8,2,0,0,5,10,0,2,12,4,10,10,6,1,0,4,12,2,16,1,27,1,19,1,2,3,11,9,0,17,6,10,10,11,4,2,31,10,17,0,2,4,1,9,2,10,11,1,1,5,12,4,16,1,15,0,3,0,27,25,1,23,0,0,0,9,2,28,61,3,8,10,12,8,5,4,3,19,17,3,1,21,10,0,4,10,0,9,1,1,8,28,9,22,16,0,4,34,2,1,4,3,5,6,2,0,20,27,2,24,0,3,8,25,3,2,5,2,14,21,10,0,5,1,0,6,5,19,4,0,18,8,11,4,4,4,2,5,0,15,14,0,11,2,0,26,2,17,4,8,4,8,0,27,42,25,23,11,1,32,2,8,1,6,5,6,10,18,13,36,0,6,9,3,10,2,9,14,21,2,3,2,4,1,34,10,6,2,6,16,14,1,25,23,4,0,1,5,8,8,5,16
"1",22,2,1,2,26,2,29,17,3,1,1,36,16,8,18,1,5,1,3,23,2,28,19,12,2,1,7,2,67,4,2,7,1,9,17,0,15,23,4,20,3,4,2,17,16,10,1,13,33,2,29,1,1,3,1,2,0,23,3,5,0,12,7,1,1,6,16,16,33,17,4,23,2,1,3,1,1,13,12,13,7,4,15,2,6,20,0,1,3,18,1,12,13,8,50,0,6,4,23,7,7,2,6,0,1,32,1,0,10,2,0,21,16,4,0,4,2,5,7,0,1,4,13,2,0,18,10,7,11,4,2,0,1,7,0,18,1,18,0,32,0,6,8,4,3,0,14,1,12,14,7,2,3,16,9,9,4,5,3,7,7,2,5,7,3,3,1,7,4,5,0,3,3,3,0,37,21,2,18,2,0,0,0,2,26,72,1,3,16,6,7,1,12,6,20,13,0,1,26,7,3,5,1,0,15,0,2,3,13,6,21,12,0,3,44,0,7,0,4,2,12,3,0,21,19,1,18,3,2,12,16,4,7,0,0,15,17,7,1,3,1,3,3,8,25,10,0,16,11,9,4,7,7,5,4,1,30,18,0,6,3,0,35,7,18,8,5,3,5,0,35,41,19,12,13,0,24,1,4,2,5,3,8,10,12,18,32,1,4,10,2,10,2,5,22,22,2,5,1,4,1,22,17,2,3,4,22,11,2,17,12,1,0,2,8,7,8,11,7
"1",24,1,0,1,23,0,18,13,10,2,1,22,25,2,12,5,9,1,22,21,6,26,11,18,1,0,6,6,46,4,0,7,0,11,13,0,17,17,6,26,7,8,2,23,19,8,0,5,26,1,27,0,0,12,0,1,0,26,2,10,0,21,5,0,4,6,19,20,26,19,5,20,2,3,2,3,1,14,15,15,7,6,13,0,4,23,3,3,3,8,5,22,15,5,37,1,8,5,13,6,9,6,4,1,1,24,3,1,11,6,0,29,19,1,3,3,1,12,2,1,1,8,10,1,1,14,6,9,7,7,3,0,2,4,1,13,0,22,1,28,0,0,3,7,6,2,22,7,13,8,7,3,4,25,6,16,5,3,9,1,8,1,5,11,1,4,5,9,1,4,1,2,2,0,0,22,26,3,17,2,0,0,1,2,32,48,2,11,20,12,7,4,2,5,9,15,6,1,20,5,1,3,6,0,6,0,1,3,27,11,37,11,1,1,38,2,2,6,7,7,9,3,0,16,16,0,20,0,6,11,17,3,3,7,0,12,22,13,2,2,0,1,3,4,16,7,1,30,12,10,4,5,5,8,5,1,28,13,1,2,3,2,39,7,16,4,5,1,5,1,16,23,21,8,10,0,14,1,7,3,8,12,3,3,20,17,34,1,1,5,1,4,2,6,19,16,4,7,3,3,3,26,13,0,1,1,16,16,1,17,10,1,0,3,14,12,13,4,20
"1",20,5,0,2,22,3,16,11,5,1,0,26,21,8,12,1,7,1,13,20,1,27,20,20,0,0,8,4,46,2,3,4,2,8,15,0,30,33,2,16,6,5,3,19,14,5,0,10,25,1,17,2,0,5,3,3,1,31,2,8,2,9,9,2,2,4,13,24,27,35,1,29,0,2,3,0,0,12,9,18,6,3,12,1,4,27,2,0,3,11,7,10,10,12,42,0,6,2,15,14,13,0,3,1,5,28,6,0,7,5,0,27,18,1,4,3,0,4,3,1,1,1,12,0,3,13,1,6,6,2,3,0,1,14,0,10,4,26,0,21,5,2,3,5,4,1,34,12,10,17,11,2,1,27,12,20,5,6,2,3,15,2,8,9,3,5,4,14,4,4,0,1,2,1,0,17,15,3,14,2,2,1,6,2,18,37,5,14,12,11,7,2,2,4,13,16,2,1,28,4,2,2,5,3,13,5,0,2,17,6,20,11,3,2,49,0,2,7,2,3,10,0,0,19,25,0,20,3,7,11,24,3,5,1,1,12,17,10,0,3,1,1,3,9,33,9,0,15,10,3,3,5,5,1,6,3,26,8,4,3,0,3,31,6,21,4,5,2,6,0,33,35,20,15,9,1,13,2,9,1,7,3,2,12,23,16,30,1,6,5,1,6,0,8,18,16,4,7,2,3,2,35,20,0,2,1,7,15,3,22,14,1,0,2,6,14,14,5,23
"1",9,4,2,3,18,1,18,20,10,3,1,29,17,4,6,6,12,1,9,21,1,25,7,23,1,1,8,5,54,1,0,8,4,17,21,1,28,24,2,14,3,4,2,24,22,8,2,7,28,2,15,3,0,11,3,6,2,29,2,5,1,11,5,0,1,1,18,25,25,16,3,42,1,0,10,0,2,7,5,23,6,1,8,0,8,24,2,3,5,9,1,6,14,5,44,1,8,1,11,14,14,6,6,0,3,28,3,0,13,2,0,29,19,7,2,1,0,10,3,1,0,2,10,1,1,16,7,7,4,3,1,3,2,10,2,15,8,18,1,22,1,6,4,10,5,2,22,7,11,13,11,2,2,30,8,30,6,4,2,8,12,1,5,17,2,0,2,12,1,4,0,2,0,0,0,28,15,2,9,0,1,0,1,3,28,59,0,6,17,12,6,4,8,2,18,23,1,2,15,3,2,2,6,0,11,2,0,9,21,10,37,5,5,2,50,0,3,5,11,1,10,4,0,16,21,0,25,0,4,7,20,2,2,1,1,12,18,5,1,2,3,2,3,9,14,9,0,22,18,4,4,8,6,10,6,1,26,11,3,3,3,2,29,8,25,2,15,6,9,0,29,34,12,16,17,2,23,1,4,1,10,15,4,9,31,16,26,2,2,8,3,6,1,11,15,20,3,3,6,0,2,19,10,2,0,0,12,19,2,12,13,1,0,5,8,8,10,13,21
"1",10,6,4,4,24,2,14,9,10,2,3,38,20,3,4,4,7,0,12,26,3,38,17,15,1,0,17,8,55,4,1,13,4,5,34,1,27,17,3,14,1,4,2,32,23,5,1,3,29,3,24,2,0,4,1,4,0,34,3,9,0,10,7,0,2,6,12,31,23,20,2,27,1,4,6,3,0,13,14,21,8,7,16,2,7,7,1,0,1,10,3,6,14,11,47,0,7,2,20,13,6,4,10,5,8,23,1,0,13,2,0,36,11,3,1,1,1,6,2,2,5,4,10,2,1,13,10,4,7,2,0,0,2,11,2,13,1,12,0,24,0,3,6,12,2,0,21,6,10,12,11,0,5,16,8,34,5,8,1,2,21,1,7,3,0,0,1,8,2,5,0,5,0,1,0,30,24,6,13,1,1,2,3,5,25,67,7,12,15,9,9,4,5,5,16,25,0,3,20,6,1,4,6,2,21,2,0,2,20,8,28,10,0,2,35,0,1,6,1,7,9,3,0,16,16,1,17,1,3,3,26,6,2,2,1,17,21,8,1,3,3,1,3,7,25,6,0,29,15,9,3,7,3,2,9,1,22,14,0,8,3,0,35,1,33,3,5,3,2,1,21,40,16,19,10,2,12,6,4,5,4,10,14,5,25,22,31,5,5,7,1,2,3,5,16,31,2,5,5,2,4,29,8,0,0,4,8,23,1,12,17,0,0,3,6,3,11,13,10
"1",10,1,1,5,29,0,17,14,5,2,2,26,15,4,16,1,8,1,7,23,3,30,23,15,0,0,11,3,49,6,1,11,1,7,28,1,23,29,3,21,4,5,4,18,19,4,4,3,35,3,32,1,0,9,2,0,2,18,2,4,1,17,9,4,1,1,31,24,27,14,3,38,1,3,8,0,2,13,6,10,4,4,3,2,17,17,3,5,0,8,0,13,11,10,38,0,9,3,16,14,13,2,8,1,1,23,3,0,14,1,0,33,14,5,3,0,0,4,1,1,0,3,3,2,0,20,9,14,7,3,3,0,0,12,1,9,6,20,0,28,1,2,5,16,4,0,23,6,14,9,10,4,1,23,6,25,2,6,2,5,10,0,8,14,0,2,6,15,2,7,0,7,1,3,0,23,14,2,33,0,1,1,4,5,32,55,9,9,15,11,1,3,5,2,18,11,4,0,18,8,0,4,8,0,11,0,0,5,19,20,29,13,0,3,40,0,6,7,2,4,5,8,0,29,21,1,31,1,3,9,23,2,5,2,1,12,21,9,0,8,0,0,4,8,28,9,0,17,17,6,3,7,4,4,8,2,20,14,4,5,1,1,39,2,16,4,9,2,7,1,25,35,17,28,7,1,15,3,7,3,6,6,16,6,35,22,36,2,0,5,0,8,2,8,15,34,3,2,5,1,3,16,18,0,1,1,12,14,2,18,20,3,1,2,6,8,7,6,15
"1",23,3,1,5,21,2,8,10,17,4,2,20,19,1,17,2,7,0,15,27,0,21,17,17,5,0,7,11,38,2,0,10,2,4,25,3,24,35,0,17,1,6,5,21,10,7,0,10,27,1,18,6,1,2,5,0,0,26,0,7,4,11,2,2,2,5,22,25,20,26,1,27,1,0,9,2,4,20,8,20,4,2,13,1,9,18,0,8,2,7,3,24,14,11,35,0,14,6,17,13,9,8,4,2,0,22,3,1,12,2,1,30,26,8,2,4,0,2,6,2,0,6,8,2,1,26,4,12,8,5,2,1,2,12,1,12,1,14,2,20,3,0,5,12,2,0,19,5,15,14,17,3,2,28,6,22,1,5,3,3,13,1,4,6,1,3,3,7,4,6,1,4,0,2,0,18,23,5,14,1,1,0,2,1,13,45,10,4,17,6,4,6,4,1,20,15,1,4,15,6,3,5,9,0,12,0,1,1,17,7,34,14,0,4,47,0,4,14,4,1,10,6,0,14,20,2,20,4,11,13,21,5,3,3,2,12,24,20,2,3,1,0,3,11,18,1,1,14,15,5,6,16,9,4,5,1,24,18,4,4,4,1,25,8,14,1,8,5,13,1,28,30,16,16,9,5,13,2,6,3,3,8,9,5,16,14,35,2,6,4,1,9,1,5,13,28,3,1,2,2,3,38,7,0,0,2,15,11,2,14,16,3,0,1,19,13,9,9,21
"1",23,5,3,4,27,0,22,18,10,1,2,30,21,0,15,3,6,0,12,34,1,14,12,15,2,0,12,7,38,1,4,7,2,4,22,1,22,22,2,25,2,7,4,19,13,7,2,5,28,0,21,0,2,8,1,3,0,19,1,4,1,12,5,0,2,6,20,29,31,25,2,20,1,1,6,0,0,7,5,13,4,7,8,0,9,13,3,0,2,11,1,13,13,13,39,2,10,4,24,18,11,4,4,0,3,22,4,0,10,0,1,30,20,7,1,1,0,10,4,0,1,5,12,0,2,12,13,8,14,6,4,2,2,10,0,12,1,17,0,27,2,5,1,5,3,0,16,12,5,10,9,1,4,20,2,30,7,0,2,1,5,2,13,9,1,8,4,7,4,2,0,3,0,4,0,22,19,1,9,0,1,1,3,1,25,44,8,6,13,8,9,2,4,3,22,20,1,3,20,13,2,8,5,1,4,2,0,3,22,13,33,21,2,0,31,2,1,8,5,5,8,1,3,22,16,5,17,1,8,12,23,2,7,7,0,14,15,4,1,4,3,0,2,6,17,1,0,16,5,7,1,9,8,3,9,2,27,6,1,7,4,0,32,1,6,1,6,4,9,4,24,28,14,15,13,0,6,8,6,1,9,3,6,4,26,17,43,2,10,7,1,6,1,3,11,15,4,5,2,2,3,26,18,2,2,4,22,14,0,14,15,2,0,3,7,7,9,7,20
"1",18,3,4,2,34,0,13,23,7,1,0,25,30,9,8,2,7,1,15,29,1,16,16,18,0,0,13,9,61,1,3,2,2,5,23,1,33,19,3,5,2,3,3,36,21,13,1,9,36,4,18,0,5,16,1,4,3,26,7,10,1,14,3,1,2,2,15,26,12,28,1,49,2,3,15,3,6,16,1,20,11,8,10,0,10,22,2,1,1,9,1,14,8,11,50,0,4,4,17,12,7,5,15,3,4,41,0,0,15,0,0,29,15,4,0,2,1,10,3,1,2,3,8,1,4,11,11,10,5,4,2,4,6,16,1,13,4,17,2,17,1,1,2,11,1,0,24,4,19,14,6,0,4,14,5,27,1,7,1,7,6,2,3,7,0,2,4,8,6,3,0,3,1,5,0,26,22,1,30,2,1,1,1,5,14,51,10,5,12,9,7,2,1,2,23,20,0,0,20,3,0,3,7,1,6,0,0,6,23,4,31,5,0,2,30,0,3,7,2,2,6,3,3,8,15,5,21,1,6,4,22,3,5,1,2,16,17,7,2,1,2,1,3,16,17,6,0,19,10,5,3,10,1,8,1,2,20,8,2,8,3,1,29,2,18,3,8,3,7,0,25,34,14,19,13,1,28,1,14,5,9,3,15,5,27,15,49,0,7,5,0,3,0,7,11,23,3,6,4,1,0,20,11,1,1,1,17,14,3,14,7,3,0,4,12,2,8,11,13
"1",14,4,1,2,24,0,20,19,4,5,1,21,20,4,14,2,4,2,11,34,1,22,17,21,1,3,7,3,45,3,3,5,4,7,28,1,28,31,8,9,2,6,4,26,16,5,2,11,24,2,17,1,0,8,0,6,7,28,0,6,0,9,2,1,2,6,24,25,17,30,3,37,1,2,3,1,0,8,5,13,6,7,11,2,10,26,3,1,5,15,2,14,7,11,36,2,9,4,16,12,16,4,11,0,1,33,1,0,12,1,1,30,12,7,1,1,1,4,7,0,0,0,9,1,0,17,5,6,9,9,7,0,1,9,2,12,3,24,1,30,0,5,1,12,2,1,24,6,8,19,11,5,2,25,5,25,5,6,2,4,10,0,5,9,0,8,3,8,7,4,1,4,0,4,2,27,12,2,18,0,1,0,0,3,22,61,3,7,12,14,4,0,2,5,13,8,1,2,29,4,1,3,1,0,20,3,0,12,19,14,34,10,0,1,34,2,5,11,3,4,8,5,2,15,12,1,18,0,1,8,22,4,6,3,4,15,24,9,0,4,1,0,6,4,28,4,1,17,9,6,7,14,3,3,5,1,18,14,1,4,1,2,31,3,18,0,13,4,17,1,29,31,25,19,8,1,21,5,9,2,7,6,9,7,22,14,28,1,2,5,2,2,2,4,17,23,3,2,8,2,1,25,11,3,2,3,8,22,1,21,21,0,0,0,15,5,15,5,19
"1",16,3,2,5,25,2,17,18,2,1,2,26,17,3,11,0,9,0,5,29,3,28,23,15,0,0,8,11,40,3,0,3,2,15,28,5,22,28,8,12,0,11,1,26,16,10,3,5,40,1,26,3,0,4,0,0,4,25,3,11,0,11,2,1,1,4,25,28,20,25,0,45,0,1,6,1,4,22,7,22,8,16,12,2,10,13,4,4,3,7,1,14,9,7,40,0,5,1,11,16,5,5,6,0,2,25,2,0,13,3,0,28,23,11,6,2,0,7,8,2,3,3,13,0,1,14,11,8,8,8,4,1,5,5,0,14,1,26,1,30,0,0,3,15,1,1,24,7,5,18,18,0,3,27,6,34,0,5,5,2,10,0,9,10,0,7,1,3,1,4,0,9,0,3,0,27,7,2,15,1,0,0,4,0,21,60,3,9,19,11,5,2,4,1,21,20,1,2,16,1,1,4,3,0,7,2,0,4,25,9,20,11,1,2,34,4,6,0,7,4,6,0,0,18,26,1,20,3,10,5,27,3,5,4,2,10,20,7,2,6,7,4,3,8,20,5,0,9,10,5,4,7,14,1,9,0,24,9,3,7,3,2,36,7,16,4,6,4,4,0,24,32,23,25,15,0,23,3,6,3,9,6,9,5,24,15,43,0,4,6,9,4,1,7,23,18,0,8,2,1,1,21,15,0,5,2,14,21,2,20,16,3,0,1,15,6,25,5,13
"1",8,4,1,7,19,0,16,19,7,1,0,38,13,4,10,2,4,0,12,20,4,34,20,19,3,0,12,3,59,3,2,4,2,9,13,0,28,29,7,12,4,10,5,18,11,8,3,7,17,0,18,2,4,6,3,2,0,20,4,11,0,12,5,2,0,1,18,26,11,22,2,30,0,4,2,0,1,8,4,22,4,5,12,2,6,27,7,1,1,5,0,15,10,12,26,0,7,2,14,12,13,7,11,1,7,28,0,1,11,1,0,33,22,10,1,3,1,3,2,0,0,3,14,3,1,22,3,9,10,4,1,2,2,6,1,13,3,12,2,37,3,4,13,9,1,3,27,5,13,18,10,2,2,25,15,20,0,3,1,4,8,1,8,8,0,1,0,7,3,5,0,5,2,2,3,33,22,3,14,1,0,0,1,2,30,53,5,7,16,6,7,3,8,2,14,13,0,2,12,9,1,2,2,0,13,1,2,5,22,2,21,9,0,3,42,2,3,4,3,7,3,3,0,21,22,0,21,1,7,4,16,3,3,2,2,8,12,10,0,4,1,4,8,2,27,3,1,20,13,10,1,11,2,2,7,2,18,5,3,10,3,2,31,3,21,2,9,3,12,0,31,31,28,20,6,1,14,4,7,4,15,4,2,10,24,17,49,0,3,8,5,4,0,4,9,15,2,3,4,2,2,35,15,0,1,0,15,18,0,19,12,0,4,0,5,14,16,10,19
"1",17,3,1,4,11,1,23,13,12,2,0,27,22,3,14,6,4,0,8,24,0,21,15,15,2,1,1,8,54,1,5,3,4,5,15,0,16,30,3,13,1,7,5,29,12,8,1,13,25,5,26,1,5,10,6,2,2,18,3,7,0,16,6,0,1,3,13,31,21,26,1,20,0,1,10,2,5,8,6,16,4,2,16,1,4,15,4,5,6,13,2,22,12,8,30,2,6,5,18,11,8,2,6,1,2,29,1,0,16,2,1,29,13,8,3,7,3,3,3,0,2,4,16,1,4,16,7,8,6,4,2,1,4,4,1,15,3,19,0,23,2,0,8,17,0,1,26,2,11,17,3,2,7,22,4,20,7,10,4,3,2,1,8,10,0,6,4,10,4,8,1,5,1,0,0,19,28,4,21,1,0,0,4,2,27,71,8,7,20,15,8,0,5,2,16,13,0,4,18,8,0,3,2,0,6,1,2,2,27,10,37,11,1,5,33,1,5,6,2,2,9,2,2,16,21,2,17,0,5,7,20,1,2,2,2,20,20,8,1,4,0,0,4,3,23,7,1,19,12,15,1,7,0,5,6,1,22,17,4,8,4,1,32,4,27,2,6,5,8,0,23,24,15,12,10,3,18,3,6,2,5,6,6,4,28,19,26,1,7,7,1,4,3,6,18,24,2,6,3,2,5,19,8,2,2,1,15,16,0,23,20,0,1,2,8,9,15,11,9
"1",16,2,1,6,16,1,17,14,7,1,1,24,23,5,19,2,3,0,11,22,4,19,23,9,2,0,6,8,41,1,5,7,1,9,18,0,26,32,9,22,0,4,5,22,8,5,4,14,26,2,13,0,1,14,4,2,1,22,5,4,5,14,5,2,2,2,22,23,24,26,0,31,4,3,15,1,2,9,6,26,5,5,15,0,14,16,3,1,0,10,4,5,13,7,43,0,7,3,20,20,11,5,8,4,0,24,0,0,16,4,0,49,14,4,2,3,1,5,6,0,1,4,6,1,1,15,6,6,6,2,2,0,2,13,1,8,1,25,0,27,4,2,5,13,0,1,15,3,16,15,21,2,4,24,8,17,6,2,4,5,9,0,8,21,3,2,4,8,3,8,0,6,0,1,0,22,15,1,15,0,2,2,3,3,28,53,4,3,12,8,6,4,3,3,15,21,1,1,13,5,2,1,3,0,8,1,0,7,25,9,28,16,0,4,33,0,4,7,2,5,9,4,0,20,18,1,18,0,6,8,30,4,1,2,0,7,16,10,0,2,1,0,10,6,19,6,0,9,14,5,4,7,11,7,0,0,27,13,1,6,4,0,41,3,12,1,9,0,1,0,15,25,18,18,13,2,14,3,16,5,7,6,7,10,28,19,46,0,3,9,2,5,2,9,18,20,3,4,4,9,6,19,14,9,0,4,11,21,1,15,19,1,2,1,6,14,6,11,7
"1",14,2,1,2,26,0,26,26,4,1,1,32,15,6,14,3,6,1,12,24,2,29,26,18,0,1,5,8,50,7,3,3,2,7,21,4,15,19,7,25,2,3,1,17,11,3,3,7,30,1,18,2,5,8,2,4,0,28,4,12,6,11,4,1,6,3,24,27,21,19,0,34,1,4,6,1,5,11,13,12,5,4,8,0,4,23,2,2,1,6,5,20,12,11,35,2,4,3,13,14,16,2,5,1,1,27,1,0,16,2,0,26,12,7,2,2,0,4,1,0,3,4,12,0,3,19,5,5,9,6,2,1,2,9,6,39,3,33,0,25,2,3,2,17,1,1,13,11,10,11,4,1,2,35,5,32,1,6,1,1,11,1,5,12,2,3,2,5,9,4,1,1,3,1,3,26,23,4,18,3,0,0,3,1,25,67,4,1,23,6,9,1,5,4,15,18,3,2,26,4,0,4,7,0,10,4,3,3,22,3,22,16,1,1,40,2,8,8,2,3,5,5,0,18,26,1,19,5,3,9,16,2,2,2,3,12,16,7,1,3,0,0,7,5,15,7,1,33,9,8,4,6,7,9,8,0,28,14,2,5,6,2,37,8,17,5,10,1,3,1,28,47,26,12,14,2,15,4,12,2,6,5,3,7,24,26,41,2,0,9,0,3,1,12,14,31,4,5,2,4,6,15,17,1,1,1,18,10,1,28,19,2,0,1,8,16,16,4,9
"1",15,1,3,0,19,0,18,17,11,1,2,23,15,3,7,4,13,2,12,25,2,28,10,19,1,2,11,6,51,6,3,3,0,12,33,2,26,30,8,21,3,5,3,16,9,7,3,15,19,2,24,1,3,15,1,6,0,39,1,6,3,11,6,2,0,2,17,26,16,31,1,30,0,4,4,0,3,14,12,26,6,10,14,1,10,24,2,2,1,9,1,16,13,7,42,3,15,2,12,10,10,4,6,0,3,30,4,2,8,3,0,39,19,13,1,4,2,5,4,0,1,0,5,0,3,11,5,5,7,5,1,3,3,4,1,15,0,32,1,25,1,5,5,14,0,7,24,7,14,4,9,5,2,20,13,19,6,5,2,12,9,3,4,16,0,2,2,8,8,7,2,4,1,2,1,16,17,3,14,1,0,0,2,1,17,52,7,7,18,11,9,2,1,1,27,19,2,0,22,5,1,3,10,0,20,5,0,1,17,7,38,13,1,2,37,5,2,9,0,2,12,0,2,30,15,2,21,4,7,10,25,7,4,3,2,19,18,19,0,2,0,1,1,4,15,2,1,27,7,3,1,8,6,9,6,0,45,12,1,3,7,2,34,5,26,7,6,3,4,0,20,32,11,14,14,0,22,2,6,1,9,3,12,9,30,17,33,1,4,4,2,2,5,9,15,21,3,5,5,2,2,12,10,5,2,2,15,19,0,9,22,2,0,3,6,9,9,1,5
